"Plot Title:  20381834"
"#","Date Time, GMT-04:00","Temp, °C (LGR S/N: 20381834, SEN S/N: 20381834, LBL: temp_C)","RH, % (LGR S/N: 20381834, SEN S/N: 20381834, LBL: RH_pct)","Coupler Detached (LGR S/N: 20381834)","Coupler Attached (LGR S/N: 20381834)","Host Connected (LGR S/N: 20381834)","Stopped (LGR S/N: 20381834)","End Of File (LGR S/N: 20381834)"
1,06/07/19 10:00:00 AM,26.867,96.035,Logged,,,,
2,06/07/19 10:05:00 AM,26.378,96.611,,,,,
3,06/07/19 10:10:00 AM,26.012,97.081,,,,,
4,06/07/19 10:15:00 AM,25.598,97.456,,,,,
5,06/07/19 10:20:00 AM,25.307,97.834,,,,,
6,06/07/19 10:25:00 AM,25.210,98.128,,,,,
7,06/07/19 10:30:00 AM,25.186,98.335,,,,,
8,06/07/19 10:35:00 AM,25.162,98.488,,,,,
9,06/07/19 10:40:00 AM,25.186,98.601,,,,,
10,06/07/19 10:45:00 AM,25.283,98.679,,,,,
11,06/07/19 10:50:00 AM,25.331,98.745,,,,,
12,06/07/19 10:55:00 AM,25.404,98.818,,,,,
13,06/07/19 11:00:00 AM,25.598,98.869,,,,,
14,06/07/19 11:05:00 AM,25.817,98.874,,,,,
15,06/07/19 11:10:00 AM,25.963,98.806,,,,,
16,06/07/19 11:15:00 AM,26.061,98.805,,,,,
17,06/07/19 11:20:00 AM,25.939,98.826,,,,,
18,06/07/19 11:25:00 AM,25.841,98.987,,,,,
19,06/07/19 11:30:00 AM,25.866,99.100,,,,,
20,06/07/19 11:35:00 AM,26.134,99.144,,,,,
21,06/07/19 11:40:00 AM,26.280,99.076,,,,,
22,06/07/19 11:45:00 AM,26.134,99.117,,,,,
23,06/07/19 11:50:00 AM,25.768,99.286,,,,,
24,06/07/19 11:55:00 AM,25.477,99.474,,,,,
25,06/07/19 12:00:00 PM,25.428,99.593,,,,,
26,06/07/19 12:05:00 PM,25.404,99.666,,,,,
27,06/07/19 12:10:00 PM,25.331,99.726,,,,,
28,06/07/19 12:15:00 PM,25.307,99.772,,,,,
29,06/07/19 12:20:00 PM,25.258,99.839,,,,,
30,06/07/19 12:25:00 PM,24.968,99.919,,,,,
31,06/07/19 12:30:00 PM,24.532,100.000,,,,,
32,06/07/19 12:35:00 PM,24.050,100.000,,,,,
33,06/07/19 12:40:00 PM,23.665,100.000,,,,,
34,06/07/19 12:45:00 PM,23.400,100.000,,,,,
35,06/07/19 12:50:00 PM,23.208,100.000,,,,,
36,06/07/19 12:55:00 PM,23.160,100.000,,,,,
37,06/07/19 01:00:00 PM,23.136,100.000,,,,,
38,06/07/19 01:05:00 PM,23.232,100.000,,,,,
39,06/07/19 01:10:00 PM,23.304,100.000,,,,,
40,06/07/19 01:15:00 PM,23.424,100.000,,,,,
41,06/07/19 01:20:00 PM,23.689,100.000,,,,,
42,06/07/19 01:25:00 PM,24.002,100.000,,,,,
43,06/07/19 01:30:00 PM,24.484,100.000,,,,,
44,06/07/19 01:35:00 PM,24.436,100.000,,,,,
45,06/07/19 01:40:00 PM,24.363,100.000,,,,,
46,06/07/19 01:45:00 PM,24.436,100.000,,,,,
47,06/07/19 01:50:00 PM,24.629,100.000,,,,,
48,06/07/19 01:55:00 PM,24.653,100.000,,,,,
49,06/07/19 02:00:00 PM,24.629,100.000,,,,,
50,06/07/19 02:05:00 PM,24.847,100.000,,,,,
51,06/07/19 02:10:00 PM,25.453,100.000,,,,,
52,06/07/19 02:15:00 PM,26.182,100.000,,,,,
53,06/07/19 02:20:00 PM,26.867,100.000,,,,,
54,06/07/19 02:25:00 PM,27.087,100.000,,,,,
55,06/07/19 02:30:00 PM,27.186,100.000,,,,,
56,06/07/19 02:35:00 PM,27.186,100.000,,,,,
57,06/07/19 02:40:00 PM,27.112,100.000,,,,,
58,06/07/19 02:45:00 PM,26.867,100.000,,,,,
59,06/07/19 02:50:00 PM,26.769,100.000,,,,,
60,06/07/19 02:55:00 PM,26.769,100.000,,,,,
61,06/07/19 03:00:00 PM,26.622,100.000,,,,,
62,06/07/19 03:05:00 PM,26.573,100.000,,,,,
63,06/07/19 03:10:00 PM,26.622,100.000,,,,,
64,06/07/19 03:15:00 PM,26.769,100.000,,,,,
65,06/07/19 03:20:00 PM,26.916,100.000,,,,,
66,06/07/19 03:25:00 PM,27.481,100.000,,,,,
67,06/07/19 03:30:00 PM,27.702,100.000,,,,,
68,06/07/19 03:35:00 PM,27.727,100.000,,,,,
69,06/07/19 03:40:00 PM,27.899,100.000,,,,,
70,06/07/19 03:45:00 PM,27.850,100.000,,,,,
71,06/07/19 03:50:00 PM,27.899,99.960,,,,,
72,06/07/19 03:55:00 PM,27.998,99.960,,,,,
73,06/07/19 04:00:00 PM,27.949,99.973,,,,,
74,06/07/19 04:05:00 PM,27.924,100.000,,,,,
75,06/07/19 04:10:00 PM,27.998,100.000,,,,,
76,06/07/19 04:15:00 PM,28.023,99.993,,,,,
77,06/07/19 04:20:00 PM,27.801,100.000,,,,,
78,06/07/19 04:25:00 PM,27.653,100.000,,,,,
79,06/07/19 04:30:00 PM,27.259,100.000,,,,,
80,06/07/19 04:35:00 PM,27.112,100.000,,,,,
81,06/07/19 04:40:00 PM,27.333,100.000,,,,,
82,06/07/19 04:45:00 PM,27.407,100.000,,,,,
83,06/07/19 04:50:00 PM,27.431,100.000,,,,,
84,06/07/19 04:55:00 PM,27.801,100.000,,,,,
85,06/07/19 05:00:00 PM,27.702,100.000,,,,,
86,06/07/19 05:05:00 PM,27.431,100.000,,,,,
87,06/07/19 05:10:00 PM,27.210,100.000,,,,,
88,06/07/19 05:15:00 PM,27.014,100.000,,,,,
89,06/07/19 05:20:00 PM,26.916,100.000,,,,,
90,06/07/19 05:25:00 PM,26.867,100.000,,,,,
91,06/07/19 05:30:00 PM,26.818,100.000,,,,,
92,06/07/19 05:35:00 PM,26.769,100.000,,,,,
93,06/07/19 05:40:00 PM,26.720,100.000,,,,,
94,06/07/19 05:45:00 PM,26.720,100.000,,,,,
95,06/07/19 05:50:00 PM,26.671,100.000,,,,,
96,06/07/19 05:55:00 PM,26.695,100.000,,,,,
97,06/07/19 06:00:00 PM,26.695,100.000,,,,,
98,06/07/19 06:05:00 PM,26.671,100.000,,,,,
99,06/07/19 06:10:00 PM,26.622,100.000,,,,,
100,06/07/19 06:15:00 PM,26.549,100.000,,,,,
101,06/07/19 06:20:00 PM,26.475,100.000,,,,,
102,06/07/19 06:25:00 PM,26.426,100.000,,,,,
103,06/07/19 06:30:00 PM,26.329,100.000,,,,,
104,06/07/19 06:35:00 PM,26.280,100.000,,,,,
105,06/07/19 06:40:00 PM,26.207,100.000,,,,,
106,06/07/19 06:45:00 PM,26.158,100.000,,,,,
107,06/07/19 06:50:00 PM,26.134,100.000,,,,,
108,06/07/19 06:55:00 PM,26.036,100.000,,,,,
109,06/07/19 07:00:00 PM,25.987,100.000,,,,,
110,06/07/19 07:05:00 PM,26.061,100.000,,,,,
111,06/07/19 07:10:00 PM,26.134,100.000,,,,,
112,06/07/19 07:15:00 PM,26.134,100.000,,,,,
113,06/07/19 07:20:00 PM,26.158,100.000,,,,,
114,06/07/19 07:25:00 PM,26.134,100.000,,,,,
115,06/07/19 07:30:00 PM,26.134,100.000,,,,,
116,06/07/19 07:35:00 PM,26.109,100.000,,,,,
117,06/07/19 07:40:00 PM,26.085,100.000,,,,,
118,06/07/19 07:45:00 PM,26.061,100.000,,,,,
119,06/07/19 07:50:00 PM,25.987,100.000,,,,,
120,06/07/19 07:55:00 PM,25.963,100.000,,,,,
121,06/07/19 08:00:00 PM,25.939,100.000,,,,,
122,06/07/19 08:05:00 PM,25.890,100.000,,,,,
123,06/07/19 08:10:00 PM,25.841,100.000,,,,,
124,06/07/19 08:15:00 PM,25.768,100.000,,,,,
125,06/07/19 08:20:00 PM,25.695,100.000,,,,,
126,06/07/19 08:25:00 PM,25.647,100.000,,,,,
127,06/07/19 08:30:00 PM,25.574,100.000,,,,,
128,06/07/19 08:35:00 PM,25.453,100.000,,,,,
129,06/07/19 08:40:00 PM,25.258,100.000,,,,,
130,06/07/19 08:45:00 PM,25.137,100.000,,,,,
131,06/07/19 08:50:00 PM,25.016,100.000,,,,,
132,06/07/19 08:55:00 PM,24.871,100.000,,,,,
133,06/07/19 09:00:00 PM,24.629,100.000,,,,,
134,06/07/19 09:05:00 PM,24.460,100.000,,,,,
135,06/07/19 09:10:00 PM,24.363,100.000,,,,,
136,06/07/19 09:15:00 PM,24.195,100.000,,,,,
137,06/07/19 09:20:00 PM,24.050,100.000,,,,,
138,06/07/19 09:25:00 PM,23.954,100.000,,,,,
139,06/07/19 09:30:00 PM,23.857,100.000,,,,,
140,06/07/19 09:35:00 PM,23.809,100.000,,,,,
141,06/07/19 09:40:00 PM,23.737,100.000,,,,,
142,06/07/19 09:45:00 PM,23.665,100.000,,,,,
143,06/07/19 09:50:00 PM,23.593,100.000,,,,,
144,06/07/19 09:55:00 PM,23.545,100.000,,,,,
145,06/07/19 10:00:00 PM,23.472,100.000,,,,,
146,06/07/19 10:05:00 PM,23.424,100.000,,,,,
147,06/07/19 10:10:00 PM,23.424,100.000,,,,,
148,06/07/19 10:15:00 PM,23.376,100.000,,,,,
149,06/07/19 10:20:00 PM,23.400,100.000,,,,,
150,06/07/19 10:25:00 PM,23.400,100.000,,,,,
151,06/07/19 10:30:00 PM,23.400,100.000,,,,,
152,06/07/19 10:35:00 PM,23.352,100.000,,,,,
153,06/07/19 10:40:00 PM,23.376,100.000,,,,,
154,06/07/19 10:45:00 PM,23.352,100.000,,,,,
155,06/07/19 10:50:00 PM,23.352,100.000,,,,,
156,06/07/19 10:55:00 PM,23.304,100.000,,,,,
157,06/07/19 11:00:00 PM,23.280,100.000,,,,,
158,06/07/19 11:05:00 PM,23.280,100.000,,,,,
159,06/07/19 11:10:00 PM,23.280,100.000,,,,,
160,06/07/19 11:15:00 PM,23.280,100.000,,,,,
161,06/07/19 11:20:00 PM,23.232,100.000,,,,,
162,06/07/19 11:25:00 PM,23.304,100.000,,,,,
163,06/07/19 11:30:00 PM,23.256,100.000,,,,,
164,06/07/19 11:35:00 PM,23.232,100.000,,,,,
165,06/07/19 11:40:00 PM,23.232,100.000,,,,,
166,06/07/19 11:45:00 PM,23.232,100.000,,,,,
167,06/07/19 11:50:00 PM,23.232,100.000,,,,,
168,06/07/19 11:55:00 PM,23.184,100.000,,,,,
169,06/08/19 12:00:00 AM,23.160,100.000,,,,,
170,06/08/19 12:05:00 AM,23.136,100.000,,,,,
171,06/08/19 12:10:00 AM,23.136,100.000,,,,,
172,06/08/19 12:15:00 AM,23.112,100.000,,,,,
173,06/08/19 12:20:00 AM,23.112,100.000,,,,,
174,06/08/19 12:25:00 AM,23.136,100.000,,,,,
175,06/08/19 12:30:00 AM,23.136,100.000,,,,,
176,06/08/19 12:35:00 AM,23.184,100.000,,,,,
177,06/08/19 12:40:00 AM,23.232,100.000,,,,,
178,06/08/19 12:45:00 AM,23.232,100.000,,,,,
179,06/08/19 12:50:00 AM,23.232,100.000,,,,,
180,06/08/19 12:55:00 AM,23.232,100.000,,,,,
181,06/08/19 01:00:00 AM,23.208,100.000,,,,,
182,06/08/19 01:05:00 AM,23.184,100.000,,,,,
183,06/08/19 01:10:00 AM,23.184,100.000,,,,,
184,06/08/19 01:15:00 AM,23.208,100.000,,,,,
185,06/08/19 01:20:00 AM,23.208,100.000,,,,,
186,06/08/19 01:25:00 AM,23.184,100.000,,,,,
187,06/08/19 01:30:00 AM,23.184,100.000,,,,,
188,06/08/19 01:35:00 AM,23.208,100.000,,,,,
189,06/08/19 01:40:00 AM,23.232,100.000,,,,,
190,06/08/19 01:45:00 AM,23.256,100.000,,,,,
191,06/08/19 01:50:00 AM,23.280,100.000,,,,,
192,06/08/19 01:55:00 AM,23.280,100.000,,,,,
193,06/08/19 02:00:00 AM,23.280,100.000,,,,,
194,06/08/19 02:05:00 AM,23.232,100.000,,,,,
195,06/08/19 02:10:00 AM,23.232,100.000,,,,,
196,06/08/19 02:15:00 AM,23.208,100.000,,,,,
197,06/08/19 02:20:00 AM,23.232,100.000,,,,,
198,06/08/19 02:25:00 AM,23.232,100.000,,,,,
199,06/08/19 02:30:00 AM,23.208,100.000,,,,,
200,06/08/19 02:35:00 AM,23.232,100.000,,,,,
201,06/08/19 02:40:00 AM,23.280,100.000,,,,,
202,06/08/19 02:45:00 AM,23.304,100.000,,,,,
203,06/08/19 02:50:00 AM,23.328,100.000,,,,,
204,06/08/19 02:55:00 AM,23.352,100.000,,,,,
205,06/08/19 03:00:00 AM,23.376,100.000,,,,,
206,06/08/19 03:05:00 AM,23.424,100.000,,,,,
207,06/08/19 03:10:00 AM,23.424,100.000,,,,,
208,06/08/19 03:15:00 AM,23.424,100.000,,,,,
209,06/08/19 03:20:00 AM,23.448,100.000,,,,,
210,06/08/19 03:25:00 AM,23.497,100.000,,,,,
211,06/08/19 03:30:00 AM,23.521,100.000,,,,,
212,06/08/19 03:35:00 AM,23.497,100.000,,,,,
213,06/08/19 03:40:00 AM,23.497,100.000,,,,,
214,06/08/19 03:45:00 AM,23.497,100.000,,,,,
215,06/08/19 03:50:00 AM,23.497,100.000,,,,,
216,06/08/19 03:55:00 AM,23.521,100.000,,,,,
217,06/08/19 04:00:00 AM,23.497,100.000,,,,,
218,06/08/19 04:05:00 AM,23.497,100.000,,,,,
219,06/08/19 04:10:00 AM,23.472,100.000,,,,,
220,06/08/19 04:15:00 AM,23.424,100.000,,,,,
221,06/08/19 04:20:00 AM,23.424,100.000,,,,,
222,06/08/19 04:25:00 AM,23.448,100.000,,,,,
223,06/08/19 04:30:00 AM,23.448,100.000,,,,,
224,06/08/19 04:35:00 AM,23.448,100.000,,,,,
225,06/08/19 04:40:00 AM,23.424,100.000,,,,,
226,06/08/19 04:45:00 AM,23.424,100.000,,,,,
227,06/08/19 04:50:00 AM,23.400,100.000,,,,,
228,06/08/19 04:55:00 AM,23.376,100.000,,,,,
229,06/08/19 05:00:00 AM,23.376,100.000,,,,,
230,06/08/19 05:05:00 AM,23.352,100.000,,,,,
231,06/08/19 05:10:00 AM,23.328,100.000,,,,,
232,06/08/19 05:15:00 AM,23.352,100.000,,,,,
233,06/08/19 05:20:00 AM,23.352,100.000,,,,,
234,06/08/19 05:25:00 AM,23.352,100.000,,,,,
235,06/08/19 05:30:00 AM,23.376,100.000,,,,,
236,06/08/19 05:35:00 AM,23.376,100.000,,,,,
237,06/08/19 05:40:00 AM,23.400,100.000,,,,,
238,06/08/19 05:45:00 AM,23.424,100.000,,,,,
239,06/08/19 05:50:00 AM,23.424,100.000,,,,,
240,06/08/19 05:55:00 AM,23.424,100.000,,,,,
241,06/08/19 06:00:00 AM,23.424,100.000,,,,,
242,06/08/19 06:05:00 AM,23.448,100.000,,,,,
243,06/08/19 06:10:00 AM,23.448,100.000,,,,,
244,06/08/19 06:15:00 AM,23.448,100.000,,,,,
245,06/08/19 06:20:00 AM,23.448,100.000,,,,,
246,06/08/19 06:25:00 AM,23.472,100.000,,,,,
247,06/08/19 06:30:00 AM,23.472,100.000,,,,,
248,06/08/19 06:35:00 AM,23.472,100.000,,,,,
249,06/08/19 06:40:00 AM,23.472,100.000,,,,,
250,06/08/19 06:45:00 AM,23.472,100.000,,,,,
251,06/08/19 06:50:00 AM,23.497,100.000,,,,,
252,06/08/19 06:55:00 AM,23.521,100.000,,,,,
253,06/08/19 07:00:00 AM,23.545,100.000,,,,,
254,06/08/19 07:05:00 AM,23.593,100.000,,,,,
255,06/08/19 07:10:00 AM,23.641,100.000,,,,,
256,06/08/19 07:15:00 AM,23.689,100.000,,,,,
257,06/08/19 07:20:00 AM,23.785,100.000,,,,,
258,06/08/19 07:25:00 AM,23.833,100.000,,,,,
259,06/08/19 07:30:00 AM,23.881,100.000,,,,,
260,06/08/19 07:35:00 AM,23.881,100.000,,,,,
261,06/08/19 07:40:00 AM,23.905,100.000,,,,,
262,06/08/19 07:45:00 AM,23.905,100.000,,,,,
263,06/08/19 07:50:00 AM,23.930,100.000,,,,,
264,06/08/19 07:55:00 AM,23.954,100.000,,,,,
265,06/08/19 08:00:00 AM,23.954,100.000,,,,,
266,06/08/19 08:05:00 AM,23.954,100.000,,,,,
267,06/08/19 08:10:00 AM,23.978,100.000,,,,,
268,06/08/19 08:15:00 AM,24.026,100.000,,,,,
269,06/08/19 08:20:00 AM,24.050,100.000,,,,,
270,06/08/19 08:25:00 AM,24.098,100.000,,,,,
271,06/08/19 08:30:00 AM,24.122,100.000,,,,,
272,06/08/19 08:35:00 AM,24.146,100.000,,,,,
273,06/08/19 08:40:00 AM,24.195,100.000,,,,,
274,06/08/19 08:45:00 AM,24.243,100.000,,,,,
275,06/08/19 08:50:00 AM,24.315,100.000,,,,,
276,06/08/19 08:55:00 AM,24.388,100.000,,,,,
277,06/08/19 09:00:00 AM,24.436,100.000,,,,,
278,06/08/19 09:05:00 AM,24.484,100.000,,,,,
279,06/08/19 09:10:00 AM,24.532,100.000,,,,,
280,06/08/19 09:15:00 AM,24.581,100.000,,,,,
281,06/08/19 09:20:00 AM,24.605,100.000,,,,,
282,06/08/19 09:25:00 AM,24.629,100.000,,,,,
283,06/08/19 09:30:00 AM,24.653,100.000,,,,,
284,06/08/19 09:35:00 AM,24.702,100.000,,,,,
285,06/08/19 09:40:00 AM,24.726,100.000,,,,,
286,06/08/19 09:45:00 AM,24.750,100.000,,,,,
287,06/08/19 09:50:00 AM,24.774,100.000,,,,,
288,06/08/19 09:55:00 AM,24.823,100.000,,,,,
289,06/08/19 10:00:00 AM,24.871,100.000,,,,,
290,06/08/19 10:05:00 AM,24.968,100.000,,,,,
291,06/08/19 10:10:00 AM,25.040,100.000,,,,,
292,06/08/19 10:15:00 AM,25.113,100.000,,,,,
293,06/08/19 10:20:00 AM,25.234,100.000,,,,,
294,06/08/19 10:25:00 AM,25.404,100.000,,,,,
295,06/08/19 10:30:00 AM,25.574,100.000,,,,,
296,06/08/19 10:35:00 AM,25.671,100.000,,,,,
297,06/08/19 10:40:00 AM,25.744,100.000,,,,,
298,06/08/19 10:45:00 AM,25.866,100.000,,,,,
299,06/08/19 10:50:00 AM,25.914,100.000,,,,,
300,06/08/19 10:55:00 AM,25.987,100.000,,,,,
301,06/08/19 11:00:00 AM,26.134,100.000,,,,,
302,06/08/19 11:05:00 AM,26.207,100.000,,,,,
303,06/08/19 11:10:00 AM,26.231,100.000,,,,,
304,06/08/19 11:15:00 AM,26.061,100.000,,,,,
305,06/08/19 11:20:00 AM,25.890,100.000,,,,,
306,06/08/19 11:25:00 AM,25.841,100.000,,,,,
307,06/08/19 11:30:00 AM,25.866,100.000,,,,,
308,06/08/19 11:35:00 AM,25.841,100.000,,,,,
309,06/08/19 11:40:00 AM,25.841,100.000,,,,,
310,06/08/19 11:45:00 AM,25.987,100.000,,,,,
311,06/08/19 11:50:00 AM,26.085,100.000,,,,,
312,06/08/19 11:55:00 AM,26.256,100.000,,,,,
313,06/08/19 12:00:00 PM,26.475,100.000,,,,,
314,06/08/19 12:05:00 PM,26.622,100.000,,,,,
315,06/08/19 12:10:00 PM,26.769,100.000,,,,,
316,06/08/19 12:15:00 PM,26.671,100.000,,,,,
317,06/08/19 12:20:00 PM,26.549,100.000,,,,,
318,06/08/19 12:25:00 PM,26.524,100.000,,,,,
319,06/08/19 12:30:00 PM,26.524,100.000,,,,,
320,06/08/19 12:35:00 PM,26.524,100.000,,,,,
321,06/08/19 12:40:00 PM,26.500,100.000,,,,,
322,06/08/19 12:45:00 PM,26.475,100.000,,,,,
323,06/08/19 12:50:00 PM,26.500,100.000,,,,,
324,06/08/19 12:55:00 PM,26.500,100.000,,,,,
325,06/08/19 01:00:00 PM,26.549,100.000,,,,,
326,06/08/19 01:05:00 PM,26.549,100.000,,,,,
327,06/08/19 01:10:00 PM,26.500,100.000,,,,,
328,06/08/19 01:15:00 PM,26.549,100.000,,,,,
329,06/08/19 01:20:00 PM,26.622,100.000,,,,,
330,06/08/19 01:25:00 PM,26.622,100.000,,,,,
331,06/08/19 01:30:00 PM,26.720,100.000,,,,,
332,06/08/19 01:35:00 PM,26.475,100.000,,,,,
333,06/08/19 01:40:00 PM,26.207,100.000,,,,,
334,06/08/19 01:45:00 PM,26.158,100.000,,,,,
335,06/08/19 01:50:00 PM,26.134,100.000,,,,,
336,06/08/19 01:55:00 PM,26.207,100.000,,,,,
337,06/08/19 02:00:00 PM,26.256,100.000,,,,,
338,06/08/19 02:05:00 PM,26.256,100.000,,,,,
339,06/08/19 02:10:00 PM,26.109,100.000,,,,,
340,06/08/19 02:15:00 PM,25.914,100.000,,,,,
341,06/08/19 02:20:00 PM,25.744,100.000,,,,,
342,06/08/19 02:25:00 PM,25.647,100.000,,,,,
343,06/08/19 02:30:00 PM,25.453,100.000,,,,,
344,06/08/19 02:35:00 PM,25.258,100.000,,,,,
345,06/08/19 02:40:00 PM,25.186,100.000,,,,,
346,06/08/19 02:45:00 PM,25.137,100.000,,,,,
347,06/08/19 02:50:00 PM,25.016,100.000,,,,,
348,06/08/19 02:55:00 PM,25.016,100.000,,,,,
349,06/08/19 03:00:00 PM,25.089,100.000,,,,,
350,06/08/19 03:05:00 PM,25.113,100.000,,,,,
351,06/08/19 03:10:00 PM,25.162,100.000,,,,,
352,06/08/19 03:15:00 PM,25.210,100.000,,,,,
353,06/08/19 03:20:00 PM,25.186,100.000,,,,,
354,06/08/19 03:25:00 PM,25.283,100.000,,,,,
355,06/08/19 03:30:00 PM,25.355,100.000,,,,,
356,06/08/19 03:35:00 PM,25.331,100.000,,,,,
357,06/08/19 03:40:00 PM,25.283,100.000,,,,,
358,06/08/19 03:45:00 PM,25.210,100.000,,,,,
359,06/08/19 03:50:00 PM,25.137,100.000,,,,,
360,06/08/19 03:55:00 PM,25.065,100.000,,,,,
361,06/08/19 04:00:00 PM,24.968,100.000,,,,,
362,06/08/19 04:05:00 PM,24.944,100.000,,,,,
363,06/08/19 04:10:00 PM,24.823,100.000,,,,,
364,06/08/19 04:15:00 PM,24.605,100.000,,,,,
365,06/08/19 04:20:00 PM,24.508,100.000,,,,,
366,06/08/19 04:25:00 PM,24.412,100.000,,,,,
367,06/08/19 04:30:00 PM,24.195,100.000,,,,,
368,06/08/19 04:35:00 PM,23.905,100.000,,,,,
369,06/08/19 04:40:00 PM,23.713,100.000,,,,,
370,06/08/19 04:45:00 PM,23.472,100.000,,,,,
371,06/08/19 04:50:00 PM,23.304,100.000,,,,,
372,06/08/19 04:55:00 PM,23.232,100.000,,,,,
373,06/08/19 05:00:00 PM,23.160,100.000,,,,,
374,06/08/19 05:05:00 PM,23.064,100.000,,,,,
375,06/08/19 05:10:00 PM,23.016,100.000,,,,,
376,06/08/19 05:15:00 PM,23.088,100.000,,,,,
377,06/08/19 05:20:00 PM,23.064,100.000,,,,,
378,06/08/19 05:25:00 PM,22.968,100.000,,,,,
379,06/08/19 05:30:00 PM,22.896,100.000,,,,,
380,06/08/19 05:35:00 PM,22.848,100.000,,,,,
381,06/08/19 05:40:00 PM,22.848,100.000,,,,,
382,06/08/19 05:45:00 PM,22.800,100.000,,,,,
383,06/08/19 05:50:00 PM,22.729,100.000,,,,,
384,06/08/19 05:55:00 PM,22.705,100.000,,,,,
385,06/08/19 06:00:00 PM,22.705,100.000,,,,,
386,06/08/19 06:05:00 PM,22.753,100.000,,,,,
387,06/08/19 06:10:00 PM,22.776,100.000,,,,,
388,06/08/19 06:15:00 PM,22.800,100.000,,,,,
389,06/08/19 06:20:00 PM,22.848,100.000,,,,,
390,06/08/19 06:25:00 PM,22.848,100.000,,,,,
391,06/08/19 06:30:00 PM,22.753,100.000,,,,,
392,06/08/19 06:35:00 PM,22.753,100.000,,,,,
393,06/08/19 06:40:00 PM,22.848,100.000,,,,,
394,06/08/19 06:45:00 PM,22.824,100.000,,,,,
395,06/08/19 06:50:00 PM,22.800,100.000,,,,,
396,06/08/19 06:55:00 PM,22.824,100.000,,,,,
397,06/08/19 07:00:00 PM,22.824,100.000,,,,,
398,06/08/19 07:05:00 PM,22.753,100.000,,,,,
399,06/08/19 07:10:00 PM,22.705,100.000,,,,,
400,06/08/19 07:15:00 PM,22.657,100.000,,,,,
401,06/08/19 07:20:00 PM,22.609,100.000,,,,,
402,06/08/19 07:25:00 PM,22.561,100.000,,,,,
403,06/08/19 07:30:00 PM,22.513,100.000,,,,,
404,06/08/19 07:35:00 PM,22.513,100.000,,,,,
405,06/08/19 07:40:00 PM,22.465,100.000,,,,,
406,06/08/19 07:45:00 PM,22.465,100.000,,,,,
407,06/08/19 07:50:00 PM,22.513,100.000,,,,,
408,06/08/19 07:55:00 PM,22.417,100.000,,,,,
409,06/08/19 08:00:00 PM,22.369,100.000,,,,,
410,06/08/19 08:05:00 PM,22.345,100.000,,,,,
411,06/08/19 08:10:00 PM,22.321,100.000,,,,,
412,06/08/19 08:15:00 PM,22.298,100.000,,,,,
413,06/08/19 08:20:00 PM,22.274,100.000,,,,,
414,06/08/19 08:25:00 PM,22.226,100.000,,,,,
415,06/08/19 08:30:00 PM,22.202,100.000,,,,,
416,06/08/19 08:35:00 PM,22.202,100.000,,,,,
417,06/08/19 08:40:00 PM,22.178,100.000,,,,,
418,06/08/19 08:45:00 PM,22.130,100.000,,,,,
419,06/08/19 08:50:00 PM,22.154,100.000,,,,,
420,06/08/19 08:55:00 PM,22.130,100.000,,,,,
421,06/08/19 09:00:00 PM,22.106,100.000,,,,,
422,06/08/19 09:05:00 PM,22.058,100.000,,,,,
423,06/08/19 09:10:00 PM,22.082,100.000,,,,,
424,06/08/19 09:15:00 PM,22.082,100.000,,,,,
425,06/08/19 09:20:00 PM,22.034,100.000,,,,,
426,06/08/19 09:25:00 PM,22.034,100.000,,,,,
427,06/08/19 09:30:00 PM,22.034,100.000,,,,,
428,06/08/19 09:35:00 PM,22.034,100.000,,,,,
429,06/08/19 09:40:00 PM,22.011,100.000,,,,,
430,06/08/19 09:45:00 PM,22.034,100.000,,,,,
431,06/08/19 09:50:00 PM,22.034,100.000,,,,,
432,06/08/19 09:55:00 PM,21.987,100.000,,,,,
433,06/08/19 10:00:00 PM,21.987,100.000,,,,,
434,06/08/19 10:05:00 PM,22.011,100.000,,,,,
435,06/08/19 10:10:00 PM,22.034,100.000,,,,,
436,06/08/19 10:15:00 PM,22.034,100.000,,,,,
437,06/08/19 10:20:00 PM,22.058,100.000,,,,,
438,06/08/19 10:25:00 PM,22.082,100.000,,,,,
439,06/08/19 10:30:00 PM,22.106,100.000,,,,,
440,06/08/19 10:35:00 PM,22.130,100.000,,,,,
441,06/08/19 10:40:00 PM,22.130,100.000,,,,,
442,06/08/19 10:45:00 PM,22.154,100.000,,,,,
443,06/08/19 10:50:00 PM,22.178,100.000,,,,,
444,06/08/19 10:55:00 PM,22.202,100.000,,,,,
445,06/08/19 11:00:00 PM,22.202,100.000,,,,,
446,06/08/19 11:05:00 PM,22.226,100.000,,,,,
447,06/08/19 11:10:00 PM,22.226,100.000,,,,,
448,06/08/19 11:15:00 PM,22.250,100.000,,,,,
449,06/08/19 11:20:00 PM,22.274,100.000,,,,,
450,06/08/19 11:25:00 PM,22.250,100.000,,,,,
451,06/08/19 11:30:00 PM,22.250,100.000,,,,,
452,06/08/19 11:35:00 PM,22.250,100.000,,,,,
453,06/08/19 11:40:00 PM,22.274,100.000,,,,,
454,06/08/19 11:45:00 PM,22.321,100.000,,,,,
455,06/08/19 11:50:00 PM,22.345,100.000,,,,,
456,06/08/19 11:55:00 PM,22.369,100.000,,,,,
457,06/09/19 12:00:00 AM,22.393,100.000,,,,,
458,06/09/19 12:05:00 AM,22.417,100.000,,,,,
459,06/09/19 12:10:00 AM,22.441,100.000,,,,,
460,06/09/19 12:15:00 AM,22.441,100.000,,,,,
461,06/09/19 12:20:00 AM,22.465,100.000,,,,,
462,06/09/19 12:25:00 AM,22.465,100.000,,,,,
463,06/09/19 12:30:00 AM,22.489,100.000,,,,,
464,06/09/19 12:35:00 AM,22.489,100.000,,,,,
465,06/09/19 12:40:00 AM,22.513,100.000,,,,,
466,06/09/19 12:45:00 AM,22.513,100.000,,,,,
467,06/09/19 12:50:00 AM,22.561,100.000,,,,,
468,06/09/19 12:55:00 AM,22.585,100.000,,,,,
469,06/09/19 01:00:00 AM,22.609,100.000,,,,,
470,06/09/19 01:05:00 AM,22.633,100.000,,,,,
471,06/09/19 01:10:00 AM,22.657,100.000,,,,,
472,06/09/19 01:15:00 AM,22.705,100.000,,,,,
473,06/09/19 01:20:00 AM,22.729,100.000,,,,,
474,06/09/19 01:25:00 AM,22.753,100.000,,,,,
475,06/09/19 01:30:00 AM,22.776,100.000,,,,,
476,06/09/19 01:35:00 AM,22.776,100.000,,,,,
477,06/09/19 01:40:00 AM,22.800,100.000,,,,,
478,06/09/19 01:45:00 AM,22.776,100.000,,,,,
479,06/09/19 01:50:00 AM,22.753,100.000,,,,,
480,06/09/19 01:55:00 AM,22.705,100.000,,,,,
481,06/09/19 02:00:00 AM,22.705,100.000,,,,,
482,06/09/19 02:05:00 AM,22.705,100.000,,,,,
483,06/09/19 02:10:00 AM,22.705,100.000,,,,,
484,06/09/19 02:15:00 AM,22.705,100.000,,,,,
485,06/09/19 02:20:00 AM,22.705,100.000,,,,,
486,06/09/19 02:25:00 AM,22.681,100.000,,,,,
487,06/09/19 02:30:00 AM,22.705,100.000,,,,,
488,06/09/19 02:35:00 AM,22.657,100.000,,,,,
489,06/09/19 02:40:00 AM,22.657,100.000,,,,,
490,06/09/19 02:45:00 AM,22.657,100.000,,,,,
491,06/09/19 02:50:00 AM,22.681,100.000,,,,,
492,06/09/19 02:55:00 AM,22.681,100.000,,,,,
493,06/09/19 03:00:00 AM,22.705,100.000,,,,,
494,06/09/19 03:05:00 AM,22.705,100.000,,,,,
495,06/09/19 03:10:00 AM,22.753,100.000,,,,,
496,06/09/19 03:15:00 AM,22.753,100.000,,,,,
497,06/09/19 03:20:00 AM,22.753,100.000,,,,,
498,06/09/19 03:25:00 AM,22.800,100.000,,,,,
499,06/09/19 03:30:00 AM,22.848,100.000,,,,,
500,06/09/19 03:35:00 AM,22.872,100.000,,,,,
501,06/09/19 03:40:00 AM,22.896,100.000,,,,,
502,06/09/19 03:45:00 AM,22.920,100.000,,,,,
503,06/09/19 03:50:00 AM,22.944,100.000,,,,,
504,06/09/19 03:55:00 AM,22.968,100.000,,,,,
505,06/09/19 04:00:00 AM,22.992,100.000,,,,,
506,06/09/19 04:05:00 AM,22.992,100.000,,,,,
507,06/09/19 04:10:00 AM,23.016,100.000,,,,,
508,06/09/19 04:15:00 AM,23.040,100.000,,,,,
509,06/09/19 04:20:00 AM,23.064,100.000,,,,,
510,06/09/19 04:25:00 AM,23.064,100.000,,,,,
511,06/09/19 04:30:00 AM,23.088,100.000,,,,,
512,06/09/19 04:35:00 AM,23.112,100.000,,,,,
513,06/09/19 04:40:00 AM,23.136,100.000,,,,,
514,06/09/19 04:45:00 AM,23.112,100.000,,,,,
515,06/09/19 04:50:00 AM,23.088,100.000,,,,,
516,06/09/19 04:55:00 AM,23.064,100.000,,,,,
517,06/09/19 05:00:00 AM,23.040,100.000,,,,,
518,06/09/19 05:05:00 AM,22.992,100.000,,,,,
519,06/09/19 05:10:00 AM,22.968,100.000,,,,,
520,06/09/19 05:15:00 AM,22.944,100.000,,,,,
521,06/09/19 05:20:00 AM,22.920,100.000,,,,,
522,06/09/19 05:25:00 AM,22.920,100.000,,,,,
523,06/09/19 05:30:00 AM,22.920,100.000,,,,,
524,06/09/19 05:35:00 AM,22.896,100.000,,,,,
525,06/09/19 05:40:00 AM,22.896,100.000,,,,,
526,06/09/19 05:45:00 AM,22.896,100.000,,,,,
527,06/09/19 05:50:00 AM,22.896,100.000,,,,,
528,06/09/19 05:55:00 AM,22.896,100.000,,,,,
529,06/09/19 06:00:00 AM,22.896,100.000,,,,,
530,06/09/19 06:05:00 AM,22.896,100.000,,,,,
531,06/09/19 06:10:00 AM,22.896,100.000,,,,,
532,06/09/19 06:15:00 AM,22.896,100.000,,,,,
533,06/09/19 06:20:00 AM,22.896,100.000,,,,,
534,06/09/19 06:25:00 AM,22.896,100.000,,,,,
535,06/09/19 06:30:00 AM,22.896,100.000,,,,,
536,06/09/19 06:35:00 AM,22.920,100.000,,,,,
537,06/09/19 06:40:00 AM,22.944,100.000,,,,,
538,06/09/19 06:45:00 AM,22.968,100.000,,,,,
539,06/09/19 06:50:00 AM,22.992,100.000,,,,,
540,06/09/19 06:55:00 AM,23.040,100.000,,,,,
541,06/09/19 07:00:00 AM,23.088,100.000,,,,,
542,06/09/19 07:05:00 AM,23.136,100.000,,,,,
543,06/09/19 07:10:00 AM,23.160,100.000,,,,,
544,06/09/19 07:15:00 AM,23.208,100.000,,,,,
545,06/09/19 07:20:00 AM,23.256,100.000,,,,,
546,06/09/19 07:25:00 AM,23.280,100.000,,,,,
547,06/09/19 07:30:00 AM,23.280,100.000,,,,,
548,06/09/19 07:35:00 AM,23.280,100.000,,,,,
549,06/09/19 07:40:00 AM,23.304,100.000,,,,,
550,06/09/19 07:45:00 AM,23.328,100.000,,,,,
551,06/09/19 07:50:00 AM,23.328,100.000,,,,,
552,06/09/19 07:55:00 AM,23.352,100.000,,,,,
553,06/09/19 08:00:00 AM,23.376,100.000,,,,,
554,06/09/19 08:05:00 AM,23.400,100.000,,,,,
555,06/09/19 08:10:00 AM,23.424,100.000,,,,,
556,06/09/19 08:15:00 AM,23.448,100.000,,,,,
557,06/09/19 08:20:00 AM,23.497,100.000,,,,,
558,06/09/19 08:25:00 AM,23.545,100.000,,,,,
559,06/09/19 08:30:00 AM,23.569,100.000,,,,,
560,06/09/19 08:35:00 AM,23.641,100.000,,,,,
561,06/09/19 08:40:00 AM,23.713,100.000,,,,,
562,06/09/19 08:45:00 AM,23.785,100.000,,,,,
563,06/09/19 08:50:00 AM,23.857,100.000,,,,,
564,06/09/19 08:55:00 AM,23.954,100.000,,,,,
565,06/09/19 09:00:00 AM,24.050,100.000,,,,,
566,06/09/19 09:05:00 AM,24.195,100.000,,,,,
567,06/09/19 09:10:00 AM,24.363,100.000,,,,,
568,06/09/19 09:15:00 AM,24.532,100.000,,,,,
569,06/09/19 09:20:00 AM,24.702,100.000,,,,,
570,06/09/19 09:25:00 AM,24.895,100.000,,,,,
571,06/09/19 09:30:00 AM,25.089,100.000,,,,,
572,06/09/19 09:35:00 AM,25.162,100.000,,,,,
573,06/09/19 09:40:00 AM,25.283,100.000,,,,,
574,06/09/19 09:45:00 AM,25.380,100.000,,,,,
575,06/09/19 09:50:00 AM,25.477,100.000,,,,,
576,06/09/19 09:55:00 AM,25.477,100.000,,,,,
577,06/09/19 10:00:00 AM,25.453,100.000,,,,,
578,06/09/19 10:05:00 AM,25.501,100.000,,,,,
579,06/09/19 10:10:00 AM,25.501,100.000,,,,,
580,06/09/19 10:15:00 AM,25.525,100.000,,,,,
581,06/09/19 10:20:00 AM,25.647,100.000,,,,,
582,06/09/19 10:25:00 AM,25.671,100.000,,,,,
583,06/09/19 10:30:00 AM,25.671,100.000,,,,,
584,06/09/19 10:35:00 AM,25.914,100.000,,,,,
585,06/09/19 10:40:00 AM,26.036,100.000,,,,,
586,06/09/19 10:45:00 AM,26.231,100.000,,,,,
587,06/09/19 10:50:00 AM,26.353,100.000,,,,,
588,06/09/19 10:55:00 AM,26.280,100.000,,,,,
589,06/09/19 11:00:00 AM,26.207,100.000,,,,,
590,06/09/19 11:05:00 AM,26.207,100.000,,,,,
591,06/09/19 11:10:00 AM,26.329,100.000,,,,,
592,06/09/19 11:15:00 AM,26.475,100.000,,,,,
593,06/09/19 11:20:00 AM,26.646,100.000,,,,,
594,06/09/19 11:25:00 AM,26.818,100.000,,,,,
595,06/09/19 11:30:00 AM,26.720,100.000,,,,,
596,06/09/19 11:35:00 AM,26.524,100.000,,,,,
597,06/09/19 11:40:00 AM,26.329,100.000,,,,,
598,06/09/19 11:45:00 AM,26.207,100.000,,,,,
599,06/09/19 11:50:00 AM,26.182,100.000,,,,,
600,06/09/19 11:55:00 AM,26.256,100.000,,,,,
601,06/09/19 12:00:00 PM,26.500,100.000,,,,,
602,06/09/19 12:05:00 PM,26.695,100.000,,,,,
603,06/09/19 12:10:00 PM,26.769,100.000,,,,,
604,06/09/19 12:15:00 PM,26.793,100.000,,,,,
605,06/09/19 12:20:00 PM,26.695,100.000,,,,,
606,06/09/19 12:25:00 PM,26.622,100.000,,,,,
607,06/09/19 12:30:00 PM,26.500,100.000,,,,,
608,06/09/19 12:35:00 PM,26.500,100.000,,,,,
609,06/09/19 12:40:00 PM,26.549,100.000,,,,,
610,06/09/19 12:45:00 PM,26.720,100.000,,,,,
611,06/09/19 12:50:00 PM,26.793,100.000,,,,,
612,06/09/19 12:55:00 PM,26.744,100.000,,,,,
613,06/09/19 01:00:00 PM,26.451,100.000,,,,,
614,06/09/19 01:05:00 PM,26.207,100.000,,,,,
615,06/09/19 01:10:00 PM,25.939,100.000,,,,,
616,06/09/19 01:15:00 PM,25.744,100.000,,,,,
617,06/09/19 01:20:00 PM,25.453,100.000,,,,,
618,06/09/19 01:25:00 PM,25.283,100.000,,,,,
619,06/09/19 01:30:00 PM,25.210,100.000,,,,,
620,06/09/19 01:35:00 PM,25.186,100.000,,,,,
621,06/09/19 01:40:00 PM,25.186,100.000,,,,,
622,06/09/19 01:45:00 PM,25.210,100.000,,,,,
623,06/09/19 01:50:00 PM,25.234,100.000,,,,,
624,06/09/19 01:55:00 PM,25.307,100.000,,,,,
625,06/09/19 02:00:00 PM,25.355,100.000,,,,,
626,06/09/19 02:05:00 PM,25.477,100.000,,,,,
627,06/09/19 02:10:00 PM,25.574,100.000,,,,,
628,06/09/19 02:15:00 PM,25.477,100.000,,,,,
629,06/09/19 02:20:00 PM,25.501,100.000,,,,,
630,06/09/19 02:25:00 PM,25.720,100.000,,,,,
631,06/09/19 02:30:00 PM,25.939,100.000,,,,,
632,06/09/19 02:35:00 PM,26.061,100.000,,,,,
633,06/09/19 02:40:00 PM,25.963,100.000,,,,,
634,06/09/19 02:45:00 PM,25.647,100.000,,,,,
635,06/09/19 02:50:00 PM,25.355,100.000,,,,,
636,06/09/19 02:55:00 PM,25.162,100.000,,,,,
637,06/09/19 03:00:00 PM,25.065,100.000,,,,,
638,06/09/19 03:05:00 PM,24.847,100.000,,,,,
639,06/09/19 03:10:00 PM,24.774,100.000,,,,,
640,06/09/19 03:15:00 PM,25.234,100.000,,,,,
641,06/09/19 03:20:00 PM,25.695,100.000,,,,,
642,06/09/19 03:25:00 PM,25.866,100.000,,,,,
643,06/09/19 03:30:00 PM,25.477,100.000,,,,,
644,06/09/19 03:35:00 PM,25.210,100.000,,,,,
645,06/09/19 03:40:00 PM,25.040,100.000,,,,,
646,06/09/19 03:45:00 PM,24.944,100.000,,,,,
647,06/09/19 03:50:00 PM,25.162,100.000,,,,,
648,06/09/19 03:55:00 PM,25.162,100.000,,,,,
649,06/09/19 04:00:00 PM,25.355,100.000,,,,,
650,06/09/19 04:05:00 PM,25.428,100.000,,,,,
651,06/09/19 04:10:00 PM,25.598,100.000,,,,,
652,06/09/19 04:15:00 PM,25.695,100.000,,,,,
653,06/09/19 04:20:00 PM,25.939,100.000,,,,,
654,06/09/19 04:25:00 PM,26.207,100.000,,,,,
655,06/09/19 04:30:00 PM,26.353,100.000,,,,,
656,06/09/19 04:35:00 PM,26.134,100.000,,,,,
657,06/09/19 04:40:00 PM,25.841,100.000,,,,,
658,06/09/19 04:45:00 PM,25.671,100.000,,,,,
659,06/09/19 04:50:00 PM,25.550,100.000,,,,,
660,06/09/19 04:55:00 PM,25.525,100.000,,,,,
661,06/09/19 05:00:00 PM,25.598,100.000,,,,,
662,06/09/19 05:05:00 PM,25.647,100.000,,,,,
663,06/09/19 05:10:00 PM,25.817,100.000,,,,,
664,06/09/19 05:15:00 PM,25.963,100.000,,,,,
665,06/09/19 05:20:00 PM,26.134,100.000,,,,,
666,06/09/19 05:25:00 PM,26.256,100.000,,,,,
667,06/09/19 05:30:00 PM,26.402,100.000,,,,,
668,06/09/19 05:35:00 PM,26.475,100.000,,,,,
669,06/09/19 05:40:00 PM,26.475,100.000,,,,,
670,06/09/19 05:45:00 PM,26.598,100.000,,,,,
671,06/09/19 05:50:00 PM,26.744,100.000,,,,,
672,06/09/19 05:55:00 PM,26.842,100.000,,,,,
673,06/09/19 06:00:00 PM,26.867,100.000,,,,,
674,06/09/19 06:05:00 PM,26.891,100.000,,,,,
675,06/09/19 06:10:00 PM,26.695,100.000,,,,,
676,06/09/19 06:15:00 PM,26.573,100.000,,,,,
677,06/09/19 06:20:00 PM,26.573,100.000,,,,,
678,06/09/19 06:25:00 PM,26.573,100.000,,,,,
679,06/09/19 06:30:00 PM,26.671,100.000,,,,,
680,06/09/19 06:35:00 PM,26.769,100.000,,,,,
681,06/09/19 06:40:00 PM,26.867,100.000,,,,,
682,06/09/19 06:45:00 PM,26.891,100.000,,,,,
683,06/09/19 06:50:00 PM,26.842,100.000,,,,,
684,06/09/19 06:55:00 PM,26.793,100.000,,,,,
685,06/09/19 07:00:00 PM,26.622,100.000,,,,,
686,06/09/19 07:05:00 PM,26.304,100.000,,,,,
687,06/09/19 07:10:00 PM,26.231,100.000,,,,,
688,06/09/19 07:15:00 PM,26.134,100.000,,,,,
689,06/09/19 07:20:00 PM,26.085,100.000,,,,,
690,06/09/19 07:25:00 PM,26.012,100.000,,,,,
691,06/09/19 07:30:00 PM,25.939,100.000,,,,,
692,06/09/19 07:35:00 PM,25.939,100.000,,,,,
693,06/09/19 07:40:00 PM,25.890,100.000,,,,,
694,06/09/19 07:45:00 PM,25.866,100.000,,,,,
695,06/09/19 07:50:00 PM,25.817,100.000,,,,,
696,06/09/19 07:55:00 PM,25.720,100.000,,,,,
697,06/09/19 08:00:00 PM,25.623,100.000,,,,,
698,06/09/19 08:05:00 PM,25.550,100.000,,,,,
699,06/09/19 08:10:00 PM,25.525,100.000,,,,,
700,06/09/19 08:15:00 PM,25.501,100.000,,,,,
701,06/09/19 08:20:00 PM,25.453,100.000,,,,,
702,06/09/19 08:25:00 PM,25.453,100.000,,,,,
703,06/09/19 08:30:00 PM,25.453,100.000,,,,,
704,06/09/19 08:35:00 PM,25.428,100.000,,,,,
705,06/09/19 08:40:00 PM,25.380,100.000,,,,,
706,06/09/19 08:45:00 PM,25.380,100.000,,,,,
707,06/09/19 08:50:00 PM,25.283,100.000,,,,,
708,06/09/19 08:55:00 PM,25.210,100.000,,,,,
709,06/09/19 09:00:00 PM,25.137,100.000,,,,,
710,06/09/19 09:05:00 PM,25.089,100.000,,,,,
711,06/09/19 09:10:00 PM,25.016,100.000,,,,,
712,06/09/19 09:15:00 PM,24.992,100.000,,,,,
713,06/09/19 09:20:00 PM,24.968,100.000,,,,,
714,06/09/19 09:25:00 PM,24.895,100.000,,,,,
715,06/09/19 09:30:00 PM,24.895,100.000,,,,,
716,06/09/19 09:35:00 PM,24.847,100.000,,,,,
717,06/09/19 09:40:00 PM,24.823,100.000,,,,,
718,06/09/19 09:45:00 PM,24.847,100.000,,,,,
719,06/09/19 09:50:00 PM,24.871,100.000,,,,,
720,06/09/19 09:55:00 PM,24.895,100.000,,,,,
721,06/09/19 10:00:00 PM,24.895,100.000,,,,,
722,06/09/19 10:05:00 PM,24.919,100.000,,,,,
723,06/09/19 10:10:00 PM,24.919,100.000,,,,,
724,06/09/19 10:15:00 PM,24.919,100.000,,,,,
725,06/09/19 10:20:00 PM,24.919,100.000,,,,,
726,06/09/19 10:25:00 PM,24.919,100.000,,,,,
727,06/09/19 10:30:00 PM,24.919,100.000,,,,,
728,06/09/19 10:35:00 PM,24.871,100.000,,,,,
729,06/09/19 10:40:00 PM,24.847,100.000,,,,,
730,06/09/19 10:45:00 PM,24.847,100.000,,,,,
731,06/09/19 10:50:00 PM,24.823,100.000,,,,,
732,06/09/19 10:55:00 PM,24.798,100.000,,,,,
733,06/09/19 11:00:00 PM,24.774,100.000,,,,,
734,06/09/19 11:05:00 PM,24.726,100.000,,,,,
735,06/09/19 11:10:00 PM,24.702,100.000,,,,,
736,06/09/19 11:15:00 PM,24.677,100.000,,,,,
737,06/09/19 11:20:00 PM,24.653,100.000,,,,,
738,06/09/19 11:25:00 PM,24.653,100.000,,,,,
739,06/09/19 11:30:00 PM,24.653,100.000,,,,,
740,06/09/19 11:35:00 PM,24.605,100.000,,,,,
741,06/09/19 11:40:00 PM,24.581,100.000,,,,,
742,06/09/19 11:45:00 PM,24.557,100.000,,,,,
743,06/09/19 11:50:00 PM,24.557,100.000,,,,,
744,06/09/19 11:55:00 PM,24.532,100.000,,,,,
745,06/10/19 12:00:00 AM,24.532,100.000,,,,,
746,06/10/19 12:05:00 AM,24.532,100.000,,,,,
747,06/10/19 12:10:00 AM,24.532,100.000,,,,,
748,06/10/19 12:15:00 AM,24.557,100.000,,,,,
749,06/10/19 12:20:00 AM,24.532,100.000,,,,,
750,06/10/19 12:25:00 AM,24.532,100.000,,,,,
751,06/10/19 12:30:00 AM,24.508,100.000,,,,,
752,06/10/19 12:35:00 AM,24.484,100.000,,,,,
753,06/10/19 12:40:00 AM,24.484,100.000,,,,,
754,06/10/19 12:45:00 AM,24.460,100.000,,,,,
755,06/10/19 12:50:00 AM,24.436,100.000,,,,,
756,06/10/19 12:55:00 AM,24.436,100.000,,,,,
757,06/10/19 01:00:00 AM,24.412,100.000,,,,,
758,06/10/19 01:05:00 AM,24.412,100.000,,,,,
759,06/10/19 01:10:00 AM,24.412,100.000,,,,,
760,06/10/19 01:15:00 AM,24.412,100.000,,,,,
761,06/10/19 01:20:00 AM,24.412,100.000,,,,,
762,06/10/19 01:25:00 AM,24.436,100.000,,,,,
763,06/10/19 01:30:00 AM,24.436,100.000,,,,,
764,06/10/19 01:35:00 AM,24.460,100.000,,,,,
765,06/10/19 01:40:00 AM,24.460,100.000,,,,,
766,06/10/19 01:45:00 AM,24.484,100.000,,,,,
767,06/10/19 01:50:00 AM,24.484,100.000,,,,,
768,06/10/19 01:55:00 AM,24.460,100.000,,,,,
769,06/10/19 02:00:00 AM,24.460,100.000,,,,,
770,06/10/19 02:05:00 AM,24.436,100.000,,,,,
771,06/10/19 02:10:00 AM,24.412,100.000,,,,,
772,06/10/19 02:15:00 AM,24.388,100.000,,,,,
773,06/10/19 02:20:00 AM,24.363,100.000,,,,,
774,06/10/19 02:25:00 AM,24.363,100.000,,,,,
775,06/10/19 02:30:00 AM,24.339,100.000,,,,,
776,06/10/19 02:35:00 AM,24.315,100.000,,,,,
777,06/10/19 02:40:00 AM,24.315,100.000,,,,,
778,06/10/19 02:45:00 AM,24.291,100.000,,,,,
779,06/10/19 02:50:00 AM,24.291,100.000,,,,,
780,06/10/19 02:55:00 AM,24.243,100.000,,,,,
781,06/10/19 03:00:00 AM,24.195,100.000,,,,,
782,06/10/19 03:05:00 AM,24.195,100.000,,,,,
783,06/10/19 03:10:00 AM,24.171,100.000,,,,,
784,06/10/19 03:15:00 AM,24.171,100.000,,,,,
785,06/10/19 03:20:00 AM,24.195,100.000,,,,,
786,06/10/19 03:25:00 AM,24.195,100.000,,,,,
787,06/10/19 03:30:00 AM,24.219,100.000,,,,,
788,06/10/19 03:35:00 AM,24.219,100.000,,,,,
789,06/10/19 03:40:00 AM,24.243,100.000,,,,,
790,06/10/19 03:45:00 AM,24.243,100.000,,,,,
791,06/10/19 03:50:00 AM,24.243,100.000,,,,,
792,06/10/19 03:55:00 AM,24.243,100.000,,,,,
793,06/10/19 04:00:00 AM,24.267,100.000,,,,,
794,06/10/19 04:05:00 AM,24.291,100.000,,,,,
795,06/10/19 04:10:00 AM,24.267,100.000,,,,,
796,06/10/19 04:15:00 AM,24.243,100.000,,,,,
797,06/10/19 04:20:00 AM,24.243,100.000,,,,,
798,06/10/19 04:25:00 AM,24.243,100.000,,,,,
799,06/10/19 04:30:00 AM,24.219,100.000,,,,,
800,06/10/19 04:35:00 AM,24.195,100.000,,,,,
801,06/10/19 04:40:00 AM,24.195,100.000,,,,,
802,06/10/19 04:45:00 AM,24.219,100.000,,,,,
803,06/10/19 04:50:00 AM,24.219,100.000,,,,,
804,06/10/19 04:55:00 AM,24.243,100.000,,,,,
805,06/10/19 05:00:00 AM,24.243,100.000,,,,,
806,06/10/19 05:05:00 AM,24.195,100.000,,,,,
807,06/10/19 05:10:00 AM,24.122,100.000,,,,,
808,06/10/19 05:15:00 AM,24.050,100.000,,,,,
809,06/10/19 05:20:00 AM,24.026,100.000,,,,,
810,06/10/19 05:25:00 AM,24.026,100.000,,,,,
811,06/10/19 05:30:00 AM,24.002,100.000,,,,,
812,06/10/19 05:35:00 AM,23.978,100.000,,,,,
813,06/10/19 05:40:00 AM,23.954,100.000,,,,,
814,06/10/19 05:45:00 AM,23.954,100.000,,,,,
815,06/10/19 05:50:00 AM,23.930,100.000,,,,,
816,06/10/19 05:55:00 AM,23.905,100.000,,,,,
817,06/10/19 06:00:00 AM,23.905,100.000,,,,,
818,06/10/19 06:05:00 AM,23.857,100.000,,,,,
819,06/10/19 06:10:00 AM,23.761,100.000,,,,,
820,06/10/19 06:15:00 AM,23.665,100.000,,,,,
821,06/10/19 06:20:00 AM,23.665,100.000,,,,,
822,06/10/19 06:25:00 AM,23.641,100.000,,,,,
823,06/10/19 06:30:00 AM,23.593,100.000,,,,,
824,06/10/19 06:35:00 AM,23.545,100.000,,,,,
825,06/10/19 06:40:00 AM,23.521,100.000,,,,,
826,06/10/19 06:45:00 AM,23.472,100.000,,,,,
827,06/10/19 06:50:00 AM,23.448,100.000,,,,,
828,06/10/19 06:55:00 AM,23.472,100.000,,,,,
829,06/10/19 07:00:00 AM,23.472,100.000,,,,,
830,06/10/19 07:05:00 AM,23.472,100.000,,,,,
831,06/10/19 07:10:00 AM,23.472,100.000,,,,,
832,06/10/19 07:15:00 AM,23.472,100.000,,,,,
833,06/10/19 07:20:00 AM,23.497,100.000,,,,,
834,06/10/19 07:25:00 AM,23.472,100.000,,,,,
835,06/10/19 07:30:00 AM,23.472,100.000,,,,,
836,06/10/19 07:35:00 AM,23.472,100.000,,,,,
837,06/10/19 07:40:00 AM,23.521,100.000,,,,,
838,06/10/19 07:45:00 AM,23.545,100.000,,,,,
839,06/10/19 07:50:00 AM,23.593,100.000,,,,,
840,06/10/19 07:55:00 AM,23.617,100.000,,,,,
841,06/10/19 08:00:00 AM,23.665,100.000,,,,,
842,06/10/19 08:05:00 AM,23.689,100.000,,,,,
843,06/10/19 08:10:00 AM,23.737,100.000,,,,,
844,06/10/19 08:15:00 AM,23.809,100.000,,,,,
845,06/10/19 08:20:00 AM,23.881,100.000,,,,,
846,06/10/19 08:25:00 AM,23.930,100.000,,,,,
847,06/10/19 08:30:00 AM,24.002,100.000,,,,,
848,06/10/19 08:35:00 AM,24.074,100.000,,,,,
849,06/10/19 08:40:00 AM,24.122,100.000,,,,,
850,06/10/19 08:45:00 AM,24.171,100.000,,,,,
851,06/10/19 08:50:00 AM,24.219,100.000,,,,,
852,06/10/19 08:55:00 AM,24.315,100.000,,,,,
853,06/10/19 09:00:00 AM,24.388,100.000,,,,,
854,06/10/19 09:05:00 AM,24.484,100.000,,,,,
855,06/10/19 09:10:00 AM,24.605,100.000,,,,,
856,06/10/19 09:15:00 AM,24.726,100.000,,,,,
857,06/10/19 09:20:00 AM,24.847,100.000,,,,,
858,06/10/19 09:25:00 AM,24.944,100.000,,,,,
859,06/10/19 09:30:00 AM,25.113,100.000,,,,,
860,06/10/19 09:35:00 AM,25.404,100.000,,,,,
861,06/10/19 09:40:00 AM,25.744,100.000,,,,,
862,06/10/19 09:45:00 AM,25.939,100.000,,,,,
863,06/10/19 09:50:00 AM,26.061,100.000,,,,,
864,06/10/19 09:55:00 AM,26.085,100.000,,,,,
865,06/10/19 10:00:00 AM,26.061,100.000,,,,,
866,06/10/19 10:05:00 AM,26.061,100.000,,,,,
867,06/10/19 10:10:00 AM,26.158,100.000,,,,,
868,06/10/19 10:15:00 AM,26.329,100.000,,,,,
869,06/10/19 10:20:00 AM,26.402,100.000,,,,,
870,06/10/19 10:25:00 AM,26.426,100.000,,,,,
871,06/10/19 10:30:00 AM,26.329,100.000,,,,,
872,06/10/19 10:35:00 AM,26.158,100.000,,,,,
873,06/10/19 10:40:00 AM,26.012,100.000,,,,,
874,06/10/19 10:45:00 AM,26.109,100.000,,,,,
875,06/10/19 10:50:00 AM,26.475,100.000,,,,,
876,06/10/19 10:55:00 AM,26.769,100.000,,,,,
877,06/10/19 11:00:00 AM,26.916,100.000,,,,,
878,06/10/19 11:05:00 AM,26.867,100.000,,,,,
879,06/10/19 11:10:00 AM,26.769,100.000,,,,,
880,06/10/19 11:15:00 AM,26.646,100.000,,,,,
881,06/10/19 11:20:00 AM,26.744,100.000,,,,,
882,06/10/19 11:25:00 AM,26.940,100.000,,,,,
883,06/10/19 11:30:00 AM,27.063,100.000,,,,,
884,06/10/19 11:35:00 AM,27.136,100.000,,,,,
885,06/10/19 11:40:00 AM,27.014,100.000,,,,,
886,06/10/19 11:45:00 AM,27.014,100.000,,,,,
887,06/10/19 11:50:00 AM,27.382,100.000,,,,,
888,06/10/19 11:55:00 AM,27.653,100.000,,,,,
889,06/10/19 12:00:00 PM,27.751,100.000,,,,,
890,06/10/19 12:05:00 PM,27.776,100.000,,,,,
891,06/10/19 12:10:00 PM,27.604,100.000,,,,,
892,06/10/19 12:15:00 PM,27.063,100.000,,,,,
893,06/10/19 12:20:00 PM,26.182,100.000,,,,,
894,06/10/19 12:25:00 PM,25.768,100.000,,,,,
895,06/10/19 12:30:00 PM,25.258,100.000,,,,,
896,06/10/19 12:35:00 PM,24.968,100.000,,,,,
897,06/10/19 12:40:00 PM,24.774,100.000,,,,,
898,06/10/19 12:45:00 PM,24.532,100.000,,,,,
899,06/10/19 12:50:00 PM,24.412,100.000,,,,,
900,06/10/19 12:55:00 PM,24.436,100.000,,,,,
901,06/10/19 01:00:00 PM,24.532,100.000,,,,,
902,06/10/19 01:05:00 PM,24.750,100.000,,,,,
903,06/10/19 01:10:00 PM,24.968,100.000,,,,,
904,06/10/19 01:15:00 PM,25.210,100.000,,,,,
905,06/10/19 01:20:00 PM,25.647,100.000,,,,,
906,06/10/19 01:25:00 PM,26.012,100.000,,,,,
907,06/10/19 01:30:00 PM,26.256,100.000,,,,,
908,06/10/19 01:35:00 PM,26.500,100.000,,,,,
909,06/10/19 01:40:00 PM,26.867,100.000,,,,,
910,06/10/19 01:45:00 PM,27.087,100.000,,,,,
911,06/10/19 01:50:00 PM,27.136,100.000,,,,,
912,06/10/19 01:55:00 PM,27.235,100.000,,,,,
913,06/10/19 02:00:00 PM,27.530,100.000,,,,,
914,06/10/19 02:05:00 PM,27.801,100.000,,,,,
915,06/10/19 02:10:00 PM,28.245,100.000,,,,,
916,06/10/19 02:15:00 PM,28.468,100.000,,,,,
917,06/10/19 02:20:00 PM,28.667,100.000,,,,,
918,06/10/19 02:25:00 PM,28.791,100.000,,,,,
919,06/10/19 02:30:00 PM,29.265,100.000,,,,,
920,06/10/19 02:35:00 PM,29.615,100.000,,,,,
921,06/10/19 02:40:00 PM,29.941,100.000,,,,,
922,06/10/19 02:45:00 PM,30.318,100.000,,,,,
923,06/10/19 02:50:00 PM,30.596,100.000,,,,,
924,06/10/19 02:55:00 PM,30.545,100.000,,,,,
925,06/10/19 03:00:00 PM,30.444,100.000,,,,,
926,06/10/19 03:05:00 PM,30.016,100.000,,,,,
927,06/10/19 03:10:00 PM,29.840,100.000,,,,,
928,06/10/19 03:15:00 PM,29.991,100.000,,,,,
929,06/10/19 03:20:00 PM,30.041,100.000,,,,,
930,06/10/19 03:25:00 PM,30.117,100.000,,,,,
931,06/10/19 03:30:00 PM,30.142,100.000,,,,,
932,06/10/19 03:35:00 PM,30.016,100.000,,,,,
933,06/10/19 03:40:00 PM,29.966,100.000,,,,,
934,06/10/19 03:45:00 PM,29.790,100.000,,,,,
935,06/10/19 03:50:00 PM,29.515,100.000,,,,,
936,06/10/19 03:55:00 PM,29.215,100.000,,,,,
937,06/10/19 04:00:00 PM,29.140,100.000,,,,,
938,06/10/19 04:05:00 PM,29.140,100.000,,,,,
939,06/10/19 04:10:00 PM,29.265,100.000,,,,,
940,06/10/19 04:15:00 PM,29.215,100.000,,,,,
941,06/10/19 04:20:00 PM,28.941,100.000,,,,,
942,06/10/19 04:25:00 PM,28.320,100.000,,,,,
943,06/10/19 04:30:00 PM,27.604,100.000,,,,,
944,06/10/19 04:35:00 PM,26.769,100.000,,,,,
945,06/10/19 04:40:00 PM,25.963,100.000,,,,,
946,06/10/19 04:45:00 PM,25.671,100.000,,,,,
947,06/10/19 04:50:00 PM,25.768,100.000,,,,,
948,06/10/19 04:55:00 PM,25.939,100.000,,,,,
949,06/10/19 05:00:00 PM,26.207,100.000,,,,,
950,06/10/19 05:05:00 PM,26.329,100.000,,,,,
951,06/10/19 05:10:00 PM,26.451,100.000,,,,,
952,06/10/19 05:15:00 PM,26.280,100.000,,,,,
953,06/10/19 05:20:00 PM,26.036,100.000,,,,,
954,06/10/19 05:25:00 PM,25.841,100.000,,,,,
955,06/10/19 05:30:00 PM,25.768,100.000,,,,,
956,06/10/19 05:35:00 PM,25.647,100.000,,,,,
957,06/10/19 05:40:00 PM,25.550,100.000,,,,,
958,06/10/19 05:45:00 PM,25.477,100.000,,,,,
959,06/10/19 05:50:00 PM,25.355,100.000,,,,,
960,06/10/19 05:55:00 PM,25.283,100.000,,,,,
961,06/10/19 06:00:00 PM,25.234,100.000,,,,,
962,06/10/19 06:05:00 PM,25.258,100.000,,,,,
963,06/10/19 06:10:00 PM,25.234,100.000,,,,,
964,06/10/19 06:15:00 PM,25.210,100.000,,,,,
965,06/10/19 06:20:00 PM,25.210,100.000,,,,,
966,06/10/19 06:25:00 PM,25.137,100.000,,,,,
967,06/10/19 06:30:00 PM,25.065,100.000,,,,,
968,06/10/19 06:35:00 PM,25.016,100.000,,,,,
969,06/10/19 06:40:00 PM,25.016,100.000,,,,,
970,06/10/19 06:45:00 PM,24.968,100.000,,,,,
971,06/10/19 06:50:00 PM,24.968,100.000,,,,,
972,06/10/19 06:55:00 PM,24.944,100.000,,,,,
973,06/10/19 07:00:00 PM,24.919,100.000,,,,,
974,06/10/19 07:05:00 PM,24.919,100.000,,,,,
975,06/10/19 07:10:00 PM,24.919,100.000,,,,,
976,06/10/19 07:15:00 PM,24.919,100.000,,,,,
977,06/10/19 07:20:00 PM,24.895,100.000,,,,,
978,06/10/19 07:25:00 PM,24.871,100.000,,,,,
979,06/10/19 07:30:00 PM,24.823,100.000,,,,,
980,06/10/19 07:35:00 PM,24.798,100.000,,,,,
981,06/10/19 07:40:00 PM,24.774,100.000,,,,,
982,06/10/19 07:45:00 PM,24.750,100.000,,,,,
983,06/10/19 07:50:00 PM,24.750,100.000,,,,,
984,06/10/19 07:55:00 PM,24.726,100.000,,,,,
985,06/10/19 08:00:00 PM,24.726,100.000,,,,,
986,06/10/19 08:05:00 PM,24.677,100.000,,,,,
987,06/10/19 08:10:00 PM,24.653,100.000,,,,,
988,06/10/19 08:15:00 PM,24.605,100.000,,,,,
989,06/10/19 08:20:00 PM,24.532,100.000,,,,,
990,06/10/19 08:25:00 PM,24.484,100.000,,,,,
991,06/10/19 08:30:00 PM,24.460,100.000,,,,,
992,06/10/19 08:35:00 PM,24.460,100.000,,,,,
993,06/10/19 08:40:00 PM,24.436,100.000,,,,,
994,06/10/19 08:45:00 PM,24.412,100.000,,,,,
995,06/10/19 08:50:00 PM,24.412,100.000,,,,,
996,06/10/19 08:55:00 PM,24.388,100.000,,,,,
997,06/10/19 09:00:00 PM,24.315,100.000,,,,,
998,06/10/19 09:05:00 PM,24.267,100.000,,,,,
999,06/10/19 09:10:00 PM,24.219,100.000,,,,,
1000,06/10/19 09:15:00 PM,24.195,100.000,,,,,
1001,06/10/19 09:20:00 PM,24.171,100.000,,,,,
1002,06/10/19 09:25:00 PM,24.171,100.000,,,,,
1003,06/10/19 09:30:00 PM,24.195,100.000,,,,,
1004,06/10/19 09:35:00 PM,24.195,100.000,,,,,
1005,06/10/19 09:40:00 PM,24.171,100.000,,,,,
1006,06/10/19 09:45:00 PM,24.146,100.000,,,,,
1007,06/10/19 09:50:00 PM,24.122,100.000,,,,,
1008,06/10/19 09:55:00 PM,24.146,100.000,,,,,
1009,06/10/19 10:00:00 PM,24.146,100.000,,,,,
1010,06/10/19 10:05:00 PM,24.122,100.000,,,,,
1011,06/10/19 10:10:00 PM,24.074,100.000,,,,,
1012,06/10/19 10:15:00 PM,24.050,100.000,,,,,
1013,06/10/19 10:20:00 PM,24.026,100.000,,,,,
1014,06/10/19 10:25:00 PM,23.978,100.000,,,,,
1015,06/10/19 10:30:00 PM,23.954,100.000,,,,,
1016,06/10/19 10:35:00 PM,23.954,100.000,,,,,
1017,06/10/19 10:40:00 PM,23.954,100.000,,,,,
1018,06/10/19 10:45:00 PM,23.954,100.000,,,,,
1019,06/10/19 10:50:00 PM,23.954,100.000,,,,,
1020,06/10/19 10:55:00 PM,23.930,100.000,,,,,
1021,06/10/19 11:00:00 PM,23.954,100.000,,,,,
1022,06/10/19 11:05:00 PM,23.905,100.000,,,,,
1023,06/10/19 11:10:00 PM,23.881,100.000,,,,,
1024,06/10/19 11:15:00 PM,23.881,100.000,,,,,
1025,06/10/19 11:20:00 PM,23.905,100.000,,,,,
1026,06/10/19 11:25:00 PM,23.857,100.000,,,,,
1027,06/10/19 11:30:00 PM,23.833,100.000,,,,,
1028,06/10/19 11:35:00 PM,23.809,100.000,,,,,
1029,06/10/19 11:40:00 PM,23.761,100.000,,,,,
1030,06/10/19 11:45:00 PM,23.737,100.000,,,,,
1031,06/10/19 11:50:00 PM,23.713,100.000,,,,,
1032,06/10/19 11:55:00 PM,23.761,100.000,,,,,
1033,06/11/19 12:00:00 AM,23.737,100.000,,,,,
1034,06/11/19 12:05:00 AM,23.689,100.000,,,,,
1035,06/11/19 12:10:00 AM,23.641,100.000,,,,,
1036,06/11/19 12:15:00 AM,23.641,100.000,,,,,
1037,06/11/19 12:20:00 AM,23.665,100.000,,,,,
1038,06/11/19 12:25:00 AM,23.617,100.000,,,,,
1039,06/11/19 12:30:00 AM,23.617,100.000,,,,,
1040,06/11/19 12:35:00 AM,23.593,100.000,,,,,
1041,06/11/19 12:40:00 AM,23.569,100.000,,,,,
1042,06/11/19 12:45:00 AM,23.521,100.000,,,,,
1043,06/11/19 12:50:00 AM,23.521,100.000,,,,,
1044,06/11/19 12:55:00 AM,23.472,100.000,,,,,
1045,06/11/19 01:00:00 AM,23.424,100.000,,,,,
1046,06/11/19 01:05:00 AM,23.424,100.000,,,,,
1047,06/11/19 01:10:00 AM,23.424,100.000,,,,,
1048,06/11/19 01:15:00 AM,23.424,100.000,,,,,
1049,06/11/19 01:20:00 AM,23.400,100.000,,,,,
1050,06/11/19 01:25:00 AM,23.424,100.000,,,,,
1051,06/11/19 01:30:00 AM,23.448,100.000,,,,,
1052,06/11/19 01:35:00 AM,23.448,100.000,,,,,
1053,06/11/19 01:40:00 AM,23.424,100.000,,,,,
1054,06/11/19 01:45:00 AM,23.424,100.000,,,,,
1055,06/11/19 01:50:00 AM,23.424,100.000,,,,,
1056,06/11/19 01:55:00 AM,23.424,100.000,,,,,
1057,06/11/19 02:00:00 AM,23.352,100.000,,,,,
1058,06/11/19 02:05:00 AM,23.352,100.000,,,,,
1059,06/11/19 02:10:00 AM,23.376,100.000,,,,,
1060,06/11/19 02:15:00 AM,23.400,100.000,,,,,
1061,06/11/19 02:20:00 AM,23.376,100.000,,,,,
1062,06/11/19 02:25:00 AM,23.328,100.000,,,,,
1063,06/11/19 02:30:00 AM,23.304,100.000,,,,,
1064,06/11/19 02:35:00 AM,23.280,100.000,,,,,
1065,06/11/19 02:40:00 AM,23.280,100.000,,,,,
1066,06/11/19 02:45:00 AM,23.256,100.000,,,,,
1067,06/11/19 02:50:00 AM,23.208,100.000,,,,,
1068,06/11/19 02:55:00 AM,23.160,100.000,,,,,
1069,06/11/19 03:00:00 AM,23.112,100.000,,,,,
1070,06/11/19 03:05:00 AM,23.112,100.000,,,,,
1071,06/11/19 03:10:00 AM,23.136,100.000,,,,,
1072,06/11/19 03:15:00 AM,23.160,100.000,,,,,
1073,06/11/19 03:20:00 AM,23.136,100.000,,,,,
1074,06/11/19 03:25:00 AM,23.112,100.000,,,,,
1075,06/11/19 03:30:00 AM,23.088,100.000,,,,,
1076,06/11/19 03:35:00 AM,23.064,100.000,,,,,
1077,06/11/19 03:40:00 AM,23.040,100.000,,,,,
1078,06/11/19 03:45:00 AM,23.040,100.000,,,,,
1079,06/11/19 03:50:00 AM,23.040,100.000,,,,,
1080,06/11/19 03:55:00 AM,22.992,100.000,,,,,
1081,06/11/19 04:00:00 AM,22.944,100.000,,,,,
1082,06/11/19 04:05:00 AM,22.944,100.000,,,,,
1083,06/11/19 04:10:00 AM,22.968,100.000,,,,,
1084,06/11/19 04:15:00 AM,22.968,100.000,,,,,
1085,06/11/19 04:20:00 AM,22.992,100.000,,,,,
1086,06/11/19 04:25:00 AM,22.968,100.000,,,,,
1087,06/11/19 04:30:00 AM,22.992,100.000,,,,,
1088,06/11/19 04:35:00 AM,22.968,100.000,,,,,
1089,06/11/19 04:40:00 AM,22.992,100.000,,,,,
1090,06/11/19 04:45:00 AM,22.944,100.000,,,,,
1091,06/11/19 04:50:00 AM,22.896,100.000,,,,,
1092,06/11/19 04:55:00 AM,22.824,100.000,,,,,
1093,06/11/19 05:00:00 AM,22.848,100.000,,,,,
1094,06/11/19 05:05:00 AM,22.824,100.000,,,,,
1095,06/11/19 05:10:00 AM,22.824,100.000,,,,,
1096,06/11/19 05:15:00 AM,22.824,100.000,,,,,
1097,06/11/19 05:20:00 AM,22.776,100.000,,,,,
1098,06/11/19 05:25:00 AM,22.729,100.000,,,,,
1099,06/11/19 05:30:00 AM,22.753,100.000,,,,,
1100,06/11/19 05:35:00 AM,22.753,100.000,,,,,
1101,06/11/19 05:40:00 AM,22.753,100.000,,,,,
1102,06/11/19 05:45:00 AM,22.705,100.000,,,,,
1103,06/11/19 05:50:00 AM,22.705,100.000,,,,,
1104,06/11/19 05:55:00 AM,22.681,100.000,,,,,
1105,06/11/19 06:00:00 AM,22.633,100.000,,,,,
1106,06/11/19 06:05:00 AM,22.657,100.000,,,,,
1107,06/11/19 06:10:00 AM,22.633,100.000,,,,,
1108,06/11/19 06:15:00 AM,22.633,100.000,,,,,
1109,06/11/19 06:20:00 AM,22.633,100.000,,,,,
1110,06/11/19 06:25:00 AM,22.657,100.000,,,,,
1111,06/11/19 06:30:00 AM,22.609,100.000,,,,,
1112,06/11/19 06:35:00 AM,22.609,100.000,,,,,
1113,06/11/19 06:40:00 AM,22.633,100.000,,,,,
1114,06/11/19 06:45:00 AM,22.657,100.000,,,,,
1115,06/11/19 06:50:00 AM,22.705,100.000,,,,,
1116,06/11/19 06:55:00 AM,22.729,100.000,,,,,
1117,06/11/19 07:00:00 AM,22.753,100.000,,,,,
1118,06/11/19 07:05:00 AM,22.776,100.000,,,,,
1119,06/11/19 07:10:00 AM,22.776,100.000,,,,,
1120,06/11/19 07:15:00 AM,22.800,100.000,,,,,
1121,06/11/19 07:20:00 AM,22.824,100.000,,,,,
1122,06/11/19 07:25:00 AM,22.848,100.000,,,,,
1123,06/11/19 07:30:00 AM,22.872,100.000,,,,,
1124,06/11/19 07:35:00 AM,22.920,100.000,,,,,
1125,06/11/19 07:40:00 AM,22.992,100.000,,,,,
1126,06/11/19 07:45:00 AM,23.040,100.000,,,,,
1127,06/11/19 07:50:00 AM,23.088,100.000,,,,,
1128,06/11/19 07:55:00 AM,23.136,100.000,,,,,
1129,06/11/19 08:00:00 AM,23.184,100.000,,,,,
1130,06/11/19 08:05:00 AM,23.280,100.000,,,,,
1131,06/11/19 08:10:00 AM,23.376,100.000,,,,,
1132,06/11/19 08:15:00 AM,23.448,100.000,,,,,
1133,06/11/19 08:20:00 AM,23.545,100.000,,,,,
1134,06/11/19 08:25:00 AM,23.641,100.000,,,,,
1135,06/11/19 08:30:00 AM,23.737,100.000,,,,,
1136,06/11/19 08:35:00 AM,23.857,100.000,,,,,
1137,06/11/19 08:40:00 AM,23.954,100.000,,,,,
1138,06/11/19 08:45:00 AM,24.050,100.000,,,,,
1139,06/11/19 08:50:00 AM,24.171,100.000,,,,,
1140,06/11/19 08:55:00 AM,24.219,100.000,,,,,
1141,06/11/19 09:00:00 AM,24.291,100.000,,,,,
1142,06/11/19 09:05:00 AM,24.363,100.000,,,,,
1143,06/11/19 09:10:00 AM,24.436,100.000,,,,,
1144,06/11/19 09:15:00 AM,24.532,100.000,,,,,
1145,06/11/19 09:20:00 AM,24.557,100.000,,,,,
1146,06/11/19 09:25:00 AM,24.532,100.000,,,,,
1147,06/11/19 09:30:00 AM,24.581,100.000,,,,,
1148,06/11/19 09:35:00 AM,24.702,100.000,,,,,
1149,06/11/19 09:40:00 AM,24.823,100.000,,,,,
1150,06/11/19 09:45:00 AM,24.944,100.000,,,,,
1151,06/11/19 09:50:00 AM,24.992,100.000,,,,,
1152,06/11/19 09:55:00 AM,24.968,100.000,,,,,
1153,06/11/19 10:00:00 AM,24.968,100.000,,,,,
1154,06/11/19 10:05:00 AM,25.040,100.000,,,,,
1155,06/11/19 10:10:00 AM,25.089,100.000,,,,,
1156,06/11/19 10:15:00 AM,25.089,100.000,,,,,
1157,06/11/19 10:20:00 AM,25.186,100.000,,,,,
1158,06/11/19 10:25:00 AM,25.258,100.000,,,,,
1159,06/11/19 10:30:00 AM,25.307,100.000,,,,,
1160,06/11/19 10:35:00 AM,25.380,100.000,,,,,
1161,06/11/19 10:40:00 AM,25.404,100.000,,,,,
1162,06/11/19 10:45:00 AM,25.355,100.000,,,,,
1163,06/11/19 10:50:00 AM,25.501,100.000,,,,,
1164,06/11/19 10:55:00 AM,25.598,100.000,,,,,
1165,06/11/19 11:00:00 AM,25.720,100.000,,,,,
1166,06/11/19 11:05:00 AM,25.744,100.000,,,,,
1167,06/11/19 11:10:00 AM,26.012,100.000,,,,,
1168,06/11/19 11:15:00 AM,26.109,100.000,,,,,
1169,06/11/19 11:20:00 AM,26.134,100.000,,,,,
1170,06/11/19 11:25:00 AM,26.182,100.000,,,,,
1171,06/11/19 11:30:00 AM,26.182,100.000,,,,,
1172,06/11/19 11:35:00 AM,26.085,100.000,,,,,
1173,06/11/19 11:40:00 AM,26.036,100.000,,,,,
1174,06/11/19 11:45:00 AM,26.109,100.000,,,,,
1175,06/11/19 11:50:00 AM,26.256,100.000,,,,,
1176,06/11/19 11:55:00 AM,26.353,100.000,,,,,
1177,06/11/19 12:00:00 PM,26.451,100.000,,,,,
1178,06/11/19 12:05:00 PM,26.451,100.000,,,,,
1179,06/11/19 12:10:00 PM,26.353,100.000,,,,,
1180,06/11/19 12:15:00 PM,26.231,100.000,,,,,
1181,06/11/19 12:20:00 PM,26.304,100.000,,,,,
1182,06/11/19 12:25:00 PM,26.402,100.000,,,,,
1183,06/11/19 12:30:00 PM,26.500,100.000,,,,,
1184,06/11/19 12:35:00 PM,26.598,100.000,,,,,
1185,06/11/19 12:40:00 PM,26.671,100.000,,,,,
1186,06/11/19 12:45:00 PM,26.793,100.000,,,,,
1187,06/11/19 12:50:00 PM,26.867,100.000,,,,,
1188,06/11/19 12:55:00 PM,26.965,100.000,,,,,
1189,06/11/19 01:00:00 PM,26.965,100.000,,,,,
1190,06/11/19 01:05:00 PM,26.769,100.000,,,,,
1191,06/11/19 01:10:00 PM,26.769,100.000,,,,,
1192,06/11/19 01:15:00 PM,26.867,100.000,,,,,
1193,06/11/19 01:20:00 PM,26.940,100.000,,,,,
1194,06/11/19 01:25:00 PM,26.916,100.000,,,,,
1195,06/11/19 01:30:00 PM,27.014,100.000,,,,,
1196,06/11/19 01:35:00 PM,27.186,100.000,,,,,
1197,06/11/19 01:40:00 PM,27.161,100.000,,,,,
1198,06/11/19 01:45:00 PM,27.308,100.000,,,,,
1199,06/11/19 01:50:00 PM,27.554,100.000,,,,,
1200,06/11/19 01:55:00 PM,27.825,100.000,,,,,
1201,06/11/19 02:00:00 PM,27.825,100.000,,,,,
1202,06/11/19 02:05:00 PM,27.579,100.000,,,,,
1203,06/11/19 02:10:00 PM,27.456,100.000,,,,,
1204,06/11/19 02:15:00 PM,27.235,100.000,,,,,
1205,06/11/19 02:20:00 PM,27.014,100.000,,,,,
1206,06/11/19 02:25:00 PM,26.916,100.000,,,,,
1207,06/11/19 02:30:00 PM,26.842,100.000,,,,,
1208,06/11/19 02:35:00 PM,26.671,100.000,,,,,
1209,06/11/19 02:40:00 PM,26.524,100.000,,,,,
1210,06/11/19 02:45:00 PM,26.475,100.000,,,,,
1211,06/11/19 02:50:00 PM,26.426,100.000,,,,,
1212,06/11/19 02:55:00 PM,26.378,100.000,,,,,
1213,06/11/19 03:00:00 PM,26.426,100.000,,,,,
1214,06/11/19 03:05:00 PM,26.475,100.000,,,,,
1215,06/11/19 03:10:00 PM,26.475,100.000,,,,,
1216,06/11/19 03:15:00 PM,26.524,100.000,,,,,
1217,06/11/19 03:20:00 PM,26.451,100.000,,,,,
1218,06/11/19 03:25:00 PM,26.304,100.000,,,,,
1219,06/11/19 03:30:00 PM,26.256,100.000,,,,,
1220,06/11/19 03:35:00 PM,26.304,100.000,,,,,
1221,06/11/19 03:40:00 PM,26.304,100.000,,,,,
1222,06/11/19 03:45:00 PM,26.280,100.000,,,,,
1223,06/11/19 03:50:00 PM,26.182,100.000,,,,,
1224,06/11/19 03:55:00 PM,26.207,100.000,,,,,
1225,06/11/19 04:00:00 PM,26.256,100.000,,,,,
1226,06/11/19 04:05:00 PM,26.231,100.000,,,,,
1227,06/11/19 04:10:00 PM,26.231,100.000,,,,,
1228,06/11/19 04:15:00 PM,26.231,100.000,,,,,
1229,06/11/19 04:20:00 PM,26.256,100.000,,,,,
1230,06/11/19 04:25:00 PM,26.207,100.000,,,,,
1231,06/11/19 04:30:00 PM,26.207,100.000,,,,,
1232,06/11/19 04:35:00 PM,26.182,100.000,,,,,
1233,06/11/19 04:40:00 PM,26.109,100.000,,,,,
1234,06/11/19 04:45:00 PM,26.061,100.000,,,,,
1235,06/11/19 04:50:00 PM,26.036,100.000,,,,,
1236,06/11/19 04:55:00 PM,26.036,100.000,,,,,
1237,06/11/19 05:00:00 PM,26.036,100.000,,,,,
1238,06/11/19 05:05:00 PM,26.085,100.000,,,,,
1239,06/11/19 05:10:00 PM,26.134,100.000,,,,,
1240,06/11/19 05:15:00 PM,26.158,100.000,,,,,
1241,06/11/19 05:20:00 PM,26.207,100.000,,,,,
1242,06/11/19 05:25:00 PM,26.231,100.000,,,,,
1243,06/11/19 05:30:00 PM,26.207,100.000,,,,,
1244,06/11/19 05:35:00 PM,26.182,100.000,,,,,
1245,06/11/19 05:40:00 PM,26.134,100.000,,,,,
1246,06/11/19 05:45:00 PM,26.061,100.000,,,,,
1247,06/11/19 05:50:00 PM,26.012,100.000,,,,,
1248,06/11/19 05:55:00 PM,25.963,100.000,,,,,
1249,06/11/19 06:00:00 PM,25.890,100.000,,,,,
1250,06/11/19 06:05:00 PM,25.817,100.000,,,,,
1251,06/11/19 06:10:00 PM,25.793,100.000,,,,,
1252,06/11/19 06:15:00 PM,25.768,100.000,,,,,
1253,06/11/19 06:20:00 PM,25.720,100.000,,,,,
1254,06/11/19 06:25:00 PM,25.671,100.000,,,,,
1255,06/11/19 06:30:00 PM,25.598,100.000,,,,,
1256,06/11/19 06:35:00 PM,25.574,100.000,,,,,
1257,06/11/19 06:40:00 PM,25.550,100.000,,,,,
1258,06/11/19 06:45:00 PM,25.525,100.000,,,,,
1259,06/11/19 06:50:00 PM,25.525,100.000,,,,,
1260,06/11/19 06:55:00 PM,25.501,100.000,,,,,
1261,06/11/19 07:00:00 PM,25.477,100.000,,,,,
1262,06/11/19 07:05:00 PM,25.453,100.000,,,,,
1263,06/11/19 07:10:00 PM,25.428,100.000,,,,,
1264,06/11/19 07:15:00 PM,25.404,100.000,,,,,
1265,06/11/19 07:20:00 PM,25.380,100.000,,,,,
1266,06/11/19 07:25:00 PM,25.331,100.000,,,,,
1267,06/11/19 07:30:00 PM,25.307,100.000,,,,,
1268,06/11/19 07:35:00 PM,25.283,100.000,,,,,
1269,06/11/19 07:40:00 PM,25.283,100.000,,,,,
1270,06/11/19 07:45:00 PM,25.258,100.000,,,,,
1271,06/11/19 07:50:00 PM,25.283,100.000,,,,,
1272,06/11/19 07:55:00 PM,25.234,100.000,,,,,
1273,06/11/19 08:00:00 PM,25.186,100.000,,,,,
1274,06/11/19 08:05:00 PM,25.186,100.000,,,,,
1275,06/11/19 08:10:00 PM,25.162,100.000,,,,,
1276,06/11/19 08:15:00 PM,25.113,100.000,,,,,
1277,06/11/19 08:20:00 PM,25.065,100.000,,,,,
1278,06/11/19 08:25:00 PM,25.040,100.000,,,,,
1279,06/11/19 08:30:00 PM,25.016,100.000,,,,,
1280,06/11/19 08:35:00 PM,24.992,100.000,,,,,
1281,06/11/19 08:40:00 PM,24.992,100.000,,,,,
1282,06/11/19 08:45:00 PM,24.992,100.000,,,,,
1283,06/11/19 08:50:00 PM,24.992,100.000,,,,,
1284,06/11/19 08:55:00 PM,24.968,100.000,,,,,
1285,06/11/19 09:00:00 PM,24.968,100.000,,,,,
1286,06/11/19 09:05:00 PM,24.944,100.000,,,,,
1287,06/11/19 09:10:00 PM,24.944,100.000,,,,,
1288,06/11/19 09:15:00 PM,24.944,100.000,,,,,
1289,06/11/19 09:20:00 PM,24.944,100.000,,,,,
1290,06/11/19 09:25:00 PM,24.895,100.000,,,,,
1291,06/11/19 09:30:00 PM,24.871,100.000,,,,,
1292,06/11/19 09:35:00 PM,24.847,100.000,,,,,
1293,06/11/19 09:40:00 PM,24.823,100.000,,,,,
1294,06/11/19 09:45:00 PM,24.798,100.000,,,,,
1295,06/11/19 09:50:00 PM,24.774,100.000,,,,,
1296,06/11/19 09:55:00 PM,24.750,100.000,,,,,
1297,06/11/19 10:00:00 PM,24.702,100.000,,,,,
1298,06/11/19 10:05:00 PM,24.677,100.000,,,,,
1299,06/11/19 10:10:00 PM,24.629,100.000,,,,,
1300,06/11/19 10:15:00 PM,24.605,100.000,,,,,
1301,06/11/19 10:20:00 PM,24.605,100.000,,,,,
1302,06/11/19 10:25:00 PM,24.605,100.000,,,,,
1303,06/11/19 10:30:00 PM,24.581,100.000,,,,,
1304,06/11/19 10:35:00 PM,24.557,100.000,,,,,
1305,06/11/19 10:40:00 PM,24.532,100.000,,,,,
1306,06/11/19 10:45:00 PM,24.484,100.000,,,,,
1307,06/11/19 10:50:00 PM,24.460,100.000,,,,,
1308,06/11/19 10:55:00 PM,24.436,100.000,,,,,
1309,06/11/19 11:00:00 PM,24.436,100.000,,,,,
1310,06/11/19 11:05:00 PM,24.436,100.000,,,,,
1311,06/11/19 11:10:00 PM,24.460,100.000,,,,,
1312,06/11/19 11:15:00 PM,24.484,100.000,,,,,
1313,06/11/19 11:20:00 PM,24.508,100.000,,,,,
1314,06/11/19 11:25:00 PM,24.508,100.000,,,,,
1315,06/11/19 11:30:00 PM,24.508,100.000,,,,,
1316,06/11/19 11:35:00 PM,24.484,100.000,,,,,
1317,06/11/19 11:40:00 PM,24.484,100.000,,,,,
1318,06/11/19 11:45:00 PM,24.484,100.000,,,,,
1319,06/11/19 11:50:00 PM,24.484,100.000,,,,,
1320,06/11/19 11:55:00 PM,24.484,100.000,,,,,
1321,06/12/19 12:00:00 AM,24.460,100.000,,,,,
1322,06/12/19 12:05:00 AM,24.436,100.000,,,,,
1323,06/12/19 12:10:00 AM,24.412,100.000,,,,,
1324,06/12/19 12:15:00 AM,24.436,100.000,,,,,
1325,06/12/19 12:20:00 AM,24.412,100.000,,,,,
1326,06/12/19 12:25:00 AM,24.388,100.000,,,,,
1327,06/12/19 12:30:00 AM,24.339,100.000,,,,,
1328,06/12/19 12:35:00 AM,24.267,100.000,,,,,
1329,06/12/19 12:40:00 AM,24.219,100.000,,,,,
1330,06/12/19 12:45:00 AM,24.219,100.000,,,,,
1331,06/12/19 12:50:00 AM,24.171,100.000,,,,,
1332,06/12/19 12:55:00 AM,24.122,100.000,,,,,
1333,06/12/19 01:00:00 AM,24.098,100.000,,,,,
1334,06/12/19 01:05:00 AM,24.074,100.000,,,,,
1335,06/12/19 01:10:00 AM,24.050,100.000,,,,,
1336,06/12/19 01:15:00 AM,24.050,100.000,,,,,
1337,06/12/19 01:20:00 AM,24.050,100.000,,,,,
1338,06/12/19 01:25:00 AM,24.002,100.000,,,,,
1339,06/12/19 01:30:00 AM,24.002,100.000,,,,,
1340,06/12/19 01:35:00 AM,23.978,100.000,,,,,
1341,06/12/19 01:40:00 AM,23.930,100.000,,,,,
1342,06/12/19 01:45:00 AM,23.930,100.000,,,,,
1343,06/12/19 01:50:00 AM,23.905,100.000,,,,,
1344,06/12/19 01:55:00 AM,23.905,100.000,,,,,
1345,06/12/19 02:00:00 AM,23.881,100.000,,,,,
1346,06/12/19 02:05:00 AM,23.833,100.000,,,,,
1347,06/12/19 02:10:00 AM,23.833,100.000,,,,,
1348,06/12/19 02:15:00 AM,23.809,100.000,,,,,
1349,06/12/19 02:20:00 AM,23.809,100.000,,,,,
1350,06/12/19 02:25:00 AM,23.785,100.000,,,,,
1351,06/12/19 02:30:00 AM,23.785,100.000,,,,,
1352,06/12/19 02:35:00 AM,23.737,100.000,,,,,
1353,06/12/19 02:40:00 AM,23.713,100.000,,,,,
1354,06/12/19 02:45:00 AM,23.737,100.000,,,,,
1355,06/12/19 02:50:00 AM,23.737,100.000,,,,,
1356,06/12/19 02:55:00 AM,23.737,100.000,,,,,
1357,06/12/19 03:00:00 AM,23.737,100.000,,,,,
1358,06/12/19 03:05:00 AM,23.737,100.000,,,,,
1359,06/12/19 03:10:00 AM,23.761,100.000,,,,,
1360,06/12/19 03:15:00 AM,23.761,100.000,,,,,
1361,06/12/19 03:20:00 AM,23.761,100.000,,,,,
1362,06/12/19 03:25:00 AM,23.761,100.000,,,,,
1363,06/12/19 03:30:00 AM,23.761,100.000,,,,,
1364,06/12/19 03:35:00 AM,23.785,100.000,,,,,
1365,06/12/19 03:40:00 AM,23.761,100.000,,,,,
1366,06/12/19 03:45:00 AM,23.761,100.000,,,,,
1367,06/12/19 03:50:00 AM,23.737,100.000,,,,,
1368,06/12/19 03:55:00 AM,23.737,100.000,,,,,
1369,06/12/19 04:00:00 AM,23.737,100.000,,,,,
1370,06/12/19 04:05:00 AM,23.737,100.000,,,,,
1371,06/12/19 04:10:00 AM,23.761,100.000,,,,,
1372,06/12/19 04:15:00 AM,23.785,100.000,,,,,
1373,06/12/19 04:20:00 AM,23.761,100.000,,,,,
1374,06/12/19 04:25:00 AM,23.761,100.000,,,,,
1375,06/12/19 04:30:00 AM,23.737,100.000,,,,,
1376,06/12/19 04:35:00 AM,23.737,100.000,,,,,
1377,06/12/19 04:40:00 AM,23.737,100.000,,,,,
1378,06/12/19 04:45:00 AM,23.737,100.000,,,,,
1379,06/12/19 04:50:00 AM,23.761,100.000,,,,,
1380,06/12/19 04:55:00 AM,23.569,100.000,,,,,
1381,06/12/19 05:00:00 AM,23.376,100.000,,,,,
1382,06/12/19 05:05:00 AM,23.280,100.000,,,,,
1383,06/12/19 05:10:00 AM,23.208,100.000,,,,,
1384,06/12/19 05:15:00 AM,23.160,100.000,,,,,
1385,06/12/19 05:20:00 AM,23.160,100.000,,,,,
1386,06/12/19 05:25:00 AM,23.160,100.000,,,,,
1387,06/12/19 05:30:00 AM,23.184,100.000,,,,,
1388,06/12/19 05:35:00 AM,23.208,100.000,,,,,
1389,06/12/19 05:40:00 AM,23.232,100.000,,,,,
1390,06/12/19 05:45:00 AM,23.256,100.000,,,,,
1391,06/12/19 05:50:00 AM,23.256,100.000,,,,,
1392,06/12/19 05:55:00 AM,23.232,100.000,,,,,
1393,06/12/19 06:00:00 AM,23.232,100.000,,,,,
1394,06/12/19 06:05:00 AM,23.208,100.000,,,,,
1395,06/12/19 06:10:00 AM,23.208,100.000,,,,,
1396,06/12/19 06:15:00 AM,23.184,100.000,,,,,
1397,06/12/19 06:20:00 AM,23.184,100.000,,,,,
1398,06/12/19 06:25:00 AM,23.184,100.000,,,,,
1399,06/12/19 06:30:00 AM,23.184,100.000,,,,,
1400,06/12/19 06:35:00 AM,23.184,100.000,,,,,
1401,06/12/19 06:40:00 AM,23.184,100.000,,,,,
1402,06/12/19 06:45:00 AM,23.136,100.000,,,,,
1403,06/12/19 06:50:00 AM,23.136,100.000,,,,,
1404,06/12/19 06:55:00 AM,23.136,100.000,,,,,
1405,06/12/19 07:00:00 AM,23.136,100.000,,,,,
1406,06/12/19 07:05:00 AM,23.136,100.000,,,,,
1407,06/12/19 07:10:00 AM,23.160,100.000,,,,,
1408,06/12/19 07:15:00 AM,23.184,100.000,,,,,
1409,06/12/19 07:20:00 AM,23.208,100.000,,,,,
1410,06/12/19 07:25:00 AM,23.280,100.000,,,,,
1411,06/12/19 07:30:00 AM,23.352,100.000,,,,,
1412,06/12/19 07:35:00 AM,23.424,100.000,,,,,
1413,06/12/19 07:40:00 AM,23.472,100.000,,,,,
1414,06/12/19 07:45:00 AM,23.545,100.000,,,,,
1415,06/12/19 07:50:00 AM,23.617,100.000,,,,,
1416,06/12/19 07:55:00 AM,23.665,100.000,,,,,
1417,06/12/19 08:00:00 AM,23.713,100.000,,,,,
1418,06/12/19 08:05:00 AM,23.785,100.000,,,,,
1419,06/12/19 08:10:00 AM,23.905,100.000,,,,,
1420,06/12/19 08:15:00 AM,24.002,100.000,,,,,
1421,06/12/19 08:20:00 AM,24.074,100.000,,,,,
1422,06/12/19 08:25:00 AM,24.098,100.000,,,,,
1423,06/12/19 08:30:00 AM,24.146,100.000,,,,,
1424,06/12/19 08:35:00 AM,24.146,100.000,,,,,
1425,06/12/19 08:40:00 AM,24.146,100.000,,,,,
1426,06/12/19 08:45:00 AM,24.195,100.000,,,,,
1427,06/12/19 08:50:00 AM,24.219,100.000,,,,,
1428,06/12/19 08:55:00 AM,24.267,100.000,,,,,
1429,06/12/19 09:00:00 AM,24.315,100.000,,,,,
1430,06/12/19 09:05:00 AM,24.388,100.000,,,,,
1431,06/12/19 09:10:00 AM,24.436,100.000,,,,,
1432,06/12/19 09:15:00 AM,24.460,100.000,,,,,
1433,06/12/19 09:20:00 AM,24.484,100.000,,,,,
1434,06/12/19 09:25:00 AM,24.532,100.000,,,,,
1435,06/12/19 09:30:00 AM,24.605,100.000,,,,,
1436,06/12/19 09:35:00 AM,24.677,100.000,,,,,
1437,06/12/19 09:40:00 AM,24.677,100.000,,,,,
1438,06/12/19 09:45:00 AM,24.653,100.000,,,,,
1439,06/12/19 09:50:00 AM,24.653,100.000,,,,,
1440,06/12/19 09:55:00 AM,24.702,100.000,,,,,
1441,06/12/19 10:00:00 AM,24.798,100.000,,,,,
1442,06/12/19 10:05:00 AM,24.823,100.000,,,,,
1443,06/12/19 10:10:00 AM,24.847,100.000,,,,,
1444,06/12/19 10:15:00 AM,24.871,100.000,,,,,
1445,06/12/19 10:20:00 AM,24.944,100.000,,,,,
1446,06/12/19 10:25:00 AM,25.016,100.000,,,,,
1447,06/12/19 10:30:00 AM,24.919,100.000,,,,,
1448,06/12/19 10:35:00 AM,24.992,100.000,,,,,
1449,06/12/19 10:40:00 AM,25.137,100.000,,,,,
1450,06/12/19 10:45:00 AM,25.258,100.000,,,,,
1451,06/12/19 10:50:00 AM,25.380,100.000,,,,,
1452,06/12/19 10:55:00 AM,25.428,100.000,,,,,
1453,06/12/19 11:00:00 AM,25.428,100.000,,,,,
1454,06/12/19 11:05:00 AM,25.501,100.000,,,,,
1455,06/12/19 11:10:00 AM,25.574,100.000,,,,,
1456,06/12/19 11:15:00 AM,25.574,100.000,,,,,
1457,06/12/19 11:20:00 AM,25.647,100.000,,,,,
1458,06/12/19 11:25:00 AM,25.720,100.000,,,,,
1459,06/12/19 11:30:00 AM,25.817,100.000,,,,,
1460,06/12/19 11:35:00 AM,25.890,100.000,,,,,
1461,06/12/19 11:40:00 AM,25.890,100.000,,,,,
1462,06/12/19 11:45:00 AM,25.987,100.000,,,,,
1463,06/12/19 11:50:00 AM,25.987,100.000,,,,,
1464,06/12/19 11:55:00 AM,25.987,100.000,,,,,
1465,06/12/19 12:00:00 PM,26.036,100.000,,,,,
1466,06/12/19 12:05:00 PM,26.061,100.000,,,,,
1467,06/12/19 12:10:00 PM,26.207,100.000,,,,,
1468,06/12/19 12:15:00 PM,26.256,100.000,,,,,
1469,06/12/19 12:20:00 PM,26.329,100.000,,,,,
1470,06/12/19 12:25:00 PM,26.378,100.000,,,,,
1471,06/12/19 12:30:00 PM,26.426,100.000,,,,,
1472,06/12/19 12:35:00 PM,26.353,100.000,,,,,
1473,06/12/19 12:40:00 PM,26.329,100.000,,,,,
1474,06/12/19 12:45:00 PM,26.378,100.000,,,,,
1475,06/12/19 12:50:00 PM,26.524,100.000,,,,,
1476,06/12/19 12:55:00 PM,26.793,100.000,,,,,
1477,06/12/19 01:00:00 PM,26.940,100.000,,,,,
1478,06/12/19 01:05:00 PM,27.063,100.000,,,,,
1479,06/12/19 01:10:00 PM,27.063,100.000,,,,,
1480,06/12/19 01:15:00 PM,26.818,100.000,,,,,
1481,06/12/19 01:20:00 PM,26.622,100.000,,,,,
1482,06/12/19 01:25:00 PM,26.622,100.000,,,,,
1483,06/12/19 01:30:00 PM,26.744,100.000,,,,,
1484,06/12/19 01:35:00 PM,26.769,100.000,,,,,
1485,06/12/19 01:40:00 PM,26.818,100.000,,,,,
1486,06/12/19 01:45:00 PM,27.112,100.000,,,,,
1487,06/12/19 01:50:00 PM,27.136,100.000,,,,,
1488,06/12/19 01:55:00 PM,27.014,100.000,,,,,
1489,06/12/19 02:00:00 PM,27.235,100.000,,,,,
1490,06/12/19 02:05:00 PM,27.161,100.000,,,,,
1491,06/12/19 02:10:00 PM,26.940,100.000,,,,,
1492,06/12/19 02:15:00 PM,26.695,100.000,,,,,
1493,06/12/19 02:20:00 PM,26.426,100.000,,,,,
1494,06/12/19 02:25:00 PM,26.182,100.000,,,,,
1495,06/12/19 02:30:00 PM,25.574,100.000,,,,,
1496,06/12/19 02:35:00 PM,25.186,100.000,,,,,
1497,06/12/19 02:40:00 PM,24.388,100.000,,,,,
1498,06/12/19 02:45:00 PM,23.521,100.000,,,,,
1499,06/12/19 02:50:00 PM,23.136,100.000,,,,,
1500,06/12/19 02:55:00 PM,22.992,100.000,,,,,
1501,06/12/19 03:00:00 PM,22.968,100.000,,,,,
1502,06/12/19 03:05:00 PM,22.992,100.000,,,,,
1503,06/12/19 03:10:00 PM,23.064,100.000,,,,,
1504,06/12/19 03:15:00 PM,23.160,100.000,,,,,
1505,06/12/19 03:20:00 PM,23.232,100.000,,,,,
1506,06/12/19 03:25:00 PM,23.352,100.000,,,,,
1507,06/12/19 03:30:00 PM,23.569,100.000,,,,,
1508,06/12/19 03:35:00 PM,23.809,100.000,,,,,
1509,06/12/19 03:40:00 PM,24.122,100.000,,,,,
1510,06/12/19 03:45:00 PM,24.219,100.000,,,,,
1511,06/12/19 03:50:00 PM,24.195,100.000,,,,,
1512,06/12/19 03:55:00 PM,24.171,100.000,,,,,
1513,06/12/19 04:00:00 PM,24.074,100.000,,,,,
1514,06/12/19 04:05:00 PM,24.050,100.000,,,,,
1515,06/12/19 04:10:00 PM,24.098,100.000,,,,,
1516,06/12/19 04:15:00 PM,24.171,100.000,,,,,
1517,06/12/19 04:20:00 PM,24.291,100.000,,,,,
1518,06/12/19 04:25:00 PM,24.339,100.000,,,,,
1519,06/12/19 04:30:00 PM,24.412,100.000,,,,,
1520,06/12/19 04:35:00 PM,24.484,100.000,,,,,
1521,06/12/19 04:40:00 PM,24.677,100.000,,,,,
1522,06/12/19 04:45:00 PM,24.798,100.000,,,,,
1523,06/12/19 04:50:00 PM,24.968,100.000,,,,,
1524,06/12/19 04:55:00 PM,25.137,100.000,,,,,
1525,06/12/19 05:00:00 PM,25.331,100.000,,,,,
1526,06/12/19 05:05:00 PM,25.453,100.000,,,,,
1527,06/12/19 05:10:00 PM,25.477,100.000,,,,,
1528,06/12/19 05:15:00 PM,25.404,100.000,,,,,
1529,06/12/19 05:20:00 PM,25.477,100.000,,,,,
1530,06/12/19 05:25:00 PM,25.574,100.000,,,,,
1531,06/12/19 05:30:00 PM,25.841,100.000,,,,,
1532,06/12/19 05:35:00 PM,25.939,100.000,,,,,
1533,06/12/19 05:40:00 PM,25.939,100.000,,,,,
1534,06/12/19 05:45:00 PM,25.987,100.000,,,,,
1535,06/12/19 05:50:00 PM,25.963,100.000,,,,,
1536,06/12/19 05:55:00 PM,25.841,100.000,,,,,
1537,06/12/19 06:00:00 PM,25.598,100.000,,,,,
1538,06/12/19 06:05:00 PM,25.404,100.000,,,,,
1539,06/12/19 06:10:00 PM,25.210,100.000,,,,,
1540,06/12/19 06:15:00 PM,25.113,100.000,,,,,
1541,06/12/19 06:20:00 PM,25.016,100.000,,,,,
1542,06/12/19 06:25:00 PM,24.968,100.000,,,,,
1543,06/12/19 06:30:00 PM,25.113,100.000,,,,,
1544,06/12/19 06:35:00 PM,25.355,100.000,,,,,
1545,06/12/19 06:40:00 PM,25.428,100.000,,,,,
1546,06/12/19 06:45:00 PM,25.428,100.000,,,,,
1547,06/12/19 06:50:00 PM,25.477,100.000,,,,,
1548,06/12/19 06:55:00 PM,25.453,100.000,,,,,
1549,06/12/19 07:00:00 PM,25.574,100.000,,,,,
1550,06/12/19 07:05:00 PM,25.453,100.000,,,,,
1551,06/12/19 07:10:00 PM,25.186,100.000,,,,,
1552,06/12/19 07:15:00 PM,25.113,100.000,,,,,
1553,06/12/19 07:20:00 PM,25.016,100.000,,,,,
1554,06/12/19 07:25:00 PM,24.968,100.000,,,,,
1555,06/12/19 07:30:00 PM,24.871,100.000,,,,,
1556,06/12/19 07:35:00 PM,24.823,100.000,,,,,
1557,06/12/19 07:40:00 PM,24.774,100.000,,,,,
1558,06/12/19 07:45:00 PM,24.750,100.000,,,,,
1559,06/12/19 07:50:00 PM,24.677,100.000,,,,,
1560,06/12/19 07:55:00 PM,24.629,100.000,,,,,
1561,06/12/19 08:00:00 PM,24.605,100.000,,,,,
1562,06/12/19 08:05:00 PM,24.581,100.000,,,,,
1563,06/12/19 08:10:00 PM,24.508,100.000,,,,,
1564,06/12/19 08:15:00 PM,24.460,100.000,,,,,
1565,06/12/19 08:20:00 PM,24.412,100.000,,,,,
1566,06/12/19 08:25:00 PM,24.291,100.000,,,,,
1567,06/12/19 08:30:00 PM,24.243,100.000,,,,,
1568,06/12/19 08:35:00 PM,24.219,100.000,,,,,
1569,06/12/19 08:40:00 PM,24.122,100.000,,,,,
1570,06/12/19 08:45:00 PM,24.050,100.000,,,,,
1571,06/12/19 08:50:00 PM,23.954,100.000,,,,,
1572,06/12/19 08:55:00 PM,23.930,100.000,,,,,
1573,06/12/19 09:00:00 PM,23.905,100.000,,,,,
1574,06/12/19 09:05:00 PM,23.857,100.000,,,,,
1575,06/12/19 09:10:00 PM,23.809,100.000,,,,,
1576,06/12/19 09:15:00 PM,23.737,100.000,,,,,
1577,06/12/19 09:20:00 PM,23.713,100.000,,,,,
1578,06/12/19 09:25:00 PM,23.713,100.000,,,,,
1579,06/12/19 09:30:00 PM,23.665,100.000,,,,,
1580,06/12/19 09:35:00 PM,23.641,100.000,,,,,
1581,06/12/19 09:40:00 PM,23.593,100.000,,,,,
1582,06/12/19 09:45:00 PM,23.569,100.000,,,,,
1583,06/12/19 09:50:00 PM,23.545,100.000,,,,,
1584,06/12/19 09:55:00 PM,23.545,100.000,,,,,
1585,06/12/19 10:00:00 PM,23.521,100.000,,,,,
1586,06/12/19 10:05:00 PM,23.521,100.000,,,,,
1587,06/12/19 10:10:00 PM,23.521,100.000,,,,,
1588,06/12/19 10:15:00 PM,23.521,100.000,,,,,
1589,06/12/19 10:20:00 PM,23.521,100.000,,,,,
1590,06/12/19 10:25:00 PM,23.521,100.000,,,,,
1591,06/12/19 10:30:00 PM,23.497,100.000,,,,,
1592,06/12/19 10:35:00 PM,23.472,100.000,,,,,
1593,06/12/19 10:40:00 PM,23.448,100.000,,,,,
1594,06/12/19 10:45:00 PM,23.424,100.000,,,,,
1595,06/12/19 10:50:00 PM,23.424,100.000,,,,,
1596,06/12/19 10:55:00 PM,23.448,100.000,,,,,
1597,06/12/19 11:00:00 PM,23.472,100.000,,,,,
1598,06/12/19 11:05:00 PM,23.472,100.000,,,,,
1599,06/12/19 11:10:00 PM,23.497,100.000,,,,,
1600,06/12/19 11:15:00 PM,23.497,100.000,,,,,
1601,06/12/19 11:20:00 PM,23.472,100.000,,,,,
1602,06/12/19 11:25:00 PM,23.472,100.000,,,,,
1603,06/12/19 11:30:00 PM,23.472,100.000,,,,,
1604,06/12/19 11:35:00 PM,23.472,100.000,,,,,
1605,06/12/19 11:40:00 PM,23.472,100.000,,,,,
1606,06/12/19 11:45:00 PM,23.472,100.000,,,,,
1607,06/12/19 11:50:00 PM,23.472,100.000,,,,,
1608,06/12/19 11:55:00 PM,23.472,100.000,,,,,
1609,06/13/19 12:00:00 AM,23.448,100.000,,,,,
1610,06/13/19 12:05:00 AM,23.400,100.000,,,,,
1611,06/13/19 12:10:00 AM,23.352,100.000,,,,,
1612,06/13/19 12:15:00 AM,23.352,100.000,,,,,
1613,06/13/19 12:20:00 AM,23.328,100.000,,,,,
1614,06/13/19 12:25:00 AM,23.280,100.000,,,,,
1615,06/13/19 12:30:00 AM,23.232,100.000,,,,,
1616,06/13/19 12:35:00 AM,23.208,100.000,,,,,
1617,06/13/19 12:40:00 AM,23.184,100.000,,,,,
1618,06/13/19 12:45:00 AM,23.160,100.000,,,,,
1619,06/13/19 12:50:00 AM,23.184,100.000,,,,,
1620,06/13/19 12:55:00 AM,23.184,100.000,,,,,
1621,06/13/19 01:00:00 AM,23.136,100.000,,,,,
1622,06/13/19 01:05:00 AM,23.112,100.000,,,,,
1623,06/13/19 01:10:00 AM,23.088,100.000,,,,,
1624,06/13/19 01:15:00 AM,23.064,100.000,,,,,
1625,06/13/19 01:20:00 AM,23.040,100.000,,,,,
1626,06/13/19 01:25:00 AM,23.040,100.000,,,,,
1627,06/13/19 01:30:00 AM,23.040,100.000,,,,,
1628,06/13/19 01:35:00 AM,23.040,100.000,,,,,
1629,06/13/19 01:40:00 AM,23.064,100.000,,,,,
1630,06/13/19 01:45:00 AM,23.088,100.000,,,,,
1631,06/13/19 01:50:00 AM,23.112,100.000,,,,,
1632,06/13/19 01:55:00 AM,23.136,100.000,,,,,
1633,06/13/19 02:00:00 AM,23.160,100.000,,,,,
1634,06/13/19 02:05:00 AM,23.160,100.000,,,,,
1635,06/13/19 02:10:00 AM,23.160,100.000,,,,,
1636,06/13/19 02:15:00 AM,23.136,100.000,,,,,
1637,06/13/19 02:20:00 AM,23.160,100.000,,,,,
1638,06/13/19 02:25:00 AM,23.136,100.000,,,,,
1639,06/13/19 02:30:00 AM,23.136,100.000,,,,,
1640,06/13/19 02:35:00 AM,23.136,100.000,,,,,
1641,06/13/19 02:40:00 AM,23.136,100.000,,,,,
1642,06/13/19 02:45:00 AM,23.112,100.000,,,,,
1643,06/13/19 02:50:00 AM,23.112,100.000,,,,,
1644,06/13/19 02:55:00 AM,23.112,100.000,,,,,
1645,06/13/19 03:00:00 AM,23.112,100.000,,,,,
1646,06/13/19 03:05:00 AM,23.136,100.000,,,,,
1647,06/13/19 03:10:00 AM,23.160,100.000,,,,,
1648,06/13/19 03:15:00 AM,23.184,100.000,,,,,
1649,06/13/19 03:20:00 AM,23.232,100.000,,,,,
1650,06/13/19 03:25:00 AM,23.232,100.000,,,,,
1651,06/13/19 03:30:00 AM,23.256,100.000,,,,,
1652,06/13/19 03:35:00 AM,23.280,100.000,,,,,
1653,06/13/19 03:40:00 AM,23.328,100.000,,,,,
1654,06/13/19 03:45:00 AM,23.328,100.000,,,,,
1655,06/13/19 03:50:00 AM,23.328,100.000,,,,,
1656,06/13/19 03:55:00 AM,23.352,100.000,,,,,
1657,06/13/19 04:00:00 AM,23.400,100.000,,,,,
1658,06/13/19 04:05:00 AM,23.400,100.000,,,,,
1659,06/13/19 04:10:00 AM,23.376,100.000,,,,,
1660,06/13/19 04:15:00 AM,23.376,100.000,,,,,
1661,06/13/19 04:20:00 AM,23.400,100.000,,,,,
1662,06/13/19 04:25:00 AM,23.376,100.000,,,,,
1663,06/13/19 04:30:00 AM,23.352,100.000,,,,,
1664,06/13/19 04:35:00 AM,23.352,100.000,,,,,
1665,06/13/19 04:40:00 AM,23.280,100.000,,,,,
1666,06/13/19 04:45:00 AM,23.184,100.000,,,,,
1667,06/13/19 04:50:00 AM,23.088,100.000,,,,,
1668,06/13/19 04:55:00 AM,23.088,100.000,,,,,
1669,06/13/19 05:00:00 AM,23.040,100.000,,,,,
1670,06/13/19 05:05:00 AM,23.016,100.000,,,,,
1671,06/13/19 05:10:00 AM,22.944,100.000,,,,,
1672,06/13/19 05:15:00 AM,22.896,100.000,,,,,
1673,06/13/19 05:20:00 AM,22.681,100.000,,,,,
1674,06/13/19 05:25:00 AM,22.465,100.000,,,,,
1675,06/13/19 05:30:00 AM,22.274,100.000,,,,,
1676,06/13/19 05:35:00 AM,22.058,100.000,,,,,
1677,06/13/19 05:40:00 AM,22.034,100.000,,,,,
1678,06/13/19 05:45:00 AM,21.987,100.000,,,,,
1679,06/13/19 05:50:00 AM,21.939,100.000,,,,,
1680,06/13/19 05:55:00 AM,21.915,100.000,,,,,
1681,06/13/19 06:00:00 AM,21.891,100.000,,,,,
1682,06/13/19 06:05:00 AM,21.843,100.000,,,,,
1683,06/13/19 06:10:00 AM,21.843,100.000,,,,,
1684,06/13/19 06:15:00 AM,21.843,100.000,,,,,
1685,06/13/19 06:20:00 AM,21.843,100.000,,,,,
1686,06/13/19 06:25:00 AM,21.748,100.000,,,,,
1687,06/13/19 06:30:00 AM,21.700,100.000,,,,,
1688,06/13/19 06:35:00 AM,21.676,100.000,,,,,
1689,06/13/19 06:40:00 AM,21.604,100.000,,,,,
1690,06/13/19 06:45:00 AM,21.557,100.000,,,,,
1691,06/13/19 06:50:00 AM,21.533,100.000,,,,,
1692,06/13/19 06:55:00 AM,21.533,100.000,,,,,
1693,06/13/19 07:00:00 AM,21.533,100.000,,,,,
1694,06/13/19 07:05:00 AM,21.557,100.000,,,,,
1695,06/13/19 07:10:00 AM,21.557,100.000,,,,,
1696,06/13/19 07:15:00 AM,21.604,100.000,,,,,
1697,06/13/19 07:20:00 AM,21.652,100.000,,,,,
1698,06/13/19 07:25:00 AM,21.748,100.000,,,,,
1699,06/13/19 07:30:00 AM,21.819,100.000,,,,,
1700,06/13/19 07:35:00 AM,21.843,100.000,,,,,
1701,06/13/19 07:40:00 AM,21.891,100.000,,,,,
1702,06/13/19 07:45:00 AM,21.939,100.000,,,,,
1703,06/13/19 07:50:00 AM,22.011,100.000,,,,,
1704,06/13/19 07:55:00 AM,22.058,100.000,,,,,
1705,06/13/19 08:00:00 AM,22.082,100.000,,,,,
1706,06/13/19 08:05:00 AM,22.106,100.000,,,,,
1707,06/13/19 08:10:00 AM,22.154,100.000,,,,,
1708,06/13/19 08:15:00 AM,22.226,100.000,,,,,
1709,06/13/19 08:20:00 AM,22.298,100.000,,,,,
1710,06/13/19 08:25:00 AM,22.345,100.000,,,,,
1711,06/13/19 08:30:00 AM,22.393,100.000,,,,,
1712,06/13/19 08:35:00 AM,22.441,100.000,,,,,
1713,06/13/19 08:40:00 AM,22.513,100.000,,,,,
1714,06/13/19 08:45:00 AM,22.609,100.000,,,,,
1715,06/13/19 08:50:00 AM,22.705,100.000,,,,,
1716,06/13/19 08:55:00 AM,22.776,100.000,,,,,
1717,06/13/19 09:00:00 AM,22.848,100.000,,,,,
1718,06/13/19 09:05:00 AM,22.896,100.000,,,,,
1719,06/13/19 09:10:00 AM,22.824,100.000,,,,,
1720,06/13/19 09:15:00 AM,22.753,100.000,,,,,
1721,06/13/19 09:20:00 AM,22.753,100.000,,,,,
1722,06/13/19 09:25:00 AM,22.705,100.000,,,,,
1723,06/13/19 09:30:00 AM,22.705,100.000,,,,,
1724,06/13/19 09:35:00 AM,22.753,100.000,,,,,
1725,06/13/19 09:40:00 AM,22.824,100.000,,,,,
1726,06/13/19 09:45:00 AM,22.848,100.000,,,,,
1727,06/13/19 09:50:00 AM,22.896,100.000,,,,,
1728,06/13/19 09:55:00 AM,22.944,100.000,,,,,
1729,06/13/19 10:00:00 AM,22.920,100.000,,,,,
1730,06/13/19 10:05:00 AM,22.872,100.000,,,,,
1731,06/13/19 10:10:00 AM,22.944,100.000,,,,,
1732,06/13/19 10:15:00 AM,22.992,100.000,,,,,
1733,06/13/19 10:20:00 AM,23.040,100.000,,,,,
1734,06/13/19 10:25:00 AM,23.112,100.000,,,,,
1735,06/13/19 10:30:00 AM,23.040,100.000,,,,,
1736,06/13/19 10:35:00 AM,23.016,100.000,,,,,
1737,06/13/19 10:40:00 AM,23.184,100.000,,,,,
1738,06/13/19 10:45:00 AM,23.352,100.000,,,,,
1739,06/13/19 10:50:00 AM,23.400,100.000,,,,,
1740,06/13/19 10:55:00 AM,23.617,100.000,,,,,
1741,06/13/19 11:00:00 AM,23.713,100.000,,,,,
1742,06/13/19 11:05:00 AM,23.521,100.000,,,,,
1743,06/13/19 11:10:00 AM,23.472,100.000,,,,,
1744,06/13/19 11:15:00 AM,23.713,100.000,,,,,
1745,06/13/19 11:20:00 AM,23.881,100.000,,,,,
1746,06/13/19 11:25:00 AM,23.857,100.000,,,,,
1747,06/13/19 11:30:00 AM,23.954,100.000,,,,,
1748,06/13/19 11:35:00 AM,23.930,100.000,,,,,
1749,06/13/19 11:40:00 AM,23.930,100.000,,,,,
1750,06/13/19 11:45:00 AM,24.026,100.000,,,,,
1751,06/13/19 11:50:00 AM,23.978,100.000,,,,,
1752,06/13/19 11:55:00 AM,24.050,100.000,,,,,
1753,06/13/19 12:00:00 PM,24.050,100.000,,,,,
1754,06/13/19 12:05:00 PM,24.146,100.000,,,,,
1755,06/13/19 12:10:00 PM,24.195,100.000,,,,,
1756,06/13/19 12:15:00 PM,24.243,100.000,,,,,
1757,06/13/19 12:20:00 PM,24.339,100.000,,,,,
1758,06/13/19 12:25:00 PM,24.388,100.000,,,,,
1759,06/13/19 12:30:00 PM,24.484,100.000,,,,,
1760,06/13/19 12:35:00 PM,24.581,100.000,,,,,
1761,06/13/19 12:40:00 PM,24.677,100.000,,,,,
1762,06/13/19 12:45:00 PM,24.702,100.000,,,,,
1763,06/13/19 12:50:00 PM,24.629,100.000,,,,,
1764,06/13/19 12:55:00 PM,24.557,100.000,,,,,
1765,06/13/19 01:00:00 PM,24.436,100.000,,,,,
1766,06/13/19 01:05:00 PM,24.460,100.000,,,,,
1767,06/13/19 01:10:00 PM,24.484,100.000,,,,,
1768,06/13/19 01:15:00 PM,24.388,100.000,,,,,
1769,06/13/19 01:20:00 PM,24.412,100.000,,,,,
1770,06/13/19 01:25:00 PM,24.339,100.000,,,,,
1771,06/13/19 01:30:00 PM,24.339,100.000,,,,,
1772,06/13/19 01:35:00 PM,24.388,100.000,,,,,
1773,06/13/19 01:40:00 PM,24.412,100.000,,,,,
1774,06/13/19 01:45:00 PM,24.388,100.000,,,,,
1775,06/13/19 01:50:00 PM,24.363,100.000,,,,,
1776,06/13/19 01:55:00 PM,24.388,100.000,,,,,
1777,06/13/19 02:00:00 PM,24.388,100.000,,,,,
1778,06/13/19 02:05:00 PM,24.436,100.000,,,,,
1779,06/13/19 02:10:00 PM,24.532,100.000,,,,,
1780,06/13/19 02:15:00 PM,24.460,100.000,,,,,
1781,06/13/19 02:20:00 PM,24.557,100.000,,,,,
1782,06/13/19 02:25:00 PM,24.629,100.000,,,,,
1783,06/13/19 02:30:00 PM,24.750,100.000,,,,,
1784,06/13/19 02:35:00 PM,24.798,100.000,,,,,
1785,06/13/19 02:40:00 PM,24.798,100.000,,,,,
1786,06/13/19 02:45:00 PM,24.823,100.000,,,,,
1787,06/13/19 02:50:00 PM,24.823,100.000,,,,,
1788,06/13/19 02:55:00 PM,24.798,100.000,,,,,
1789,06/13/19 03:00:00 PM,24.871,100.000,,,,,
1790,06/13/19 03:05:00 PM,24.944,100.000,,,,,
1791,06/13/19 03:10:00 PM,24.992,100.000,,,,,
1792,06/13/19 03:15:00 PM,25.016,100.000,,,,,
1793,06/13/19 03:20:00 PM,25.137,100.000,,,,,
1794,06/13/19 03:25:00 PM,25.186,100.000,,,,,
1795,06/13/19 03:30:00 PM,25.186,100.000,,,,,
1796,06/13/19 03:35:00 PM,25.162,100.000,,,,,
1797,06/13/19 03:40:00 PM,25.113,100.000,,,,,
1798,06/13/19 03:45:00 PM,25.089,100.000,,,,,
1799,06/13/19 03:50:00 PM,25.040,100.000,,,,,
1800,06/13/19 03:55:00 PM,24.944,100.000,,,,,
1801,06/13/19 04:00:00 PM,24.895,100.000,,,,,
1802,06/13/19 04:05:00 PM,24.895,100.000,,,,,
1803,06/13/19 04:10:00 PM,24.895,100.000,,,,,
1804,06/13/19 04:15:00 PM,24.992,100.000,,,,,
1805,06/13/19 04:20:00 PM,25.065,100.000,,,,,
1806,06/13/19 04:25:00 PM,25.137,100.000,,,,,
1807,06/13/19 04:30:00 PM,25.137,100.000,,,,,
1808,06/13/19 04:35:00 PM,25.137,100.000,,,,,
1809,06/13/19 04:40:00 PM,25.113,100.000,,,,,
1810,06/13/19 04:45:00 PM,25.089,100.000,,,,,
1811,06/13/19 04:50:00 PM,25.016,100.000,,,,,
1812,06/13/19 04:55:00 PM,24.944,100.000,,,,,
1813,06/13/19 05:00:00 PM,24.968,100.000,,,,,
1814,06/13/19 05:05:00 PM,24.944,100.000,,,,,
1815,06/13/19 05:10:00 PM,24.919,100.000,,,,,
1816,06/13/19 05:15:00 PM,24.895,100.000,,,,,
1817,06/13/19 05:20:00 PM,24.871,100.000,,,,,
1818,06/13/19 05:25:00 PM,24.823,100.000,,,,,
1819,06/13/19 05:30:00 PM,24.774,100.000,,,,,
1820,06/13/19 05:35:00 PM,24.823,100.000,,,,,
1821,06/13/19 05:40:00 PM,24.823,100.000,,,,,
1822,06/13/19 05:45:00 PM,24.823,100.000,,,,,
1823,06/13/19 05:50:00 PM,24.847,100.000,,,,,
1824,06/13/19 05:55:00 PM,24.871,100.000,,,,,
1825,06/13/19 06:00:00 PM,24.871,100.000,,,,,
1826,06/13/19 06:05:00 PM,24.823,100.000,,,,,
1827,06/13/19 06:10:00 PM,24.823,100.000,,,,,
1828,06/13/19 06:15:00 PM,24.798,100.000,,,,,
1829,06/13/19 06:20:00 PM,24.774,100.000,,,,,
1830,06/13/19 06:25:00 PM,24.702,100.000,,,,,
1831,06/13/19 06:30:00 PM,24.629,100.000,,,,,
1832,06/13/19 06:35:00 PM,24.557,100.000,,,,,
1833,06/13/19 06:40:00 PM,24.508,100.000,,,,,
1834,06/13/19 06:45:00 PM,24.508,100.000,,,,,
1835,06/13/19 06:50:00 PM,24.532,100.000,,,,,
1836,06/13/19 06:55:00 PM,24.605,100.000,,,,,
1837,06/13/19 07:00:00 PM,24.629,100.000,,,,,
1838,06/13/19 07:05:00 PM,24.605,100.000,,,,,
1839,06/13/19 07:10:00 PM,24.532,100.000,,,,,
1840,06/13/19 07:15:00 PM,24.388,100.000,,,,,
1841,06/13/19 07:20:00 PM,24.291,100.000,,,,,
1842,06/13/19 07:25:00 PM,24.219,100.000,,,,,
1843,06/13/19 07:30:00 PM,24.219,100.000,,,,,
1844,06/13/19 07:35:00 PM,24.243,100.000,,,,,
1845,06/13/19 07:40:00 PM,24.195,100.000,,,,,
1846,06/13/19 07:45:00 PM,24.146,100.000,,,,,
1847,06/13/19 07:50:00 PM,24.122,100.000,,,,,
1848,06/13/19 07:55:00 PM,24.098,100.000,,,,,
1849,06/13/19 08:00:00 PM,24.098,100.000,,,,,
1850,06/13/19 08:05:00 PM,24.002,100.000,,,,,
1851,06/13/19 08:10:00 PM,23.833,100.000,,,,,
1852,06/13/19 08:15:00 PM,23.737,100.000,,,,,
1853,06/13/19 08:20:00 PM,23.665,100.000,,,,,
1854,06/13/19 08:25:00 PM,23.641,100.000,,,,,
1855,06/13/19 08:30:00 PM,23.617,100.000,,,,,
1856,06/13/19 08:35:00 PM,23.472,100.000,,,,,
1857,06/13/19 08:40:00 PM,23.400,100.000,,,,,
1858,06/13/19 08:45:00 PM,23.352,100.000,,,,,
1859,06/13/19 08:50:00 PM,23.280,100.000,,,,,
1860,06/13/19 08:55:00 PM,23.208,100.000,,,,,
1861,06/13/19 09:00:00 PM,23.136,100.000,,,,,
1862,06/13/19 09:05:00 PM,23.040,100.000,,,,,
1863,06/13/19 09:10:00 PM,22.944,100.000,,,,,
1864,06/13/19 09:15:00 PM,22.896,100.000,,,,,
1865,06/13/19 09:20:00 PM,22.920,100.000,,,,,
1866,06/13/19 09:25:00 PM,22.896,100.000,,,,,
1867,06/13/19 09:30:00 PM,22.848,100.000,,,,,
1868,06/13/19 09:35:00 PM,22.776,100.000,,,,,
1869,06/13/19 09:40:00 PM,22.705,100.000,,,,,
1870,06/13/19 09:45:00 PM,22.705,100.000,,,,,
1871,06/13/19 09:50:00 PM,22.705,100.000,,,,,
1872,06/13/19 09:55:00 PM,22.705,100.000,,,,,
1873,06/13/19 10:00:00 PM,22.681,100.000,,,,,
1874,06/13/19 10:05:00 PM,22.657,100.000,,,,,
1875,06/13/19 10:10:00 PM,22.609,100.000,,,,,
1876,06/13/19 10:15:00 PM,22.513,100.000,,,,,
1877,06/13/19 10:20:00 PM,22.465,100.000,,,,,
1878,06/13/19 10:25:00 PM,22.489,100.000,,,,,
1879,06/13/19 10:30:00 PM,22.417,100.000,,,,,
1880,06/13/19 10:35:00 PM,22.369,100.000,,,,,
1881,06/13/19 10:40:00 PM,22.369,100.000,,,,,
1882,06/13/19 10:45:00 PM,22.298,100.000,,,,,
1883,06/13/19 10:50:00 PM,22.298,100.000,,,,,
1884,06/13/19 10:55:00 PM,22.274,100.000,,,,,
1885,06/13/19 11:00:00 PM,22.226,100.000,,,,,
1886,06/13/19 11:05:00 PM,22.202,100.000,,,,,
1887,06/13/19 11:10:00 PM,22.154,100.000,,,,,
1888,06/13/19 11:15:00 PM,22.106,100.000,,,,,
1889,06/13/19 11:20:00 PM,22.082,100.000,,,,,
1890,06/13/19 11:25:00 PM,22.082,100.000,,,,,
1891,06/13/19 11:30:00 PM,22.034,100.000,,,,,
1892,06/13/19 11:35:00 PM,22.034,100.000,,,,,
1893,06/13/19 11:40:00 PM,22.082,100.000,,,,,
1894,06/13/19 11:45:00 PM,22.058,100.000,,,,,
1895,06/13/19 11:50:00 PM,21.987,100.000,,,,,
1896,06/13/19 11:55:00 PM,21.915,100.000,,,,,
1897,06/14/19 12:00:00 AM,21.939,100.000,,,,,
1898,06/14/19 12:05:00 AM,21.891,100.000,,,,,
1899,06/14/19 12:10:00 AM,21.867,100.000,,,,,
1900,06/14/19 12:15:00 AM,21.867,100.000,,,,,
1901,06/14/19 12:20:00 AM,21.795,100.000,,,,,
1902,06/14/19 12:25:00 AM,21.772,100.000,,,,,
1903,06/14/19 12:30:00 AM,21.772,100.000,,,,,
1904,06/14/19 12:35:00 AM,21.843,100.000,,,,,
1905,06/14/19 12:40:00 AM,21.843,100.000,,,,,
1906,06/14/19 12:45:00 AM,21.795,100.000,,,,,
1907,06/14/19 12:50:00 AM,21.724,100.000,,,,,
1908,06/14/19 12:55:00 AM,21.700,100.000,,,,,
1909,06/14/19 01:00:00 AM,21.652,100.000,,,,,
1910,06/14/19 01:05:00 AM,21.604,100.000,,,,,
1911,06/14/19 01:10:00 AM,21.581,100.000,,,,,
1912,06/14/19 01:15:00 AM,21.533,100.000,,,,,
1913,06/14/19 01:20:00 AM,21.509,100.000,,,,,
1914,06/14/19 01:25:00 AM,21.509,100.000,,,,,
1915,06/14/19 01:30:00 AM,21.485,100.000,,,,,
1916,06/14/19 01:35:00 AM,21.485,100.000,,,,,
1917,06/14/19 01:40:00 AM,21.485,100.000,,,,,
1918,06/14/19 01:45:00 AM,21.437,100.000,,,,,
1919,06/14/19 01:50:00 AM,21.390,100.000,,,,,
1920,06/14/19 01:55:00 AM,21.366,100.000,,,,,
1921,06/14/19 02:00:00 AM,21.318,100.000,,,,,
1922,06/14/19 02:05:00 AM,21.270,100.000,,,,,
1923,06/14/19 02:10:00 AM,21.342,100.000,,,,,
1924,06/14/19 02:15:00 AM,21.318,100.000,,,,,
1925,06/14/19 02:20:00 AM,21.318,100.000,,,,,
1926,06/14/19 02:25:00 AM,21.270,100.000,,,,,
1927,06/14/19 02:30:00 AM,21.223,100.000,,,,,
1928,06/14/19 02:35:00 AM,21.151,100.000,,,,,
1929,06/14/19 02:40:00 AM,21.079,100.000,,,,,
1930,06/14/19 02:45:00 AM,21.056,100.000,,,,,
1931,06/14/19 02:50:00 AM,21.032,100.000,,,,,
1932,06/14/19 02:55:00 AM,21.008,100.000,,,,,
1933,06/14/19 03:00:00 AM,20.984,100.000,,,,,
1934,06/14/19 03:05:00 AM,20.960,100.000,,,,,
1935,06/14/19 03:10:00 AM,20.936,100.000,,,,,
1936,06/14/19 03:15:00 AM,20.913,100.000,,,,,
1937,06/14/19 03:20:00 AM,20.889,100.000,,,,,
1938,06/14/19 03:25:00 AM,20.865,100.000,,,,,
1939,06/14/19 03:30:00 AM,20.841,100.000,,,,,
1940,06/14/19 03:35:00 AM,20.841,100.000,,,,,
1941,06/14/19 03:40:00 AM,20.865,100.000,,,,,
1942,06/14/19 03:45:00 AM,20.960,100.000,,,,,
1943,06/14/19 03:50:00 AM,21.008,100.000,,,,,
1944,06/14/19 03:55:00 AM,20.984,100.000,,,,,
1945,06/14/19 04:00:00 AM,20.960,100.000,,,,,
1946,06/14/19 04:05:00 AM,20.913,100.000,,,,,
1947,06/14/19 04:10:00 AM,20.865,100.000,,,,,
1948,06/14/19 04:15:00 AM,20.793,99.992,,,,,
1949,06/14/19 04:20:00 AM,20.793,99.992,,,,,
1950,06/14/19 04:25:00 AM,20.746,99.979,,,,,
1951,06/14/19 04:30:00 AM,20.746,99.928,,,,,
1952,06/14/19 04:35:00 AM,20.770,99.830,,,,,
1953,06/14/19 04:40:00 AM,20.793,99.629,,,,,
1954,06/14/19 04:45:00 AM,20.793,99.578,,,,,
1955,06/14/19 04:50:00 AM,20.841,99.565,,,,,
1956,06/14/19 04:55:00 AM,20.770,99.415,,,,,
1957,06/14/19 05:00:00 AM,20.674,99.390,,,,,
1958,06/14/19 05:05:00 AM,20.650,99.227,,,,,
1959,06/14/19 05:10:00 AM,20.650,99.227,,,,,
1960,06/14/19 05:15:00 AM,20.722,99.195,,,,,
1961,06/14/19 05:20:00 AM,20.603,99.188,,,,,
1962,06/14/19 05:25:00 AM,20.531,99.169,,,,,
1963,06/14/19 05:30:00 AM,20.460,99.124,,,,,
1964,06/14/19 05:35:00 AM,20.412,99.111,,,,,
1965,06/14/19 05:40:00 AM,20.365,99.098,,,,,
1966,06/14/19 05:45:00 AM,20.365,99.046,,,,,
1967,06/14/19 05:50:00 AM,20.293,98.923,,,,,
1968,06/14/19 05:55:00 AM,20.269,98.917,,,,,
1969,06/14/19 06:00:00 AM,20.198,98.794,,,,,
1970,06/14/19 06:05:00 AM,20.174,98.735,,,,,
1971,06/14/19 06:10:00 AM,20.174,98.527,,,,,
1972,06/14/19 06:15:00 AM,20.150,98.443,,,,,
1973,06/14/19 06:20:00 AM,20.079,98.424,,,,,
1974,06/14/19 06:25:00 AM,20.055,98.313,,,,,
1975,06/14/19 06:30:00 AM,20.055,98.261,,,,,
1976,06/14/19 06:35:00 AM,20.055,98.183,,,,,
1977,06/14/19 06:40:00 AM,20.150,97.426,,,,,
1978,06/14/19 06:45:00 AM,20.103,97.308,,,,,
1979,06/14/19 06:50:00 AM,20.079,97.250,,,,,
1980,06/14/19 06:55:00 AM,20.055,96.825,,,,,
1981,06/14/19 07:00:00 AM,20.079,96.831,,,,,
1982,06/14/19 07:05:00 AM,20.079,96.779,,,,,
1983,06/14/19 07:10:00 AM,20.079,96.779,,,,,
1984,06/14/19 07:15:00 AM,20.174,96.725,,,,,
1985,06/14/19 07:20:00 AM,20.269,96.697,,,,,
1986,06/14/19 07:25:00 AM,20.365,96.670,,,,,
1987,06/14/19 07:30:00 AM,20.388,96.650,,,,,
1988,06/14/19 07:35:00 AM,20.436,96.610,,,,,
1989,06/14/19 07:40:00 AM,20.531,96.582,,,,,
1990,06/14/19 07:45:00 AM,20.650,96.561,,,,,
1991,06/14/19 07:50:00 AM,20.746,96.533,,,,,
1992,06/14/19 07:55:00 AM,20.817,96.499,,,,,
1993,06/14/19 08:00:00 AM,20.936,96.425,,,,,
1994,06/14/19 08:05:00 AM,21.008,96.417,,,,,
1995,06/14/19 08:10:00 AM,21.079,96.410,,,,,
1996,06/14/19 08:15:00 AM,21.175,96.435,,,,,
1997,06/14/19 08:20:00 AM,21.246,96.427,,,,,
1998,06/14/19 08:25:00 AM,21.366,96.432,,,,,
1999,06/14/19 08:30:00 AM,21.366,96.405,,,,,
2000,06/14/19 08:35:00 AM,21.318,96.419,,,,,
2001,06/14/19 08:40:00 AM,21.270,96.433,,,,,
2002,06/14/19 08:45:00 AM,21.175,96.461,,,,,
2003,06/14/19 08:50:00 AM,21.175,96.461,,,,,
2004,06/14/19 08:55:00 AM,21.270,96.486,,,,,
2005,06/14/19 09:00:00 AM,21.223,96.474,,,,,
2006,06/14/19 09:05:00 AM,21.223,96.500,,,,,
2007,06/14/19 09:10:00 AM,21.151,96.560,,,,,
2008,06/14/19 09:15:00 AM,21.318,96.578,,,,,
2009,06/14/19 09:20:00 AM,21.509,96.575,,,,,
2010,06/14/19 09:25:00 AM,21.652,96.559,,,,,
2011,06/14/19 09:30:00 AM,21.700,96.572,,,,,
2012,06/14/19 09:35:00 AM,21.891,96.516,,,,,
2013,06/14/19 09:40:00 AM,22.154,96.479,,,,,
2014,06/14/19 09:45:00 AM,22.369,96.429,,,,,
2015,06/14/19 09:50:00 AM,22.465,96.401,,,,,
2016,06/14/19 09:55:00 AM,22.489,96.354,,,,,
2017,06/14/19 10:00:00 AM,22.513,96.731,,,,,
2018,06/14/19 10:05:00 AM,22.633,96.762,,,,,
2019,06/14/19 10:10:00 AM,22.753,96.767,,,,,
2020,06/14/19 10:15:00 AM,22.896,96.778,,,,,
2021,06/14/19 10:20:00 AM,23.016,96.677,,,,,
2022,06/14/19 10:25:00 AM,23.160,96.688,,,,,
2023,06/14/19 10:30:00 AM,23.328,96.731,,,,,
2024,06/14/19 10:35:00 AM,23.376,96.637,,,,,
2025,06/14/19 10:40:00 AM,23.497,96.642,,,,,
2026,06/14/19 10:45:00 AM,23.569,96.581,,,,,
2027,06/14/19 10:50:00 AM,23.713,96.539,,,,,
2028,06/14/19 10:55:00 AM,23.833,96.490,,,,,
2029,06/14/19 11:00:00 AM,23.954,96.441,,,,,
2030,06/14/19 11:05:00 AM,24.050,96.386,,,,,
2031,06/14/19 11:10:00 AM,24.195,96.423,,,,,
2032,06/14/19 11:15:00 AM,24.363,96.387,,,,,
2033,06/14/19 11:20:00 AM,24.508,96.397,,,,,
2034,06/14/19 11:25:00 AM,24.677,96.388,,,,,
2035,06/14/19 11:30:00 AM,24.774,96.359,,,,,
2036,06/14/19 11:35:00 AM,24.871,96.357,,,,,
2037,06/14/19 11:40:00 AM,24.871,96.571,,,,,
2038,06/14/19 11:45:00 AM,25.065,96.488,,,,,
2039,06/14/19 11:50:00 AM,25.355,96.482,,,,,
2040,06/14/19 11:55:00 AM,25.501,96.439,,,,,
2041,06/14/19 12:00:00 PM,25.550,96.452,,,,,
2042,06/14/19 12:05:00 PM,25.598,96.518,,,,,
2043,06/14/19 12:10:00 PM,25.574,96.512,,,,,
2044,06/14/19 12:15:00 PM,25.647,96.584,,,,,
2045,06/14/19 12:20:00 PM,25.695,96.597,,,,,
2046,06/14/19 12:25:00 PM,25.841,96.581,,,,,
2047,06/14/19 12:30:00 PM,26.012,96.571,,,,,
2048,06/14/19 12:35:00 PM,26.134,96.602,,,,,
2049,06/14/19 12:40:00 PM,26.207,96.648,,,,,
2050,06/14/19 12:45:00 PM,26.280,96.667,,,,,
2051,06/14/19 12:50:00 PM,26.378,96.665,,,,,
2052,06/14/19 12:55:00 PM,26.451,96.630,,,,,
2053,06/14/19 01:00:00 PM,26.524,96.649,,,,,
2054,06/14/19 01:05:00 PM,26.622,96.620,,,,,
2055,06/14/19 01:10:00 PM,26.769,96.604,,,,,
2056,06/14/19 01:15:00 PM,26.867,96.629,,,,,
2057,06/14/19 01:20:00 PM,26.965,96.574,,,,,
2058,06/14/19 01:25:00 PM,27.112,96.557,,,,,
2059,06/14/19 01:30:00 PM,27.186,96.576,,,,,
2060,06/14/19 01:35:00 PM,27.259,96.568,,,,,
2061,06/14/19 01:40:00 PM,27.358,96.566,,,,,
2062,06/14/19 01:45:00 PM,27.407,96.606,,,,,
2063,06/14/19 01:50:00 PM,27.505,96.577,,,,,
2064,06/14/19 01:55:00 PM,27.628,96.555,,,,,
2065,06/14/19 02:00:00 PM,27.949,96.528,,,,,
2066,06/14/19 02:05:00 PM,28.245,96.496,,,,,
2067,06/14/19 02:10:00 PM,28.617,96.455,,,,,
2068,06/14/19 02:15:00 PM,28.990,96.360,,,,,
2069,06/14/19 02:20:00 PM,29.290,96.327,,,,,
2070,06/14/19 02:25:00 PM,29.464,96.317,,,,,
2071,06/14/19 02:30:00 PM,29.690,96.265,,,,,
2072,06/14/19 02:35:00 PM,29.790,96.290,,,,,
2073,06/14/19 02:40:00 PM,29.916,96.486,,,,,
2074,06/14/19 02:45:00 PM,30.243,96.597,,,,,
2075,06/14/19 02:50:00 PM,30.545,96.646,,,,,
2076,06/14/19 02:55:00 PM,30.041,96.901,,,,,
2077,06/14/19 03:00:00 PM,29.590,97.167,,,,,
2078,06/14/19 03:05:00 PM,29.640,97.234,,,,,
2079,06/14/19 03:10:00 PM,29.991,97.242,,,,,
2080,06/14/19 03:15:00 PM,30.293,97.238,,,,,
2081,06/14/19 03:20:00 PM,30.192,97.158,,,,,
2082,06/14/19 03:25:00 PM,30.192,97.212,,,,,
2083,06/14/19 03:30:00 PM,30.192,97.212,,,,,
2084,06/14/19 03:35:00 PM,29.740,97.396,,,,,
2085,06/14/19 03:40:00 PM,29.565,97.622,,,,,
2086,06/14/19 03:45:00 PM,29.515,97.800,,,,,
2087,06/14/19 03:50:00 PM,29.540,97.860,,,,,
2088,06/14/19 03:55:00 PM,29.515,97.691,,,,,
2089,06/14/19 04:00:00 PM,29.090,97.798,,,,,
2090,06/14/19 04:05:00 PM,28.593,98.156,,,,,
2091,06/14/19 04:10:00 PM,28.245,98.443,,,,,
2092,06/14/19 04:15:00 PM,28.122,98.572,,,,,
2093,06/14/19 04:20:00 PM,28.245,98.550,,,,,
2094,06/14/19 04:25:00 PM,28.419,98.542,,,,,
2095,06/14/19 04:30:00 PM,28.692,98.559,,,,,
2096,06/14/19 04:35:00 PM,28.816,98.376,,,,,
2097,06/14/19 04:40:00 PM,28.965,98.199,,,,,
2098,06/14/19 04:45:00 PM,29.040,98.110,,,,,
2099,06/14/19 04:50:00 PM,29.040,98.272,,,,,
2100,06/14/19 04:55:00 PM,28.990,98.313,,,,,
2101,06/14/19 05:00:00 PM,28.816,98.376,,,,,
2102,06/14/19 05:05:00 PM,28.766,98.417,,,,,
2103,06/14/19 05:10:00 PM,28.891,98.341,,,,,
2104,06/14/19 05:15:00 PM,28.965,98.145,,,,,
2105,06/14/19 05:20:00 PM,29.115,97.967,,,,,
2106,06/14/19 05:25:00 PM,29.340,97.781,,,,,
2107,06/14/19 05:30:00 PM,29.315,97.802,,,,,
2108,06/14/19 05:35:00 PM,29.015,97.833,,,,,
2109,06/14/19 05:40:00 PM,28.742,97.978,,,,,
2110,06/14/19 05:45:00 PM,28.419,98.057,,,,,
2111,06/14/19 05:50:00 PM,28.196,97.891,,,,,
2112,06/14/19 05:55:00 PM,28.245,97.282,,,,,
2113,06/14/19 06:00:00 PM,28.493,96.423,,,,,
2114,06/14/19 06:05:00 PM,28.717,95.745,,,,,
2115,06/14/19 06:10:00 PM,28.866,95.618,,,,,
2116,06/14/19 06:15:00 PM,28.941,95.856,,,,,
2117,06/14/19 06:20:00 PM,28.816,95.606,,,,,
2118,06/14/19 06:25:00 PM,28.766,95.866,,,,,
2119,06/14/19 06:30:00 PM,28.667,95.868,,,,,
2120,06/14/19 06:35:00 PM,28.568,95.652,,,,,
2121,06/14/19 06:40:00 PM,28.493,95.470,,,,,
2122,06/14/19 06:45:00 PM,28.394,94.843,,,,,
2123,06/14/19 06:50:00 PM,28.270,94.593,,,,,
2124,06/14/19 06:55:00 PM,28.097,94.386,,,,,
2125,06/14/19 07:00:00 PM,27.899,93.569,,,,,
2126,06/14/19 07:05:00 PM,27.677,93.953,,,,,
2127,06/14/19 07:10:00 PM,27.505,94.648,,,,,
2128,06/14/19 07:15:00 PM,27.308,95.279,,,,,
2129,06/14/19 07:20:00 PM,27.161,95.676,,,,,
2130,06/14/19 07:25:00 PM,26.989,95.877,,,,,
2131,06/14/19 07:30:00 PM,26.818,96.158,,,,,
2132,06/14/19 07:35:00 PM,26.646,96.411,,,,,
2133,06/14/19 07:40:00 PM,26.475,96.771,,,,,
2134,06/14/19 07:45:00 PM,26.304,96.969,,,,,
2135,06/14/19 07:50:00 PM,26.182,97.313,,,,,
2136,06/14/19 07:55:00 PM,26.036,97.543,,,,,
2137,06/14/19 08:00:00 PM,25.890,97.719,,,,,
2138,06/14/19 08:05:00 PM,25.744,97.949,,,,,
2139,06/14/19 08:10:00 PM,25.574,98.117,,,,,
2140,06/14/19 08:15:00 PM,25.453,98.512,,,,,
2141,06/14/19 08:20:00 PM,25.258,98.567,,,,,
2142,06/14/19 08:25:00 PM,25.113,98.900,,,,,
2143,06/14/19 08:30:00 PM,24.944,99.173,,,,,
2144,06/14/19 08:35:00 PM,24.774,99.233,,,,,
2145,06/14/19 08:40:00 PM,24.629,99.459,,,,,
2146,06/14/19 08:45:00 PM,24.508,99.585,,,,,
2147,06/14/19 08:50:00 PM,24.388,99.737,,,,,
2148,06/14/19 08:55:00 PM,24.243,99.830,,,,,
2149,06/14/19 09:00:00 PM,24.098,99.948,,,,,
2150,06/14/19 09:05:00 PM,23.978,100.000,,,,,
2151,06/14/19 09:10:00 PM,23.833,100.000,,,,,
2152,06/14/19 09:15:00 PM,23.713,100.000,,,,,
2153,06/14/19 09:20:00 PM,23.617,100.000,,,,,
2154,06/14/19 09:25:00 PM,23.497,100.000,,,,,
2155,06/14/19 09:30:00 PM,23.424,100.000,,,,,
2156,06/14/19 09:35:00 PM,23.376,100.000,,,,,
2157,06/14/19 09:40:00 PM,23.256,100.000,,,,,
2158,06/14/19 09:45:00 PM,23.136,100.000,,,,,
2159,06/14/19 09:50:00 PM,23.064,100.000,,,,,
2160,06/14/19 09:55:00 PM,22.992,100.000,,,,,
2161,06/14/19 10:00:00 PM,22.944,100.000,,,,,
2162,06/14/19 10:05:00 PM,22.848,100.000,,,,,
2163,06/14/19 10:10:00 PM,22.800,100.000,,,,,
2164,06/14/19 10:15:00 PM,22.729,100.000,,,,,
2165,06/14/19 10:20:00 PM,22.609,100.000,,,,,
2166,06/14/19 10:25:00 PM,22.561,100.000,,,,,
2167,06/14/19 10:30:00 PM,22.465,100.000,,,,,
2168,06/14/19 10:35:00 PM,22.441,100.000,,,,,
2169,06/14/19 10:40:00 PM,22.393,100.000,,,,,
2170,06/14/19 10:45:00 PM,22.321,100.000,,,,,
2171,06/14/19 10:50:00 PM,22.274,100.000,,,,,
2172,06/14/19 10:55:00 PM,22.274,100.000,,,,,
2173,06/14/19 11:00:00 PM,22.202,100.000,,,,,
2174,06/14/19 11:05:00 PM,22.082,100.000,,,,,
2175,06/14/19 11:10:00 PM,21.987,100.000,,,,,
2176,06/14/19 11:15:00 PM,21.987,100.000,,,,,
2177,06/14/19 11:20:00 PM,22.011,100.000,,,,,
2178,06/14/19 11:25:00 PM,22.034,100.000,,,,,
2179,06/14/19 11:30:00 PM,22.082,100.000,,,,,
2180,06/14/19 11:35:00 PM,22.130,100.000,,,,,
2181,06/14/19 11:40:00 PM,22.178,100.000,,,,,
2182,06/14/19 11:45:00 PM,22.250,100.000,,,,,
2183,06/14/19 11:50:00 PM,22.274,100.000,,,,,
2184,06/14/19 11:55:00 PM,22.250,100.000,,,,,
2185,06/15/19 12:00:00 AM,22.202,100.000,,,,,
2186,06/15/19 12:05:00 AM,22.178,100.000,,,,,
2187,06/15/19 12:10:00 AM,22.130,100.000,,,,,
2188,06/15/19 12:15:00 AM,22.106,100.000,,,,,
2189,06/15/19 12:20:00 AM,22.082,100.000,,,,,
2190,06/15/19 12:25:00 AM,22.034,100.000,,,,,
2191,06/15/19 12:30:00 AM,21.987,100.000,,,,,
2192,06/15/19 12:35:00 AM,21.963,100.000,,,,,
2193,06/15/19 12:40:00 AM,21.963,100.000,,,,,
2194,06/15/19 12:45:00 AM,21.963,100.000,,,,,
2195,06/15/19 12:50:00 AM,21.987,100.000,,,,,
2196,06/15/19 12:55:00 AM,22.011,100.000,,,,,
2197,06/15/19 01:00:00 AM,22.034,100.000,,,,,
2198,06/15/19 01:05:00 AM,22.058,100.000,,,,,
2199,06/15/19 01:10:00 AM,22.082,100.000,,,,,
2200,06/15/19 01:15:00 AM,22.082,100.000,,,,,
2201,06/15/19 01:20:00 AM,22.130,100.000,,,,,
2202,06/15/19 01:25:00 AM,22.130,100.000,,,,,
2203,06/15/19 01:30:00 AM,22.154,100.000,,,,,
2204,06/15/19 01:35:00 AM,22.178,100.000,,,,,
2205,06/15/19 01:40:00 AM,22.178,100.000,,,,,
2206,06/15/19 01:45:00 AM,22.178,100.000,,,,,
2207,06/15/19 01:50:00 AM,22.178,100.000,,,,,
2208,06/15/19 01:55:00 AM,22.154,100.000,,,,,
2209,06/15/19 02:00:00 AM,22.178,100.000,,,,,
2210,06/15/19 02:05:00 AM,22.226,100.000,,,,,
2211,06/15/19 02:10:00 AM,22.226,100.000,,,,,
2212,06/15/19 02:15:00 AM,22.226,100.000,,,,,
2213,06/15/19 02:20:00 AM,22.202,100.000,,,,,
2214,06/15/19 02:25:00 AM,22.226,100.000,,,,,
2215,06/15/19 02:30:00 AM,22.226,100.000,,,,,
2216,06/15/19 02:35:00 AM,22.226,100.000,,,,,
2217,06/15/19 02:40:00 AM,22.226,100.000,,,,,
2218,06/15/19 02:45:00 AM,22.250,100.000,,,,,
2219,06/15/19 02:50:00 AM,22.250,100.000,,,,,
2220,06/15/19 02:55:00 AM,22.250,100.000,,,,,
2221,06/15/19 03:00:00 AM,22.202,100.000,,,,,
2222,06/15/19 03:05:00 AM,22.154,100.000,,,,,
2223,06/15/19 03:10:00 AM,22.154,100.000,,,,,
2224,06/15/19 03:15:00 AM,22.178,100.000,,,,,
2225,06/15/19 03:20:00 AM,22.106,100.000,,,,,
2226,06/15/19 03:25:00 AM,22.034,100.000,,,,,
2227,06/15/19 03:30:00 AM,21.987,100.000,,,,,
2228,06/15/19 03:35:00 AM,21.939,100.000,,,,,
2229,06/15/19 03:40:00 AM,21.891,100.000,,,,,
2230,06/15/19 03:45:00 AM,21.819,100.000,,,,,
2231,06/15/19 03:50:00 AM,21.795,100.000,,,,,
2232,06/15/19 03:55:00 AM,21.772,100.000,,,,,
2233,06/15/19 04:00:00 AM,21.748,100.000,,,,,
2234,06/15/19 04:05:00 AM,21.748,100.000,,,,,
2235,06/15/19 04:10:00 AM,21.748,100.000,,,,,
2236,06/15/19 04:15:00 AM,21.748,100.000,,,,,
2237,06/15/19 04:20:00 AM,21.748,100.000,,,,,
2238,06/15/19 04:25:00 AM,21.700,100.000,,,,,
2239,06/15/19 04:30:00 AM,21.700,100.000,,,,,
2240,06/15/19 04:35:00 AM,21.700,100.000,,,,,
2241,06/15/19 04:40:00 AM,21.700,100.000,,,,,
2242,06/15/19 04:45:00 AM,21.724,100.000,,,,,
2243,06/15/19 04:50:00 AM,21.724,100.000,,,,,
2244,06/15/19 04:55:00 AM,21.724,100.000,,,,,
2245,06/15/19 05:00:00 AM,21.772,100.000,,,,,
2246,06/15/19 05:05:00 AM,21.819,100.000,,,,,
2247,06/15/19 05:10:00 AM,21.867,100.000,,,,,
2248,06/15/19 05:15:00 AM,21.891,100.000,,,,,
2249,06/15/19 05:20:00 AM,21.915,100.000,,,,,
2250,06/15/19 05:25:00 AM,21.939,100.000,,,,,
2251,06/15/19 05:30:00 AM,21.987,100.000,,,,,
2252,06/15/19 05:35:00 AM,21.963,100.000,,,,,
2253,06/15/19 05:40:00 AM,21.987,100.000,,,,,
2254,06/15/19 05:45:00 AM,21.963,100.000,,,,,
2255,06/15/19 05:50:00 AM,21.939,100.000,,,,,
2256,06/15/19 05:55:00 AM,21.891,100.000,,,,,
2257,06/15/19 06:00:00 AM,21.867,100.000,,,,,
2258,06/15/19 06:05:00 AM,21.843,100.000,,,,,
2259,06/15/19 06:10:00 AM,21.867,100.000,,,,,
2260,06/15/19 06:15:00 AM,21.867,100.000,,,,,
2261,06/15/19 06:20:00 AM,21.843,100.000,,,,,
2262,06/15/19 06:25:00 AM,21.819,100.000,,,,,
2263,06/15/19 06:30:00 AM,21.819,100.000,,,,,
2264,06/15/19 06:35:00 AM,21.819,100.000,,,,,
2265,06/15/19 06:40:00 AM,21.843,100.000,,,,,
2266,06/15/19 06:45:00 AM,21.867,100.000,,,,,
2267,06/15/19 06:50:00 AM,21.867,100.000,,,,,
2268,06/15/19 06:55:00 AM,21.867,100.000,,,,,
2269,06/15/19 07:00:00 AM,21.891,100.000,,,,,
2270,06/15/19 07:05:00 AM,21.939,100.000,,,,,
2271,06/15/19 07:10:00 AM,22.011,100.000,,,,,
2272,06/15/19 07:15:00 AM,22.034,100.000,,,,,
2273,06/15/19 07:20:00 AM,22.058,100.000,,,,,
2274,06/15/19 07:25:00 AM,22.082,100.000,,,,,
2275,06/15/19 07:30:00 AM,22.130,100.000,,,,,
2276,06/15/19 07:35:00 AM,22.178,100.000,,,,,
2277,06/15/19 07:40:00 AM,22.274,100.000,,,,,
2278,06/15/19 07:45:00 AM,22.369,100.000,,,,,
2279,06/15/19 07:50:00 AM,22.489,100.000,,,,,
2280,06/15/19 07:55:00 AM,22.609,100.000,,,,,
2281,06/15/19 08:00:00 AM,22.705,100.000,,,,,
2282,06/15/19 08:05:00 AM,22.776,100.000,,,,,
2283,06/15/19 08:10:00 AM,22.848,100.000,,,,,
2284,06/15/19 08:15:00 AM,22.896,100.000,,,,,
2285,06/15/19 08:20:00 AM,22.920,100.000,,,,,
2286,06/15/19 08:25:00 AM,22.944,100.000,,,,,
2287,06/15/19 08:30:00 AM,22.944,100.000,,,,,
2288,06/15/19 08:35:00 AM,22.944,100.000,,,,,
2289,06/15/19 08:40:00 AM,22.944,100.000,,,,,
2290,06/15/19 08:45:00 AM,22.968,100.000,,,,,
2291,06/15/19 08:50:00 AM,23.016,100.000,,,,,
2292,06/15/19 08:55:00 AM,23.040,100.000,,,,,
2293,06/15/19 09:00:00 AM,23.136,100.000,,,,,
2294,06/15/19 09:05:00 AM,23.256,100.000,,,,,
2295,06/15/19 09:10:00 AM,23.424,100.000,,,,,
2296,06/15/19 09:15:00 AM,23.545,100.000,,,,,
2297,06/15/19 09:20:00 AM,23.689,100.000,,,,,
2298,06/15/19 09:25:00 AM,23.833,100.000,,,,,
2299,06/15/19 09:30:00 AM,23.954,100.000,,,,,
2300,06/15/19 09:35:00 AM,24.146,100.000,,,,,
2301,06/15/19 09:40:00 AM,24.388,100.000,,,,,
2302,06/15/19 09:45:00 AM,24.581,100.000,,,,,
2303,06/15/19 09:50:00 AM,24.677,99.841,,,,,
2304,06/15/19 09:55:00 AM,24.774,99.682,,,,,
2305,06/15/19 10:00:00 AM,24.871,99.444,,,,,
2306,06/15/19 10:05:00 AM,24.968,99.285,,,,,
2307,06/15/19 10:10:00 AM,25.089,99.158,,,,,
2308,06/15/19 10:15:00 AM,25.210,98.926,,,,,
2309,06/15/19 10:20:00 AM,25.355,98.778,,,,,
2310,06/15/19 10:25:00 AM,25.453,98.671,,,,,
2311,06/15/19 10:30:00 AM,25.525,98.557,,,,,
2312,06/15/19 10:35:00 AM,25.598,98.390,,,,,
2313,06/15/19 10:40:00 AM,25.647,98.350,,,,,
2314,06/15/19 10:45:00 AM,25.720,98.129,,,,,
2315,06/15/19 10:50:00 AM,25.866,97.927,,,,,
2316,06/15/19 10:55:00 AM,26.012,97.805,,,,,
2317,06/15/19 11:00:00 AM,26.134,97.703,,,,,
2318,06/15/19 11:05:00 AM,26.280,97.580,,,,,
2319,06/15/19 11:10:00 AM,26.451,97.276,,,,,
2320,06/15/19 11:15:00 AM,26.695,96.801,,,,,
2321,06/15/19 11:20:00 AM,26.891,96.824,,,,,
2322,06/15/19 11:25:00 AM,26.940,96.594,,,,,
2323,06/15/19 11:30:00 AM,27.038,96.457,,,,,
2324,06/15/19 11:35:00 AM,27.259,96.081,,,,,
2325,06/15/19 11:40:00 AM,27.407,95.522,,,,,
2326,06/15/19 11:45:00 AM,27.702,95.433,,,,,
2327,06/15/19 11:50:00 AM,27.998,94.853,,,,,
2328,06/15/19 11:55:00 AM,27.998,94.525,,,,,
2329,06/15/19 12:00:00 PM,27.924,94.753,,,,,
2330,06/15/19 12:05:00 PM,27.924,94.151,,,,,
2331,06/15/19 12:10:00 PM,27.998,93.923,,,,,
2332,06/15/19 12:15:00 PM,28.048,93.743,,,,,
2333,06/15/19 12:20:00 PM,28.196,93.367,,,,,
2334,06/15/19 12:25:00 PM,28.320,93.425,,,,,
2335,06/15/19 12:30:00 PM,28.394,93.416,,,,,
2336,06/15/19 12:35:00 PM,28.444,93.153,,,,,
2337,06/15/19 12:40:00 PM,28.593,92.444,,,,,
2338,06/15/19 12:45:00 PM,28.717,92.197,,,,,
2339,06/15/19 12:50:00 PM,28.791,91.688,,,,,
2340,06/15/19 12:55:00 PM,28.891,91.434,,,,,
2341,06/15/19 01:00:00 PM,28.941,91.391,,,,,
2342,06/15/19 01:05:00 PM,28.841,91.478,,,,,
2343,06/15/19 01:10:00 PM,28.642,91.874,,,,,
2344,06/15/19 01:15:00 PM,28.568,91.579,,,,,
2345,06/15/19 01:20:00 PM,28.692,91.331,,,,,
2346,06/15/19 01:25:00 PM,28.965,90.533,,,,,
2347,06/15/19 01:30:00 PM,29.365,90.376,,,,,
2348,06/15/19 01:35:00 PM,29.490,89.508,,,,,
2349,06/15/19 01:40:00 PM,29.490,89.620,,,,,
2350,06/15/19 01:45:00 PM,29.389,90.326,,,,,
2351,06/15/19 01:50:00 PM,29.265,90.799,,,,,
2352,06/15/19 01:55:00 PM,29.190,90.698,,,,,
2353,06/15/19 02:00:00 PM,29.090,90.758,,,,,
2354,06/15/19 02:05:00 PM,28.990,90.399,,,,,
2355,06/15/19 02:10:00 PM,29.315,87.776,,,,,
2356,06/15/19 02:15:00 PM,29.916,86.608,,,,,
2357,06/15/19 02:20:00 PM,30.571,86.985,,,,,
2358,06/15/19 02:25:00 PM,31.204,84.258,,,,,
2359,06/15/19 02:30:00 PM,31.689,84.133,,,,,
2360,06/15/19 02:35:00 PM,32.073,83.230,,,,,
2361,06/15/19 02:40:00 PM,32.381,82.042,,,,,
2362,06/15/19 02:45:00 PM,32.484,82.210,,,,,
2363,06/15/19 02:50:00 PM,32.098,81.661,,,,,
2364,06/15/19 02:55:00 PM,31.919,82.353,,,,,
2365,06/15/19 03:00:00 PM,31.791,81.538,,,,,
2366,06/15/19 03:05:00 PM,31.637,81.797,,,,,
2367,06/15/19 03:10:00 PM,31.179,81.991,,,,,
2368,06/15/19 03:15:00 PM,31.306,81.844,,,,,
2369,06/15/19 03:20:00 PM,31.281,82.943,,,,,
2370,06/15/19 03:25:00 PM,31.433,81.783,,,,,
2371,06/15/19 03:30:00 PM,31.459,83.851,,,,,
2372,06/15/19 03:35:00 PM,31.026,84.478,,,,,
2373,06/15/19 03:40:00 PM,30.495,85.510,,,,,
2374,06/15/19 03:45:00 PM,29.991,86.682,,,,,
2375,06/15/19 03:50:00 PM,29.590,87.273,,,,,
2376,06/15/19 03:55:00 PM,29.490,86.142,,,,,
2377,06/15/19 04:00:00 PM,29.715,85.022,,,,,
2378,06/15/19 04:05:00 PM,29.991,85.855,,,,,
2379,06/15/19 04:10:00 PM,30.293,84.231,,,,,
2380,06/15/19 04:15:00 PM,30.621,85.338,,,,,
2381,06/15/19 04:20:00 PM,30.900,85.400,,,,,
2382,06/15/19 04:25:00 PM,31.077,85.382,,,,,
2383,06/15/19 04:30:00 PM,31.153,84.996,,,,,
2384,06/15/19 04:35:00 PM,31.128,85.163,,,,,
2385,06/15/19 04:40:00 PM,31.153,84.708,,,,,
2386,06/15/19 04:45:00 PM,31.153,84.794,,,,,
2387,06/15/19 04:50:00 PM,31.204,85.209,,,,,
2388,06/15/19 04:55:00 PM,31.204,84.604,,,,,
2389,06/15/19 05:00:00 PM,31.204,85.094,,,,,
2390,06/15/19 05:05:00 PM,31.281,84.390,,,,,
2391,06/15/19 05:10:00 PM,31.331,84.459,,,,,
2392,06/15/19 05:15:00 PM,31.357,83.713,,,,,
2393,06/15/19 05:20:00 PM,31.408,83.377,,,,,
2394,06/15/19 05:25:00 PM,31.484,82.755,,,,,
2395,06/15/19 05:30:00 PM,31.408,83.319,,,,,
2396,06/15/19 05:35:00 PM,31.306,83.297,,,,,
2397,06/15/19 05:40:00 PM,31.281,83.407,,,,,
2398,06/15/19 05:45:00 PM,31.128,84.270,,,,,
2399,06/15/19 05:50:00 PM,30.976,84.265,,,,,
2400,06/15/19 05:55:00 PM,30.748,85.165,,,,,
2401,06/15/19 06:00:00 PM,30.621,85.452,,,,,
2402,06/15/19 06:05:00 PM,30.571,85.670,,,,,
2403,06/15/19 06:10:00 PM,30.545,85.865,,,,,
2404,06/15/19 06:15:00 PM,30.495,85.883,,,,,
2405,06/15/19 06:20:00 PM,30.444,85.986,,,,,
2406,06/15/19 06:25:00 PM,30.444,86.528,,,,,
2407,06/15/19 06:30:00 PM,30.444,86.300,,,,,
2408,06/15/19 06:35:00 PM,30.444,86.271,,,,,
2409,06/15/19 06:40:00 PM,30.469,86.448,,,,,
2410,06/15/19 06:45:00 PM,30.444,86.870,,,,,
2411,06/15/19 06:50:00 PM,30.343,87.388,,,,,
2412,06/15/19 06:55:00 PM,30.016,87.739,,,,,
2413,06/15/19 07:00:00 PM,29.640,88.501,,,,,
2414,06/15/19 07:05:00 PM,29.240,89.365,,,,,
2415,06/15/19 07:10:00 PM,28.891,89.984,,,,,
2416,06/15/19 07:15:00 PM,28.593,90.695,,,,,
2417,06/15/19 07:20:00 PM,28.345,91.303,,,,,
2418,06/15/19 07:25:00 PM,28.097,91.853,,,,,
2419,06/15/19 07:30:00 PM,27.924,92.419,,,,,
2420,06/15/19 07:35:00 PM,27.751,92.735,,,,,
2421,06/15/19 07:40:00 PM,27.604,93.056,,,,,
2422,06/15/19 07:45:00 PM,27.505,93.416,,,,,
2423,06/15/19 07:50:00 PM,27.407,93.611,,,,,
2424,06/15/19 07:55:00 PM,27.284,93.800,,,,,
2425,06/15/19 08:00:00 PM,27.186,94.104,,,,,
2426,06/15/19 08:05:00 PM,27.112,94.358,,,,,
2427,06/15/19 08:10:00 PM,27.038,94.640,,,,,
2428,06/15/19 08:15:00 PM,26.989,94.763,,,,,
2429,06/15/19 08:20:00 PM,26.940,94.969,,,,,
2430,06/15/19 08:25:00 PM,26.867,95.140,,,,,
2431,06/15/19 08:30:00 PM,26.793,95.312,,,,,
2432,06/15/19 08:35:00 PM,26.695,95.504,,,,,
2433,06/15/19 08:40:00 PM,26.598,95.696,,,,,
2434,06/15/19 08:45:00 PM,26.500,95.941,,,,,
2435,06/15/19 08:50:00 PM,26.402,96.132,,,,,
2436,06/15/19 08:55:00 PM,26.329,96.275,,,,,
2437,06/15/19 09:00:00 PM,26.231,96.358,,,,,
2438,06/15/19 09:05:00 PM,26.182,96.561,,,,,
2439,06/15/19 09:10:00 PM,26.109,96.704,,,,,
2440,06/15/19 09:15:00 PM,26.061,96.933,,,,,
2441,06/15/19 09:20:00 PM,26.012,96.974,,,,,
2442,06/15/19 09:25:00 PM,25.987,97.048,,,,,
2443,06/15/19 09:30:00 PM,25.987,97.209,,,,,
2444,06/15/19 09:35:00 PM,25.939,97.250,,,,,
2445,06/15/19 09:40:00 PM,25.890,97.398,,,,,
2446,06/15/19 09:45:00 PM,25.841,97.493,,,,,
2447,06/15/19 09:50:00 PM,25.793,97.721,,,,,
2448,06/15/19 09:55:00 PM,25.720,97.862,,,,,
2449,06/15/19 10:00:00 PM,25.647,97.976,,,,,
2450,06/15/19 10:05:00 PM,25.550,98.084,,,,,
2451,06/15/19 10:10:00 PM,25.477,98.252,,,,,
2452,06/15/19 10:15:00 PM,25.428,98.505,,,,,
2453,06/15/19 10:20:00 PM,25.355,98.566,,,,,
2454,06/15/19 10:25:00 PM,25.283,98.786,,,,,
2455,06/15/19 10:30:00 PM,25.210,98.872,,,,,
2456,06/15/19 10:35:00 PM,25.137,98.959,,,,,
2457,06/15/19 10:40:00 PM,25.065,99.099,,,,,
2458,06/15/19 10:45:00 PM,25.016,99.245,,,,,
2459,06/15/19 10:50:00 PM,24.944,99.331,,,,,
2460,06/15/19 10:55:00 PM,24.871,99.471,,,,,
2461,06/15/19 11:00:00 PM,24.823,99.563,,,,,
2462,06/15/19 11:05:00 PM,24.726,99.643,,,,,
2463,06/15/19 11:10:00 PM,24.677,99.788,,,,,
2464,06/15/19 11:15:00 PM,24.605,99.874,,,,,
2465,06/15/19 11:20:00 PM,24.532,99.960,,,,,
2466,06/15/19 11:25:00 PM,24.460,100.000,,,,,
2467,06/15/19 11:30:00 PM,24.388,100.000,,,,,
2468,06/15/19 11:35:00 PM,24.339,100.000,,,,,
2469,06/15/19 11:40:00 PM,24.267,100.000,,,,,
2470,06/15/19 11:45:00 PM,24.195,100.000,,,,,
2471,06/15/19 11:50:00 PM,24.146,100.000,,,,,
2472,06/15/19 11:55:00 PM,24.122,100.000,,,,,
2473,06/16/19 12:00:00 AM,24.098,100.000,,,,,
2474,06/16/19 12:05:00 AM,24.026,100.000,,,,,
2475,06/16/19 12:10:00 AM,23.978,100.000,,,,,
2476,06/16/19 12:15:00 AM,23.930,100.000,,,,,
2477,06/16/19 12:20:00 AM,23.857,100.000,,,,,
2478,06/16/19 12:25:00 AM,23.809,100.000,,,,,
2479,06/16/19 12:30:00 AM,23.761,100.000,,,,,
2480,06/16/19 12:35:00 AM,23.737,100.000,,,,,
2481,06/16/19 12:40:00 AM,23.737,100.000,,,,,
2482,06/16/19 12:45:00 AM,23.737,100.000,,,,,
2483,06/16/19 12:50:00 AM,23.689,100.000,,,,,
2484,06/16/19 12:55:00 AM,23.641,100.000,,,,,
2485,06/16/19 01:00:00 AM,23.569,100.000,,,,,
2486,06/16/19 01:05:00 AM,23.545,100.000,,,,,
2487,06/16/19 01:10:00 AM,23.497,100.000,,,,,
2488,06/16/19 01:15:00 AM,23.448,100.000,,,,,
2489,06/16/19 01:20:00 AM,23.448,100.000,,,,,
2490,06/16/19 01:25:00 AM,23.400,100.000,,,,,
2491,06/16/19 01:30:00 AM,23.376,100.000,,,,,
2492,06/16/19 01:35:00 AM,23.328,100.000,,,,,
2493,06/16/19 01:40:00 AM,23.280,100.000,,,,,
2494,06/16/19 01:45:00 AM,23.208,100.000,,,,,
2495,06/16/19 01:50:00 AM,23.160,100.000,,,,,
2496,06/16/19 01:55:00 AM,23.136,100.000,,,,,
2497,06/16/19 02:00:00 AM,23.160,100.000,,,,,
2498,06/16/19 02:05:00 AM,23.208,100.000,,,,,
2499,06/16/19 02:10:00 AM,23.256,100.000,,,,,
2500,06/16/19 02:15:00 AM,23.256,100.000,,,,,
2501,06/16/19 02:20:00 AM,23.256,100.000,,,,,
2502,06/16/19 02:25:00 AM,23.256,100.000,,,,,
2503,06/16/19 02:30:00 AM,23.256,100.000,,,,,
2504,06/16/19 02:35:00 AM,23.256,100.000,,,,,
2505,06/16/19 02:40:00 AM,23.256,100.000,,,,,
2506,06/16/19 02:45:00 AM,23.256,100.000,,,,,
2507,06/16/19 02:50:00 AM,23.280,100.000,,,,,
2508,06/16/19 02:55:00 AM,23.304,100.000,,,,,
2509,06/16/19 03:00:00 AM,23.328,100.000,,,,,
2510,06/16/19 03:05:00 AM,23.280,100.000,,,,,
2511,06/16/19 03:10:00 AM,23.280,100.000,,,,,
2512,06/16/19 03:15:00 AM,23.280,100.000,,,,,
2513,06/16/19 03:20:00 AM,23.280,100.000,,,,,
2514,06/16/19 03:25:00 AM,23.232,100.000,,,,,
2515,06/16/19 03:30:00 AM,23.232,100.000,,,,,
2516,06/16/19 03:35:00 AM,23.232,100.000,,,,,
2517,06/16/19 03:40:00 AM,23.232,100.000,,,,,
2518,06/16/19 03:45:00 AM,23.136,100.000,,,,,
2519,06/16/19 03:50:00 AM,23.040,100.000,,,,,
2520,06/16/19 03:55:00 AM,22.944,100.000,,,,,
2521,06/16/19 04:00:00 AM,22.896,100.000,,,,,
2522,06/16/19 04:05:00 AM,22.896,100.000,,,,,
2523,06/16/19 04:10:00 AM,22.872,100.000,,,,,
2524,06/16/19 04:15:00 AM,22.848,100.000,,,,,
2525,06/16/19 04:20:00 AM,22.824,100.000,,,,,
2526,06/16/19 04:25:00 AM,22.800,100.000,,,,,
2527,06/16/19 04:30:00 AM,22.800,100.000,,,,,
2528,06/16/19 04:35:00 AM,22.776,100.000,,,,,
2529,06/16/19 04:40:00 AM,22.753,100.000,,,,,
2530,06/16/19 04:45:00 AM,22.729,100.000,,,,,
2531,06/16/19 04:50:00 AM,22.705,100.000,,,,,
2532,06/16/19 04:55:00 AM,22.705,100.000,,,,,
2533,06/16/19 05:00:00 AM,22.705,100.000,,,,,
2534,06/16/19 05:05:00 AM,22.705,100.000,,,,,
2535,06/16/19 05:10:00 AM,22.657,100.000,,,,,
2536,06/16/19 05:15:00 AM,22.585,100.000,,,,,
2537,06/16/19 05:20:00 AM,22.537,100.000,,,,,
2538,06/16/19 05:25:00 AM,22.513,100.000,,,,,
2539,06/16/19 05:30:00 AM,22.489,100.000,,,,,
2540,06/16/19 05:35:00 AM,22.441,100.000,,,,,
2541,06/16/19 05:40:00 AM,22.417,100.000,,,,,
2542,06/16/19 05:45:00 AM,22.393,100.000,,,,,
2543,06/16/19 05:50:00 AM,22.393,100.000,,,,,
2544,06/16/19 05:55:00 AM,22.345,100.000,,,,,
2545,06/16/19 06:00:00 AM,22.345,100.000,,,,,
2546,06/16/19 06:05:00 AM,22.321,100.000,,,,,
2547,06/16/19 06:10:00 AM,22.274,100.000,,,,,
2548,06/16/19 06:15:00 AM,22.202,100.000,,,,,
2549,06/16/19 06:20:00 AM,22.178,100.000,,,,,
2550,06/16/19 06:25:00 AM,22.178,100.000,,,,,
2551,06/16/19 06:30:00 AM,22.154,100.000,,,,,
2552,06/16/19 06:35:00 AM,22.154,100.000,,,,,
2553,06/16/19 06:40:00 AM,22.154,100.000,,,,,
2554,06/16/19 06:45:00 AM,22.154,100.000,,,,,
2555,06/16/19 06:50:00 AM,22.202,100.000,,,,,
2556,06/16/19 06:55:00 AM,22.202,100.000,,,,,
2557,06/16/19 07:00:00 AM,22.178,100.000,,,,,
2558,06/16/19 07:05:00 AM,22.154,100.000,,,,,
2559,06/16/19 07:10:00 AM,22.130,100.000,,,,,
2560,06/16/19 07:15:00 AM,22.178,100.000,,,,,
2561,06/16/19 07:20:00 AM,22.202,100.000,,,,,
2562,06/16/19 07:25:00 AM,22.226,100.000,,,,,
2563,06/16/19 07:30:00 AM,22.250,100.000,,,,,
2564,06/16/19 07:35:00 AM,22.274,100.000,,,,,
2565,06/16/19 07:40:00 AM,22.345,100.000,,,,,
2566,06/16/19 07:45:00 AM,22.417,100.000,,,,,
2567,06/16/19 07:50:00 AM,22.489,100.000,,,,,
2568,06/16/19 07:55:00 AM,22.537,100.000,,,,,
2569,06/16/19 08:00:00 AM,22.609,100.000,,,,,
2570,06/16/19 08:05:00 AM,22.705,100.000,,,,,
2571,06/16/19 08:10:00 AM,22.800,100.000,,,,,
2572,06/16/19 08:15:00 AM,22.896,100.000,,,,,
2573,06/16/19 08:20:00 AM,23.016,100.000,,,,,
2574,06/16/19 08:25:00 AM,23.160,100.000,,,,,
2575,06/16/19 08:30:00 AM,23.328,100.000,,,,,
2576,06/16/19 08:35:00 AM,23.497,100.000,,,,,
2577,06/16/19 08:40:00 AM,23.665,100.000,,,,,
2578,06/16/19 08:45:00 AM,23.833,100.000,,,,,
2579,06/16/19 08:50:00 AM,23.978,100.000,,,,,
2580,06/16/19 08:55:00 AM,24.122,100.000,,,,,
2581,06/16/19 09:00:00 AM,24.267,100.000,,,,,
2582,06/16/19 09:05:00 AM,24.436,100.000,,,,,
2583,06/16/19 09:10:00 AM,24.581,100.000,,,,,
2584,06/16/19 09:15:00 AM,24.726,100.000,,,,,
2585,06/16/19 09:20:00 AM,24.871,100.000,,,,,
2586,06/16/19 09:25:00 AM,24.968,100.000,,,,,
2587,06/16/19 09:30:00 AM,25.089,100.000,,,,,
2588,06/16/19 09:35:00 AM,25.234,100.000,,,,,
2589,06/16/19 09:40:00 AM,25.477,100.000,,,,,
2590,06/16/19 09:45:00 AM,25.647,100.000,,,,,
2591,06/16/19 09:50:00 AM,25.768,100.000,,,,,
2592,06/16/19 09:55:00 AM,25.841,100.000,,,,,
2593,06/16/19 10:00:00 AM,25.963,100.000,,,,,
2594,06/16/19 10:05:00 AM,26.012,100.000,,,,,
2595,06/16/19 10:10:00 AM,26.085,100.000,,,,,
2596,06/16/19 10:15:00 AM,26.207,100.000,,,,,
2597,06/16/19 10:20:00 AM,26.304,100.000,,,,,
2598,06/16/19 10:25:00 AM,26.426,100.000,,,,,
2599,06/16/19 10:30:00 AM,26.524,100.000,,,,,
2600,06/16/19 10:35:00 AM,26.524,100.000,,,,,
2601,06/16/19 10:40:00 AM,26.451,100.000,,,,,
2602,06/16/19 10:45:00 AM,26.378,100.000,,,,,
2603,06/16/19 10:50:00 AM,26.353,100.000,,,,,
2604,06/16/19 10:55:00 AM,26.353,100.000,,,,,
2605,06/16/19 11:00:00 AM,26.451,99.866,,,,,
2606,06/16/19 11:05:00 AM,26.671,99.633,,,,,
2607,06/16/19 11:10:00 AM,26.916,99.432,,,,,
2608,06/16/19 11:15:00 AM,27.112,98.976,,,,,
2609,06/16/19 11:20:00 AM,27.358,98.693,,,,,
2610,06/16/19 11:25:00 AM,27.554,98.154,,,,,
2611,06/16/19 11:30:00 AM,27.702,97.600,,,,,
2612,06/16/19 11:35:00 AM,27.924,97.685,,,,,
2613,06/16/19 11:40:00 AM,28.097,97.217,,,,,
2614,06/16/19 11:45:00 AM,28.171,97.046,,,,,
2615,06/16/19 11:50:00 AM,28.369,96.745,,,,,
2616,06/16/19 11:55:00 AM,28.518,96.294,,,,,
2617,06/16/19 12:00:00 PM,28.468,95.736,,,,,
2618,06/16/19 12:05:00 PM,28.345,95.896,,,,,
2619,06/16/19 12:10:00 PM,28.270,95.904,,,,,
2620,06/16/19 12:15:00 PM,28.270,95.849,,,,,
2621,06/16/19 12:20:00 PM,28.345,95.678,,,,,
2622,06/16/19 12:25:00 PM,28.394,95.445,,,,,
2623,06/16/19 12:30:00 PM,28.345,95.487,,,,,
2624,06/16/19 12:35:00 PM,28.245,95.598,,,,,
2625,06/16/19 12:40:00 PM,28.147,95.655,,,,,
2626,06/16/19 12:45:00 PM,28.048,95.684,,,,,
2627,06/16/19 12:50:00 PM,28.072,95.527,,,,,
2628,06/16/19 12:55:00 PM,28.320,94.112,,,,,
2629,06/16/19 01:00:00 PM,28.692,93.104,,,,,
2630,06/16/19 01:05:00 PM,29.090,92.870,,,,,
2631,06/16/19 01:10:00 PM,29.464,91.962,,,,,
2632,06/16/19 01:15:00 PM,29.690,92.489,,,,,
2633,06/16/19 01:20:00 PM,29.640,92.449,,,,,
2634,06/16/19 01:25:00 PM,29.439,92.539,,,,,
2635,06/16/19 01:30:00 PM,29.290,92.918,,,,,
2636,06/16/19 01:35:00 PM,29.265,92.885,,,,,
2637,06/16/19 01:40:00 PM,29.439,92.623,,,,,
2638,06/16/19 01:45:00 PM,29.840,92.220,,,,,
2639,06/16/19 01:50:00 PM,30.243,91.256,,,,,
2640,06/16/19 01:55:00 PM,30.672,90.405,,,,,
2641,06/16/19 02:00:00 PM,31.077,89.146,,,,,
2642,06/16/19 02:05:00 PM,31.561,88.122,,,,,
2643,06/16/19 02:10:00 PM,31.868,87.250,,,,,
2644,06/16/19 02:15:00 PM,32.047,86.259,,,,,
2645,06/16/19 02:20:00 PM,32.330,85.429,,,,,
2646,06/16/19 02:25:00 PM,32.613,84.885,,,,,
2647,06/16/19 02:30:00 PM,32.949,84.292,,,,,
2648,06/16/19 02:35:00 PM,33.365,83.129,,,,,
2649,06/16/19 02:40:00 PM,33.783,82.046,,,,,
2650,06/16/19 02:45:00 PM,34.334,81.308,,,,,
2651,06/16/19 02:50:00 PM,34.704,79.250,,,,,
2652,06/16/19 02:55:00 PM,34.810,78.496,,,,,
2653,06/16/19 03:00:00 PM,35.022,78.718,,,,,
2654,06/16/19 03:05:00 PM,35.102,76.997,,,,,
2655,06/16/19 03:10:00 PM,34.836,76.734,,,,,
2656,06/16/19 03:15:00 PM,34.704,77.158,,,,,
2657,06/16/19 03:20:00 PM,34.545,77.367,,,,,
2658,06/16/19 03:25:00 PM,34.229,78.290,,,,,
2659,06/16/19 03:30:00 PM,34.019,79.022,,,,,
2660,06/16/19 03:35:00 PM,33.940,78.262,,,,,
2661,06/16/19 03:40:00 PM,33.835,78.390,,,,,
2662,06/16/19 03:45:00 PM,33.521,79.010,,,,,
2663,06/16/19 03:50:00 PM,33.209,79.894,,,,,
2664,06/16/19 03:55:00 PM,33.053,78.707,,,,,
2665,06/16/19 04:00:00 PM,32.639,79.481,,,,,
2666,06/16/19 04:05:00 PM,32.201,80.510,,,,,
2667,06/16/19 04:10:00 PM,32.047,80.302,,,,,
2668,06/16/19 04:15:00 PM,31.996,80.585,,,,,
2669,06/16/19 04:20:00 PM,31.970,80.256,,,,,
2670,06/16/19 04:25:00 PM,32.021,80.061,,,,,
2671,06/16/19 04:30:00 PM,32.098,80.459,,,,,
2672,06/16/19 04:35:00 PM,32.047,79.861,,,,,
2673,06/16/19 04:40:00 PM,32.021,79.914,,,,,
2674,06/16/19 04:45:00 PM,31.996,79.585,,,,,
2675,06/16/19 04:50:00 PM,32.021,80.032,,,,,
2676,06/16/19 04:55:00 PM,32.073,80.043,,,,,
2677,06/16/19 05:00:00 PM,32.098,79.164,,,,,
2678,06/16/19 05:05:00 PM,32.124,80.112,,,,,
2679,06/16/19 05:10:00 PM,32.150,79.617,,,,,
2680,06/16/19 05:15:00 PM,32.227,79.397,,,,,
2681,06/16/19 05:20:00 PM,32.330,78.413,,,,,
2682,06/16/19 05:25:00 PM,32.253,79.284,,,,,
2683,06/16/19 05:30:00 PM,32.073,78.893,,,,,
2684,06/16/19 05:35:00 PM,32.021,77.936,,,,,
2685,06/16/19 05:40:00 PM,32.021,77.580,,,,,
2686,06/16/19 05:45:00 PM,31.970,78.429,,,,,
2687,06/16/19 05:50:00 PM,31.919,79.157,,,,,
2688,06/16/19 05:55:00 PM,31.842,79.583,,,,,
2689,06/16/19 06:00:00 PM,31.816,79.489,,,,,
2690,06/16/19 06:05:00 PM,31.919,80.275,,,,,
2691,06/16/19 06:10:00 PM,31.944,81.336,,,,,
2692,06/16/19 06:15:00 PM,31.765,81.766,,,,,
2693,06/16/19 06:20:00 PM,31.382,82.035,,,,,
2694,06/16/19 06:25:00 PM,30.976,83.543,,,,,
2695,06/16/19 06:30:00 PM,30.697,84.089,,,,,
2696,06/16/19 06:35:00 PM,30.419,85.006,,,,,
2697,06/16/19 06:40:00 PM,30.217,85.792,,,,,
2698,06/16/19 06:45:00 PM,30.192,86.329,,,,,
2699,06/16/19 06:50:00 PM,30.041,86.580,,,,,
2700,06/16/19 06:55:00 PM,29.815,86.955,,,,,
2701,06/16/19 07:00:00 PM,29.590,87.641,,,,,
2702,06/16/19 07:05:00 PM,29.389,88.133,,,,,
2703,06/16/19 07:10:00 PM,29.240,88.606,,,,,
2704,06/16/19 07:15:00 PM,29.090,89.133,,,,,
2705,06/16/19 07:20:00 PM,28.965,89.525,,,,,
2706,06/16/19 07:25:00 PM,28.891,89.704,,,,,
2707,06/16/19 07:30:00 PM,28.841,89.860,,,,,
2708,06/16/19 07:35:00 PM,28.766,90.178,,,,,
2709,06/16/19 07:40:00 PM,28.717,90.362,,,,,
2710,06/16/19 07:45:00 PM,28.617,90.533,,,,,
2711,06/16/19 07:50:00 PM,28.543,90.850,,,,,
2712,06/16/19 07:55:00 PM,28.444,90.938,,,,,
2713,06/16/19 08:00:00 PM,28.369,91.281,,,,,
2714,06/16/19 08:05:00 PM,28.295,91.346,,,,,
2715,06/16/19 08:10:00 PM,28.196,91.600,,,,,
2716,06/16/19 08:15:00 PM,28.072,91.930,,,,,
2717,06/16/19 08:20:00 PM,27.949,92.149,,,,,
2718,06/16/19 08:25:00 PM,27.825,92.340,,,,,
2719,06/16/19 08:30:00 PM,27.727,92.812,,,,,
2720,06/16/19 08:35:00 PM,27.604,93.029,,,,,
2721,06/16/19 08:40:00 PM,27.505,93.252,,,,,
2722,06/16/19 08:45:00 PM,27.382,93.660,,,,,
2723,06/16/19 08:50:00 PM,27.284,93.855,,,,,
2724,06/16/19 08:55:00 PM,27.161,94.097,,,,,
2725,06/16/19 09:00:00 PM,27.063,94.428,,,,,
2726,06/16/19 09:05:00 PM,26.965,94.567,,,,,
2727,06/16/19 09:10:00 PM,26.867,94.923,,,,,
2728,06/16/19 09:15:00 PM,26.793,95.176,,,,,
2729,06/16/19 09:20:00 PM,26.695,95.314,,,,,
2730,06/16/19 09:25:00 PM,26.598,95.208,,,,,
2731,06/16/19 09:30:00 PM,26.500,94.830,,,,,
2732,06/16/19 09:35:00 PM,26.426,94.431,,,,,
2733,06/16/19 09:40:00 PM,26.378,94.772,,,,,
2734,06/16/19 09:45:00 PM,26.353,94.983,,,,,
2735,06/16/19 09:50:00 PM,26.280,94.693,,,,,
2736,06/16/19 09:55:00 PM,26.182,94.967,,,,,
2737,06/16/19 10:00:00 PM,26.109,95.165,,,,,
2738,06/16/19 10:05:00 PM,26.012,95.546,,,,,
2739,06/16/19 10:10:00 PM,25.914,95.522,,,,,
2740,06/16/19 10:15:00 PM,25.841,95.827,,,,,
2741,06/16/19 10:20:00 PM,25.744,95.775,,,,,
2742,06/16/19 10:25:00 PM,25.671,96.322,,,,,
2743,06/16/19 10:30:00 PM,25.598,96.679,,,,,
2744,06/16/19 10:35:00 PM,25.574,96.941,,,,,
2745,06/16/19 10:40:00 PM,25.501,97.083,,,,,
2746,06/16/19 10:45:00 PM,25.404,97.272,,,,,
2747,06/16/19 10:50:00 PM,25.355,97.526,,,,,
2748,06/16/19 10:55:00 PM,25.283,97.668,,,,,
2749,06/16/19 11:00:00 PM,25.210,97.889,,,,,
2750,06/16/19 11:05:00 PM,25.113,97.996,,,,,
2751,06/16/19 11:10:00 PM,25.016,98.184,,,,,
2752,06/16/19 11:15:00 PM,24.919,98.211,,,,,
2753,06/16/19 11:20:00 PM,24.774,98.200,,,,,
2754,06/16/19 11:25:00 PM,24.702,98.579,,,,,
2755,06/16/19 11:30:00 PM,24.653,98.725,,,,,
2756,06/16/19 11:35:00 PM,24.629,98.930,,,,,
2757,06/16/19 11:40:00 PM,24.581,99.182,,,,,
2758,06/16/19 11:45:00 PM,24.508,99.162,,,,,
2759,06/16/19 11:50:00 PM,24.412,99.189,,,,,
2760,06/16/19 11:55:00 PM,24.315,99.322,,,,,
2761,06/17/19 12:00:00 AM,24.243,99.461,,,,,
2762,06/17/19 12:05:00 AM,24.219,99.665,,,,,
2763,06/17/19 12:10:00 AM,24.195,99.738,,,,,
2764,06/17/19 12:15:00 AM,24.146,99.698,,,,,
2765,06/17/19 12:20:00 AM,24.074,99.784,,,,,
2766,06/17/19 12:25:00 AM,24.050,99.883,,,,,
2767,06/17/19 12:30:00 AM,24.026,100.000,,,,,
2768,06/17/19 12:35:00 AM,24.050,100.000,,,,,
2769,06/17/19 12:40:00 AM,24.050,100.000,,,,,
2770,06/17/19 12:45:00 AM,24.002,100.000,,,,,
2771,06/17/19 12:50:00 AM,23.978,100.000,,,,,
2772,06/17/19 12:55:00 AM,23.954,100.000,,,,,
2773,06/17/19 01:00:00 AM,23.881,100.000,,,,,
2774,06/17/19 01:05:00 AM,23.809,100.000,,,,,
2775,06/17/19 01:10:00 AM,23.785,100.000,,,,,
2776,06/17/19 01:15:00 AM,23.737,100.000,,,,,
2777,06/17/19 01:20:00 AM,23.713,100.000,,,,,
2778,06/17/19 01:25:00 AM,23.689,100.000,,,,,
2779,06/17/19 01:30:00 AM,23.617,100.000,,,,,
2780,06/17/19 01:35:00 AM,23.569,100.000,,,,,
2781,06/17/19 01:40:00 AM,23.545,100.000,,,,,
2782,06/17/19 01:45:00 AM,23.472,100.000,,,,,
2783,06/17/19 01:50:00 AM,23.448,100.000,,,,,
2784,06/17/19 01:55:00 AM,23.424,100.000,,,,,
2785,06/17/19 02:00:00 AM,23.376,100.000,,,,,
2786,06/17/19 02:05:00 AM,23.328,100.000,,,,,
2787,06/17/19 02:10:00 AM,23.328,100.000,,,,,
2788,06/17/19 02:15:00 AM,23.304,100.000,,,,,
2789,06/17/19 02:20:00 AM,23.256,100.000,,,,,
2790,06/17/19 02:25:00 AM,23.184,100.000,,,,,
2791,06/17/19 02:30:00 AM,23.160,100.000,,,,,
2792,06/17/19 02:35:00 AM,23.160,100.000,,,,,
2793,06/17/19 02:40:00 AM,23.160,100.000,,,,,
2794,06/17/19 02:45:00 AM,23.088,100.000,,,,,
2795,06/17/19 02:50:00 AM,23.040,100.000,,,,,
2796,06/17/19 02:55:00 AM,22.992,100.000,,,,,
2797,06/17/19 03:00:00 AM,22.944,100.000,,,,,
2798,06/17/19 03:05:00 AM,22.896,100.000,,,,,
2799,06/17/19 03:10:00 AM,22.872,100.000,,,,,
2800,06/17/19 03:15:00 AM,22.848,100.000,,,,,
2801,06/17/19 03:20:00 AM,22.824,100.000,,,,,
2802,06/17/19 03:25:00 AM,22.800,100.000,,,,,
2803,06/17/19 03:30:00 AM,22.800,100.000,,,,,
2804,06/17/19 03:35:00 AM,22.824,100.000,,,,,
2805,06/17/19 03:40:00 AM,22.824,100.000,,,,,
2806,06/17/19 03:45:00 AM,22.824,100.000,,,,,
2807,06/17/19 03:50:00 AM,22.824,100.000,,,,,
2808,06/17/19 03:55:00 AM,22.800,100.000,,,,,
2809,06/17/19 04:00:00 AM,22.776,100.000,,,,,
2810,06/17/19 04:05:00 AM,22.729,100.000,,,,,
2811,06/17/19 04:10:00 AM,22.681,100.000,,,,,
2812,06/17/19 04:15:00 AM,22.633,100.000,,,,,
2813,06/17/19 04:20:00 AM,22.609,100.000,,,,,
2814,06/17/19 04:25:00 AM,22.585,100.000,,,,,
2815,06/17/19 04:30:00 AM,22.561,100.000,,,,,
2816,06/17/19 04:35:00 AM,22.561,100.000,,,,,
2817,06/17/19 04:40:00 AM,22.537,100.000,,,,,
2818,06/17/19 04:45:00 AM,22.513,100.000,,,,,
2819,06/17/19 04:50:00 AM,22.489,100.000,,,,,
2820,06/17/19 04:55:00 AM,22.465,100.000,,,,,
2821,06/17/19 05:00:00 AM,22.465,100.000,,,,,
2822,06/17/19 05:05:00 AM,22.465,100.000,,,,,
2823,06/17/19 05:10:00 AM,22.513,100.000,,,,,
2824,06/17/19 05:15:00 AM,22.513,100.000,,,,,
2825,06/17/19 05:20:00 AM,22.513,100.000,,,,,
2826,06/17/19 05:25:00 AM,22.465,100.000,,,,,
2827,06/17/19 05:30:00 AM,22.489,100.000,,,,,
2828,06/17/19 05:35:00 AM,22.513,100.000,,,,,
2829,06/17/19 05:40:00 AM,22.513,100.000,,,,,
2830,06/17/19 05:45:00 AM,22.489,100.000,,,,,
2831,06/17/19 05:50:00 AM,22.417,100.000,,,,,
2832,06/17/19 05:55:00 AM,22.321,100.000,,,,,
2833,06/17/19 06:00:00 AM,22.298,100.000,,,,,
2834,06/17/19 06:05:00 AM,22.298,100.000,,,,,
2835,06/17/19 06:10:00 AM,22.298,100.000,,,,,
2836,06/17/19 06:15:00 AM,22.274,100.000,,,,,
2837,06/17/19 06:20:00 AM,22.250,100.000,,,,,
2838,06/17/19 06:25:00 AM,22.226,100.000,,,,,
2839,06/17/19 06:30:00 AM,22.250,100.000,,,,,
2840,06/17/19 06:35:00 AM,22.226,100.000,,,,,
2841,06/17/19 06:40:00 AM,22.202,100.000,,,,,
2842,06/17/19 06:45:00 AM,22.202,100.000,,,,,
2843,06/17/19 06:50:00 AM,22.226,100.000,,,,,
2844,06/17/19 06:55:00 AM,22.226,100.000,,,,,
2845,06/17/19 07:00:00 AM,22.226,100.000,,,,,
2846,06/17/19 07:05:00 AM,22.274,100.000,,,,,
2847,06/17/19 07:10:00 AM,22.274,100.000,,,,,
2848,06/17/19 07:15:00 AM,22.321,100.000,,,,,
2849,06/17/19 07:20:00 AM,22.369,100.000,,,,,
2850,06/17/19 07:25:00 AM,22.441,100.000,,,,,
2851,06/17/19 07:30:00 AM,22.465,100.000,,,,,
2852,06/17/19 07:35:00 AM,22.513,100.000,,,,,
2853,06/17/19 07:40:00 AM,22.585,100.000,,,,,
2854,06/17/19 07:45:00 AM,22.657,100.000,,,,,
2855,06/17/19 07:50:00 AM,22.776,100.000,,,,,
2856,06/17/19 07:55:00 AM,22.896,100.000,,,,,
2857,06/17/19 08:00:00 AM,23.016,100.000,,,,,
2858,06/17/19 08:05:00 AM,23.136,100.000,,,,,
2859,06/17/19 08:10:00 AM,23.280,100.000,,,,,
2860,06/17/19 08:15:00 AM,23.376,100.000,,,,,
2861,06/17/19 08:20:00 AM,23.472,100.000,,,,,
2862,06/17/19 08:25:00 AM,23.569,100.000,,,,,
2863,06/17/19 08:30:00 AM,23.665,100.000,,,,,
2864,06/17/19 08:35:00 AM,23.809,100.000,,,,,
2865,06/17/19 08:40:00 AM,23.954,100.000,,,,,
2866,06/17/19 08:45:00 AM,24.074,100.000,,,,,
2867,06/17/19 08:50:00 AM,24.195,100.000,,,,,
2868,06/17/19 08:55:00 AM,24.291,100.000,,,,,
2869,06/17/19 09:00:00 AM,24.388,100.000,,,,,
2870,06/17/19 09:05:00 AM,24.532,100.000,,,,,
2871,06/17/19 09:10:00 AM,24.726,100.000,,,,,
2872,06/17/19 09:15:00 AM,24.871,100.000,,,,,
2873,06/17/19 09:20:00 AM,24.992,100.000,,,,,
2874,06/17/19 09:25:00 AM,25.040,100.000,,,,,
2875,06/17/19 09:30:00 AM,25.113,100.000,,,,,
2876,06/17/19 09:35:00 AM,25.258,100.000,,,,,
2877,06/17/19 09:40:00 AM,25.404,100.000,,,,,
2878,06/17/19 09:45:00 AM,25.477,100.000,,,,,
2879,06/17/19 09:50:00 AM,25.550,100.000,,,,,
2880,06/17/19 09:55:00 AM,25.598,99.983,,,,,
2881,06/17/19 10:00:00 AM,25.671,99.843,,,,,
2882,06/17/19 10:05:00 AM,25.720,99.751,,,,,
2883,06/17/19 10:10:00 AM,25.793,99.611,,,,,
2884,06/17/19 10:15:00 AM,25.963,99.604,,,,,
2885,06/17/19 10:20:00 AM,26.158,99.284,,,,,
2886,06/17/19 10:25:00 AM,26.182,98.864,,,,,
2887,06/17/19 10:30:00 AM,26.109,98.845,,,,,
2888,06/17/19 10:35:00 AM,26.036,98.985,,,,,
2889,06/17/19 10:40:00 AM,25.939,99.119,,,,,
2890,06/17/19 10:45:00 AM,25.866,99.232,,,,,
2891,06/17/19 10:50:00 AM,25.793,99.293,,,,,
2892,06/17/19 10:55:00 AM,25.744,99.386,,,,,
2893,06/17/19 11:00:00 AM,25.744,99.439,,,,,
2894,06/17/19 11:05:00 AM,25.744,99.492,,,,,
2895,06/17/19 11:10:00 AM,25.768,99.552,,,,,
2896,06/17/19 11:15:00 AM,25.744,99.519,,,,,
2897,06/17/19 11:20:00 AM,25.744,99.519,,,,,
2898,06/17/19 11:25:00 AM,25.768,99.552,,,,,
2899,06/17/19 11:30:00 AM,25.768,99.552,,,,,
2900,06/17/19 11:35:00 AM,25.817,99.538,,,,,
2901,06/17/19 11:40:00 AM,25.890,99.478,,,,,
2902,06/17/19 11:45:00 AM,25.939,99.438,,,,,
2903,06/17/19 11:50:00 AM,25.914,99.458,,,,,
2904,06/17/19 11:55:00 AM,25.768,99.578,,,,,
2905,06/17/19 12:00:00 PM,25.671,99.817,,,,,
2906,06/17/19 12:05:00 PM,25.695,100.000,,,,,
2907,06/17/19 12:10:00 PM,25.866,100.000,,,,,
2908,06/17/19 12:15:00 PM,26.158,100.000,,,,,
2909,06/17/19 12:20:00 PM,26.378,100.000,,,,,
2910,06/17/19 12:25:00 PM,26.451,99.946,,,,,
2911,06/17/19 12:30:00 PM,26.378,99.661,,,,,
2912,06/17/19 12:35:00 PM,26.256,99.628,,,,,
2913,06/17/19 12:40:00 PM,26.109,99.696,,,,,
2914,06/17/19 12:45:00 PM,25.987,99.822,,,,,
2915,06/17/19 12:50:00 PM,25.866,99.949,,,,,
2916,06/17/19 12:55:00 PM,25.768,100.000,,,,,
2917,06/17/19 01:00:00 PM,25.647,100.000,,,,,
2918,06/17/19 01:05:00 PM,25.501,100.000,,,,,
2919,06/17/19 01:10:00 PM,25.404,100.000,,,,,
2920,06/17/19 01:15:00 PM,25.307,100.000,,,,,
2921,06/17/19 01:20:00 PM,25.258,100.000,,,,,
2922,06/17/19 01:25:00 PM,25.331,100.000,,,,,
2923,06/17/19 01:30:00 PM,25.428,100.000,,,,,
2924,06/17/19 01:35:00 PM,25.598,100.000,,,,,
2925,06/17/19 01:40:00 PM,25.841,100.000,,,,,
2926,06/17/19 01:45:00 PM,26.109,100.000,,,,,
2927,06/17/19 01:50:00 PM,26.549,100.000,,,,,
2928,06/17/19 01:55:00 PM,27.014,100.000,,,,,
2929,06/17/19 02:00:00 PM,27.284,99.636,,,,,
2930,06/17/19 02:05:00 PM,27.579,99.287,,,,,
2931,06/17/19 02:10:00 PM,27.702,98.569,,,,,
2932,06/17/19 02:15:00 PM,27.751,98.421,,,,,
2933,06/17/19 02:20:00 PM,27.850,98.124,,,,,
2934,06/17/19 02:25:00 PM,28.023,97.953,,,,,
2935,06/17/19 02:30:00 PM,28.221,97.735,,,,,
2936,06/17/19 02:35:00 PM,28.245,97.201,,,,,
2937,06/17/19 02:40:00 PM,28.171,96.911,,,,,
2938,06/17/19 02:45:00 PM,28.122,96.952,,,,,
2939,06/17/19 02:50:00 PM,28.147,96.904,,,,,
2940,06/17/19 02:55:00 PM,28.097,96.837,,,,,
2941,06/17/19 03:00:00 PM,28.048,96.771,,,,,
2942,06/17/19 03:05:00 PM,27.949,96.691,,,,,
2943,06/17/19 03:10:00 PM,27.924,96.820,,,,,
2944,06/17/19 03:15:00 PM,27.899,96.760,,,,,
2945,06/17/19 03:20:00 PM,27.949,96.962,,,,,
2946,06/17/19 03:25:00 PM,27.998,96.704,,,,,
2947,06/17/19 03:30:00 PM,28.171,96.748,,,,,
2948,06/17/19 03:35:00 PM,28.369,96.582,,,,,
2949,06/17/19 03:40:00 PM,28.593,95.986,,,,,
2950,06/17/19 03:45:00 PM,28.692,95.574,,,,,
2951,06/17/19 03:50:00 PM,28.617,95.337,,,,,
2952,06/17/19 03:55:00 PM,28.617,95.474,,,,,
2953,06/17/19 04:00:00 PM,28.642,95.125,,,,,
2954,06/17/19 04:05:00 PM,28.742,95.150,,,,,
2955,06/17/19 04:10:00 PM,28.742,94.821,,,,,
2956,06/17/19 04:15:00 PM,28.692,94.809,,,,,
2957,06/17/19 04:20:00 PM,28.593,94.811,,,,,
2958,06/17/19 04:25:00 PM,28.493,94.868,,,,,
2959,06/17/19 04:30:00 PM,28.394,95.062,,,,,
2960,06/17/19 04:35:00 PM,28.320,95.153,,,,,
2961,06/17/19 04:40:00 PM,28.245,95.189,,,,,
2962,06/17/19 04:45:00 PM,28.171,95.170,,,,,
2963,06/17/19 04:50:00 PM,27.998,94.717,,,,,
2964,06/17/19 04:55:00 PM,27.727,95.058,,,,,
2965,06/17/19 05:00:00 PM,27.505,95.601,,,,,
2966,06/17/19 05:05:00 PM,27.481,95.785,,,,,
2967,06/17/19 05:10:00 PM,27.554,95.831,,,,,
2968,06/17/19 05:15:00 PM,27.505,95.818,,,,,
2969,06/17/19 05:20:00 PM,27.407,95.902,,,,,
2970,06/17/19 05:25:00 PM,27.259,96.081,,,,,
2971,06/17/19 05:30:00 PM,27.112,96.260,,,,,
2972,06/17/19 05:35:00 PM,27.014,96.451,,,,,
2973,06/17/19 05:40:00 PM,26.965,96.601,,,,,
2974,06/17/19 05:45:00 PM,26.940,96.513,,,,,
2975,06/17/19 05:50:00 PM,26.965,96.438,,,,,
2976,06/17/19 05:55:00 PM,27.063,96.464,,,,,
2977,06/17/19 06:00:00 PM,27.063,96.301,,,,,
2978,06/17/19 06:05:00 PM,27.112,96.314,,,,,
2979,06/17/19 06:10:00 PM,27.186,95.981,,,,,
2980,06/17/19 06:15:00 PM,27.333,95.747,,,,,
2981,06/17/19 06:20:00 PM,27.431,95.636,,,,,
2982,06/17/19 06:25:00 PM,27.505,95.682,,,,,
2983,06/17/19 06:30:00 PM,27.554,95.613,,,,,
2984,06/17/19 06:35:00 PM,27.554,95.559,,,,,
2985,06/17/19 06:40:00 PM,27.505,95.574,,,,,
2986,06/17/19 06:45:00 PM,27.505,95.601,,,,,
2987,06/17/19 06:50:00 PM,27.456,95.697,,,,,
2988,06/17/19 06:55:00 PM,27.431,95.799,,,,,
2989,06/17/19 07:00:00 PM,27.431,95.799,,,,,
2990,06/17/19 07:05:00 PM,27.407,95.875,,,,,
2991,06/17/19 07:10:00 PM,27.358,95.943,,,,,
2992,06/17/19 07:15:00 PM,27.308,95.958,,,,,
2993,06/17/19 07:20:00 PM,27.308,95.985,,,,,
2994,06/17/19 07:25:00 PM,27.333,96.046,,,,,
2995,06/17/19 07:30:00 PM,27.333,96.046,,,,,
2996,06/17/19 07:35:00 PM,27.308,96.066,,,,,
2997,06/17/19 07:40:00 PM,27.259,96.243,,,,,
2998,06/17/19 07:45:00 PM,27.210,96.285,,,,,
2999,06/17/19 07:50:00 PM,27.186,96.441,,,,,
3000,06/17/19 07:55:00 PM,27.161,96.543,,,,,
3001,06/17/19 08:00:00 PM,27.063,96.545,,,,,
3002,06/17/19 08:05:00 PM,26.965,96.655,,,,,
3003,06/17/19 08:10:00 PM,26.842,96.866,,,,,
3004,06/17/19 08:15:00 PM,26.720,96.915,,,,,
3005,06/17/19 08:20:00 PM,26.573,97.146,,,,,
3006,06/17/19 08:25:00 PM,26.475,97.390,,,,,
3007,06/17/19 08:30:00 PM,26.353,97.519,,,,,
3008,06/17/19 08:35:00 PM,26.231,97.648,,,,,
3009,06/17/19 08:40:00 PM,26.109,97.937,,,,,
3010,06/17/19 08:45:00 PM,25.987,98.119,,,,,
3011,06/17/19 08:50:00 PM,25.914,98.314,,,,,
3012,06/17/19 08:55:00 PM,25.817,98.475,,,,,
3013,06/17/19 09:00:00 PM,25.720,98.635,,,,,
3014,06/17/19 09:05:00 PM,25.623,98.822,,,,,
3015,06/17/19 09:10:00 PM,25.501,98.790,,,,,
3016,06/17/19 09:15:00 PM,25.428,98.718,,,,,
3017,06/17/19 09:20:00 PM,25.380,98.891,,,,,
3018,06/17/19 09:25:00 PM,25.307,99.031,,,,,
3019,06/17/19 09:30:00 PM,25.234,99.171,,,,,
3020,06/17/19 09:35:00 PM,25.162,99.178,,,,,
3021,06/17/19 09:40:00 PM,25.040,99.225,,,,,
3022,06/17/19 09:45:00 PM,24.968,99.364,,,,,
3023,06/17/19 09:50:00 PM,24.895,99.530,,,,,
3024,06/17/19 09:55:00 PM,24.823,99.643,,,,,
3025,06/17/19 10:00:00 PM,24.750,99.676,,,,,
3026,06/17/19 10:05:00 PM,24.702,99.848,,,,,
3027,06/17/19 10:10:00 PM,24.677,99.946,,,,,
3028,06/17/19 10:15:00 PM,24.677,100.000,,,,,
3029,06/17/19 10:20:00 PM,24.653,100.000,,,,,
3030,06/17/19 10:25:00 PM,24.629,100.000,,,,,
3031,06/17/19 10:30:00 PM,24.581,100.000,,,,,
3032,06/17/19 10:35:00 PM,24.508,100.000,,,,,
3033,06/17/19 10:40:00 PM,24.412,100.000,,,,,
3034,06/17/19 10:45:00 PM,24.363,100.000,,,,,
3035,06/17/19 10:50:00 PM,24.339,100.000,,,,,
3036,06/17/19 10:55:00 PM,24.315,100.000,,,,,
3037,06/17/19 11:00:00 PM,24.267,100.000,,,,,
3038,06/17/19 11:05:00 PM,24.219,100.000,,,,,
3039,06/17/19 11:10:00 PM,24.195,100.000,,,,,
3040,06/17/19 11:15:00 PM,24.195,100.000,,,,,
3041,06/17/19 11:20:00 PM,24.146,100.000,,,,,
3042,06/17/19 11:25:00 PM,24.122,100.000,,,,,
3043,06/17/19 11:30:00 PM,24.098,100.000,,,,,
3044,06/17/19 11:35:00 PM,24.098,100.000,,,,,
3045,06/17/19 11:40:00 PM,24.050,100.000,,,,,
3046,06/17/19 11:45:00 PM,24.050,100.000,,,,,
3047,06/17/19 11:50:00 PM,24.002,100.000,,,,,
3048,06/17/19 11:55:00 PM,23.978,100.000,,,,,
3049,06/18/19 12:00:00 AM,23.954,100.000,,,,,
3050,06/18/19 12:05:00 AM,23.954,100.000,,,,,
3051,06/18/19 12:10:00 AM,23.930,100.000,,,,,
3052,06/18/19 12:15:00 AM,23.905,100.000,,,,,
3053,06/18/19 12:20:00 AM,23.881,100.000,,,,,
3054,06/18/19 12:25:00 AM,23.905,100.000,,,,,
3055,06/18/19 12:30:00 AM,23.881,100.000,,,,,
3056,06/18/19 12:35:00 AM,23.905,100.000,,,,,
3057,06/18/19 12:40:00 AM,23.905,100.000,,,,,
3058,06/18/19 12:45:00 AM,23.954,100.000,,,,,
3059,06/18/19 12:50:00 AM,23.978,100.000,,,,,
3060,06/18/19 12:55:00 AM,23.978,100.000,,,,,
3061,06/18/19 01:00:00 AM,24.002,100.000,,,,,
3062,06/18/19 01:05:00 AM,24.002,100.000,,,,,
3063,06/18/19 01:10:00 AM,24.026,100.000,,,,,
3064,06/18/19 01:15:00 AM,24.050,100.000,,,,,
3065,06/18/19 01:20:00 AM,24.050,100.000,,,,,
3066,06/18/19 01:25:00 AM,24.026,100.000,,,,,
3067,06/18/19 01:30:00 AM,24.002,100.000,,,,,
3068,06/18/19 01:35:00 AM,24.002,100.000,,,,,
3069,06/18/19 01:40:00 AM,24.002,100.000,,,,,
3070,06/18/19 01:45:00 AM,23.978,100.000,,,,,
3071,06/18/19 01:50:00 AM,23.978,100.000,,,,,
3072,06/18/19 01:55:00 AM,23.978,100.000,,,,,
3073,06/18/19 02:00:00 AM,23.954,100.000,,,,,
3074,06/18/19 02:05:00 AM,23.905,100.000,,,,,
3075,06/18/19 02:10:00 AM,23.857,100.000,,,,,
3076,06/18/19 02:15:00 AM,23.809,100.000,,,,,
3077,06/18/19 02:20:00 AM,23.785,100.000,,,,,
3078,06/18/19 02:25:00 AM,23.761,100.000,,,,,
3079,06/18/19 02:30:00 AM,23.737,100.000,,,,,
3080,06/18/19 02:35:00 AM,23.689,100.000,,,,,
3081,06/18/19 02:40:00 AM,23.617,100.000,,,,,
3082,06/18/19 02:45:00 AM,23.569,100.000,,,,,
3083,06/18/19 02:50:00 AM,23.521,100.000,,,,,
3084,06/18/19 02:55:00 AM,23.497,100.000,,,,,
3085,06/18/19 03:00:00 AM,23.497,100.000,,,,,
3086,06/18/19 03:05:00 AM,23.497,100.000,,,,,
3087,06/18/19 03:10:00 AM,23.472,100.000,,,,,
3088,06/18/19 03:15:00 AM,23.497,100.000,,,,,
3089,06/18/19 03:20:00 AM,23.472,100.000,,,,,
3090,06/18/19 03:25:00 AM,23.448,100.000,,,,,
3091,06/18/19 03:30:00 AM,23.424,100.000,,,,,
3092,06/18/19 03:35:00 AM,23.424,100.000,,,,,
3093,06/18/19 03:40:00 AM,23.376,100.000,,,,,
3094,06/18/19 03:45:00 AM,23.352,100.000,,,,,
3095,06/18/19 03:50:00 AM,23.352,100.000,,,,,
3096,06/18/19 03:55:00 AM,23.328,100.000,,,,,
3097,06/18/19 04:00:00 AM,23.304,100.000,,,,,
3098,06/18/19 04:05:00 AM,23.304,100.000,,,,,
3099,06/18/19 04:10:00 AM,23.256,100.000,,,,,
3100,06/18/19 04:15:00 AM,23.232,100.000,,,,,
3101,06/18/19 04:20:00 AM,23.232,100.000,,,,,
3102,06/18/19 04:25:00 AM,23.184,100.000,,,,,
3103,06/18/19 04:30:00 AM,23.184,100.000,,,,,
3104,06/18/19 04:35:00 AM,23.160,100.000,,,,,
3105,06/18/19 04:40:00 AM,23.160,100.000,,,,,
3106,06/18/19 04:45:00 AM,23.136,100.000,,,,,
3107,06/18/19 04:50:00 AM,23.112,100.000,,,,,
3108,06/18/19 04:55:00 AM,23.088,100.000,,,,,
3109,06/18/19 05:00:00 AM,23.088,100.000,,,,,
3110,06/18/19 05:05:00 AM,23.064,100.000,,,,,
3111,06/18/19 05:10:00 AM,23.064,100.000,,,,,
3112,06/18/19 05:15:00 AM,23.088,100.000,,,,,
3113,06/18/19 05:20:00 AM,23.088,100.000,,,,,
3114,06/18/19 05:25:00 AM,23.112,100.000,,,,,
3115,06/18/19 05:30:00 AM,23.088,100.000,,,,,
3116,06/18/19 05:35:00 AM,23.088,100.000,,,,,
3117,06/18/19 05:40:00 AM,23.064,100.000,,,,,
3118,06/18/19 05:45:00 AM,23.088,100.000,,,,,
3119,06/18/19 05:50:00 AM,23.088,100.000,,,,,
3120,06/18/19 05:55:00 AM,23.088,100.000,,,,,
3121,06/18/19 06:00:00 AM,23.088,100.000,,,,,
3122,06/18/19 06:05:00 AM,23.088,100.000,,,,,
3123,06/18/19 06:10:00 AM,23.112,100.000,,,,,
3124,06/18/19 06:15:00 AM,23.112,100.000,,,,,
3125,06/18/19 06:20:00 AM,23.136,100.000,,,,,
3126,06/18/19 06:25:00 AM,23.112,100.000,,,,,
3127,06/18/19 06:30:00 AM,23.088,100.000,,,,,
3128,06/18/19 06:35:00 AM,23.088,100.000,,,,,
3129,06/18/19 06:40:00 AM,23.088,100.000,,,,,
3130,06/18/19 06:45:00 AM,23.088,100.000,,,,,
3131,06/18/19 06:50:00 AM,23.088,100.000,,,,,
3132,06/18/19 06:55:00 AM,23.088,100.000,,,,,
3133,06/18/19 07:00:00 AM,23.088,100.000,,,,,
3134,06/18/19 07:05:00 AM,23.112,100.000,,,,,
3135,06/18/19 07:10:00 AM,23.112,100.000,,,,,
3136,06/18/19 07:15:00 AM,23.136,100.000,,,,,
3137,06/18/19 07:20:00 AM,23.184,100.000,,,,,
3138,06/18/19 07:25:00 AM,23.232,100.000,,,,,
3139,06/18/19 07:30:00 AM,23.256,100.000,,,,,
3140,06/18/19 07:35:00 AM,23.280,100.000,,,,,
3141,06/18/19 07:40:00 AM,23.328,100.000,,,,,
3142,06/18/19 07:45:00 AM,23.352,100.000,,,,,
3143,06/18/19 07:50:00 AM,23.376,100.000,,,,,
3144,06/18/19 07:55:00 AM,23.400,100.000,,,,,
3145,06/18/19 08:00:00 AM,23.448,100.000,,,,,
3146,06/18/19 08:05:00 AM,23.472,100.000,,,,,
3147,06/18/19 08:10:00 AM,23.521,100.000,,,,,
3148,06/18/19 08:15:00 AM,23.569,100.000,,,,,
3149,06/18/19 08:20:00 AM,23.641,100.000,,,,,
3150,06/18/19 08:25:00 AM,23.713,100.000,,,,,
3151,06/18/19 08:30:00 AM,23.761,100.000,,,,,
3152,06/18/19 08:35:00 AM,23.833,100.000,,,,,
3153,06/18/19 08:40:00 AM,23.857,100.000,,,,,
3154,06/18/19 08:45:00 AM,23.930,100.000,,,,,
3155,06/18/19 08:50:00 AM,24.002,100.000,,,,,
3156,06/18/19 08:55:00 AM,24.098,100.000,,,,,
3157,06/18/19 09:00:00 AM,24.219,100.000,,,,,
3158,06/18/19 09:05:00 AM,24.291,100.000,,,,,
3159,06/18/19 09:10:00 AM,24.388,100.000,,,,,
3160,06/18/19 09:15:00 AM,24.508,100.000,,,,,
3161,06/18/19 09:20:00 AM,24.629,100.000,,,,,
3162,06/18/19 09:25:00 AM,24.702,100.000,,,,,
3163,06/18/19 09:30:00 AM,24.798,100.000,,,,,
3164,06/18/19 09:35:00 AM,24.919,100.000,,,,,
3165,06/18/19 09:40:00 AM,25.089,100.000,,,,,
3166,06/18/19 09:45:00 AM,25.162,100.000,,,,,
3167,06/18/19 09:50:00 AM,25.186,100.000,,,,,
3168,06/18/19 09:55:00 AM,25.210,100.000,,,,,
3169,06/18/19 10:00:00 AM,25.258,100.000,,,,,
3170,06/18/19 10:05:00 AM,25.355,100.000,,,,,
3171,06/18/19 10:10:00 AM,25.428,100.000,,,,,
3172,06/18/19 10:15:00 AM,25.525,100.000,,,,,
3173,06/18/19 10:20:00 AM,25.647,100.000,,,,,
3174,06/18/19 10:25:00 AM,25.768,100.000,,,,,
3175,06/18/19 10:30:00 AM,25.890,100.000,,,,,
3176,06/18/19 10:35:00 AM,25.914,100.000,,,,,
3177,06/18/19 10:40:00 AM,26.036,100.000,,,,,
3178,06/18/19 10:45:00 AM,26.207,100.000,,,,,
3179,06/18/19 10:50:00 AM,26.402,100.000,,,,,
3180,06/18/19 10:55:00 AM,26.598,100.000,,,,,
3181,06/18/19 11:00:00 AM,26.720,100.000,,,,,
3182,06/18/19 11:05:00 AM,26.793,99.931,,,,,
3183,06/18/19 11:10:00 AM,26.891,99.745,,,,,
3184,06/18/19 11:15:00 AM,27.014,99.458,,,,,
3185,06/18/19 11:20:00 AM,27.112,99.270,,,,,
3186,06/18/19 11:25:00 AM,27.210,99.082,,,,,
3187,06/18/19 11:30:00 AM,27.358,98.586,,,,,
3188,06/18/19 11:35:00 AM,27.579,98.429,,,,,
3189,06/18/19 11:40:00 AM,27.628,98.120,,,,,
3190,06/18/19 11:45:00 AM,27.604,98.060,,,,,
3191,06/18/19 11:50:00 AM,27.653,97.857,,,,,
3192,06/18/19 11:55:00 AM,27.751,97.721,,,,,
3193,06/18/19 12:00:00 PM,27.776,97.512,,,,,
3194,06/18/19 12:05:00 PM,27.751,97.532,,,,,
3195,06/18/19 12:10:00 PM,27.751,97.505,,,,,
3196,06/18/19 12:15:00 PM,27.899,97.274,,,,,
3197,06/18/19 12:20:00 PM,28.196,97.080,,,,,
3198,06/18/19 12:25:00 PM,28.419,96.377,,,,,
3199,06/18/19 12:30:00 PM,28.568,95.898,,,,,
3200,06/18/19 12:35:00 PM,28.766,95.593,,,,,
3201,06/18/19 12:40:00 PM,28.965,95.261,,,,,
3202,06/18/19 12:45:00 PM,29.165,95.393,,,,,
3203,06/18/19 12:50:00 PM,29.315,94.635,,,,,
3204,06/18/19 12:55:00 PM,29.365,93.876,,,,,
3205,06/18/19 01:00:00 PM,29.389,93.551,,,,,
3206,06/18/19 01:05:00 PM,29.540,93.035,,,,,
3207,06/18/19 01:10:00 PM,29.665,92.844,,,,,
3208,06/18/19 01:15:00 PM,29.765,92.563,,,,,
3209,06/18/19 01:20:00 PM,29.765,92.229,,,,,
3210,06/18/19 01:25:00 PM,29.690,92.239,,,,,
3211,06/18/19 01:30:00 PM,29.640,92.394,,,,,
3212,06/18/19 01:35:00 PM,29.414,92.339,,,,,
3213,06/18/19 01:40:00 PM,29.065,92.587,,,,,
3214,06/18/19 01:45:00 PM,28.468,94.204,,,,,
3215,06/18/19 01:50:00 PM,27.850,95.280,,,,,
3216,06/18/19 01:55:00 PM,27.358,96.187,,,,,
3217,06/18/19 02:00:00 PM,27.063,97.219,,,,,
3218,06/18/19 02:05:00 PM,26.940,97.833,,,,,
3219,06/18/19 02:10:00 PM,26.965,98.376,,,,,
3220,06/18/19 02:15:00 PM,27.063,98.562,,,,,
3221,06/18/19 02:20:00 PM,27.112,98.521,,,,,
3222,06/18/19 02:25:00 PM,27.136,98.555,,,,,
3223,06/18/19 02:30:00 PM,27.112,98.548,,,,,
3224,06/18/19 02:35:00 PM,26.965,98.429,,,,,
3225,06/18/19 02:40:00 PM,26.867,98.618,,,,,
3226,06/18/19 02:45:00 PM,26.818,98.819,,,,,
3227,06/18/19 02:50:00 PM,26.818,98.925,,,,,
3228,06/18/19 02:55:00 PM,27.063,99.364,,,,,
3229,06/18/19 03:00:00 PM,27.604,99.347,,,,,
3230,06/18/19 03:05:00 PM,27.751,98.663,,,,,
3231,06/18/19 03:10:00 PM,27.899,98.567,,,,,
3232,06/18/19 03:15:00 PM,28.345,99.221,,,,,
3233,06/18/19 03:20:00 PM,28.742,98.464,,,,,
3234,06/18/19 03:25:00 PM,28.990,97.257,,,,,
3235,06/18/19 03:30:00 PM,29.190,97.010,,,,,
3236,06/18/19 03:35:00 PM,29.365,96.291,,,,,
3237,06/18/19 03:40:00 PM,29.565,96.397,,,,,
3238,06/18/19 03:45:00 PM,29.590,95.418,,,,,
3239,06/18/19 03:50:00 PM,29.540,95.241,,,,,
3240,06/18/19 03:55:00 PM,29.515,95.317,,,,,
3241,06/18/19 04:00:00 PM,29.439,95.106,,,,,
3242,06/18/19 04:05:00 PM,29.240,95.110,,,,,
3243,06/18/19 04:10:00 PM,29.140,95.578,,,,,
3244,06/18/19 04:15:00 PM,29.090,95.456,,,,,
3245,06/18/19 04:20:00 PM,28.941,95.145,,,,,
3246,06/18/19 04:25:00 PM,28.742,95.314,,,,,
3247,06/18/19 04:30:00 PM,28.593,95.549,,,,,
3248,06/18/19 04:35:00 PM,28.617,95.938,,,,,
3249,06/18/19 04:40:00 PM,28.742,95.724,,,,,
3250,06/18/19 04:45:00 PM,28.742,95.204,,,,,
3251,06/18/19 04:50:00 PM,28.543,95.428,,,,,
3252,06/18/19 04:55:00 PM,28.295,95.365,,,,,
3253,06/18/19 05:00:00 PM,28.048,95.630,,,,,
3254,06/18/19 05:05:00 PM,27.751,95.826,,,,,
3255,06/18/19 05:10:00 PM,27.456,96.240,,,,,
3256,06/18/19 05:15:00 PM,27.161,96.597,,,,,
3257,06/18/19 05:20:00 PM,26.916,97.019,,,,,
3258,06/18/19 05:25:00 PM,26.622,97.535,,,,,
3259,06/18/19 05:30:00 PM,25.598,97.697,,,,,
3260,06/18/19 05:35:00 PM,24.798,99.240,,,,,
3261,06/18/19 05:40:00 PM,24.315,99.796,,,,,
3262,06/18/19 05:45:00 PM,23.833,100.000,,,,,
3263,06/18/19 05:50:00 PM,23.617,100.000,,,,,
3264,06/18/19 05:55:00 PM,23.617,100.000,,,,,
3265,06/18/19 06:00:00 PM,23.641,100.000,,,,,
3266,06/18/19 06:05:00 PM,23.713,100.000,,,,,
3267,06/18/19 06:10:00 PM,23.785,100.000,,,,,
3268,06/18/19 06:15:00 PM,23.809,100.000,,,,,
3269,06/18/19 06:20:00 PM,23.809,100.000,,,,,
3270,06/18/19 06:25:00 PM,23.809,100.000,,,,,
3271,06/18/19 06:30:00 PM,23.809,100.000,,,,,
3272,06/18/19 06:35:00 PM,23.833,100.000,,,,,
3273,06/18/19 06:40:00 PM,23.833,100.000,,,,,
3274,06/18/19 06:45:00 PM,23.809,100.000,,,,,
3275,06/18/19 06:50:00 PM,23.785,100.000,,,,,
3276,06/18/19 06:55:00 PM,23.713,100.000,,,,,
3277,06/18/19 07:00:00 PM,23.665,100.000,,,,,
3278,06/18/19 07:05:00 PM,23.641,100.000,,,,,
3279,06/18/19 07:10:00 PM,23.665,100.000,,,,,
3280,06/18/19 07:15:00 PM,23.665,100.000,,,,,
3281,06/18/19 07:20:00 PM,23.665,100.000,,,,,
3282,06/18/19 07:25:00 PM,23.689,100.000,,,,,
3283,06/18/19 07:30:00 PM,23.689,100.000,,,,,
3284,06/18/19 07:35:00 PM,23.713,100.000,,,,,
3285,06/18/19 07:40:00 PM,23.713,100.000,,,,,
3286,06/18/19 07:45:00 PM,23.713,100.000,,,,,
3287,06/18/19 07:50:00 PM,23.665,100.000,,,,,
3288,06/18/19 07:55:00 PM,23.689,100.000,,,,,
3289,06/18/19 08:00:00 PM,23.713,100.000,,,,,
3290,06/18/19 08:05:00 PM,23.617,100.000,,,,,
3291,06/18/19 08:10:00 PM,23.617,100.000,,,,,
3292,06/18/19 08:15:00 PM,23.593,100.000,,,,,
3293,06/18/19 08:20:00 PM,23.617,100.000,,,,,
3294,06/18/19 08:25:00 PM,23.665,100.000,,,,,
3295,06/18/19 08:30:00 PM,23.689,100.000,,,,,
3296,06/18/19 08:35:00 PM,23.665,100.000,,,,,
3297,06/18/19 08:40:00 PM,23.593,100.000,,,,,
3298,06/18/19 08:45:00 PM,23.569,100.000,,,,,
3299,06/18/19 08:50:00 PM,23.545,100.000,,,,,
3300,06/18/19 08:55:00 PM,23.521,100.000,,,,,
3301,06/18/19 09:00:00 PM,23.472,100.000,,,,,
3302,06/18/19 09:05:00 PM,23.472,100.000,,,,,
3303,06/18/19 09:10:00 PM,23.472,100.000,,,,,
3304,06/18/19 09:15:00 PM,23.424,100.000,,,,,
3305,06/18/19 09:20:00 PM,23.376,100.000,,,,,
3306,06/18/19 09:25:00 PM,23.376,100.000,,,,,
3307,06/18/19 09:30:00 PM,23.328,100.000,,,,,
3308,06/18/19 09:35:00 PM,23.328,100.000,,,,,
3309,06/18/19 09:40:00 PM,23.352,100.000,,,,,
3310,06/18/19 09:45:00 PM,23.376,100.000,,,,,
3311,06/18/19 09:50:00 PM,23.400,100.000,,,,,
3312,06/18/19 09:55:00 PM,23.400,100.000,,,,,
3313,06/18/19 10:00:00 PM,23.376,100.000,,,,,
3314,06/18/19 10:05:00 PM,23.352,100.000,,,,,
3315,06/18/19 10:10:00 PM,23.328,100.000,,,,,
3316,06/18/19 10:15:00 PM,23.304,100.000,,,,,
3317,06/18/19 10:20:00 PM,23.280,100.000,,,,,
3318,06/18/19 10:25:00 PM,23.280,100.000,,,,,
3319,06/18/19 10:30:00 PM,23.280,100.000,,,,,
3320,06/18/19 10:35:00 PM,23.256,100.000,,,,,
3321,06/18/19 10:40:00 PM,23.280,100.000,,,,,
3322,06/18/19 10:45:00 PM,23.280,100.000,,,,,
3323,06/18/19 10:50:00 PM,23.280,100.000,,,,,
3324,06/18/19 10:55:00 PM,23.304,100.000,,,,,
3325,06/18/19 11:00:00 PM,23.304,100.000,,,,,
3326,06/18/19 11:05:00 PM,23.328,100.000,,,,,
3327,06/18/19 11:10:00 PM,23.328,100.000,,,,,
3328,06/18/19 11:15:00 PM,23.352,100.000,,,,,
3329,06/18/19 11:20:00 PM,23.352,100.000,,,,,
3330,06/18/19 11:25:00 PM,23.376,100.000,,,,,
3331,06/18/19 11:30:00 PM,23.400,100.000,,,,,
3332,06/18/19 11:35:00 PM,23.400,100.000,,,,,
3333,06/18/19 11:40:00 PM,23.424,100.000,,,,,
3334,06/18/19 11:45:00 PM,23.400,100.000,,,,,
3335,06/18/19 11:50:00 PM,23.400,100.000,,,,,
3336,06/18/19 11:55:00 PM,23.400,100.000,,,,,
3337,06/19/19 12:00:00 AM,23.424,100.000,,,,,
3338,06/19/19 12:05:00 AM,23.424,100.000,,,,,
3339,06/19/19 12:10:00 AM,23.424,100.000,,,,,
3340,06/19/19 12:15:00 AM,23.424,100.000,,,,,
3341,06/19/19 12:20:00 AM,23.424,100.000,,,,,
3342,06/19/19 12:25:00 AM,23.448,100.000,,,,,
3343,06/19/19 12:30:00 AM,23.424,100.000,,,,,
3344,06/19/19 12:35:00 AM,23.400,100.000,,,,,
3345,06/19/19 12:40:00 AM,23.376,100.000,,,,,
3346,06/19/19 12:45:00 AM,23.352,100.000,,,,,
3347,06/19/19 12:50:00 AM,23.328,100.000,,,,,
3348,06/19/19 12:55:00 AM,23.328,100.000,,,,,
3349,06/19/19 01:00:00 AM,23.304,100.000,,,,,
3350,06/19/19 01:05:00 AM,23.280,100.000,,,,,
3351,06/19/19 01:10:00 AM,23.256,100.000,,,,,
3352,06/19/19 01:15:00 AM,23.232,100.000,,,,,
3353,06/19/19 01:20:00 AM,23.232,100.000,,,,,
3354,06/19/19 01:25:00 AM,23.232,100.000,,,,,
3355,06/19/19 01:30:00 AM,23.232,100.000,,,,,
3356,06/19/19 01:35:00 AM,23.232,100.000,,,,,
3357,06/19/19 01:40:00 AM,23.256,100.000,,,,,
3358,06/19/19 01:45:00 AM,23.256,100.000,,,,,
3359,06/19/19 01:50:00 AM,23.232,100.000,,,,,
3360,06/19/19 01:55:00 AM,23.256,100.000,,,,,
3361,06/19/19 02:00:00 AM,23.232,100.000,,,,,
3362,06/19/19 02:05:00 AM,23.208,100.000,,,,,
3363,06/19/19 02:10:00 AM,23.208,100.000,,,,,
3364,06/19/19 02:15:00 AM,23.208,100.000,,,,,
3365,06/19/19 02:20:00 AM,23.208,100.000,,,,,
3366,06/19/19 02:25:00 AM,23.232,100.000,,,,,
3367,06/19/19 02:30:00 AM,23.232,100.000,,,,,
3368,06/19/19 02:35:00 AM,23.232,100.000,,,,,
3369,06/19/19 02:40:00 AM,23.256,100.000,,,,,
3370,06/19/19 02:45:00 AM,23.256,100.000,,,,,
3371,06/19/19 02:50:00 AM,23.232,100.000,,,,,
3372,06/19/19 02:55:00 AM,23.256,100.000,,,,,
3373,06/19/19 03:00:00 AM,23.280,100.000,,,,,
3374,06/19/19 03:05:00 AM,23.280,100.000,,,,,
3375,06/19/19 03:10:00 AM,23.256,100.000,,,,,
3376,06/19/19 03:15:00 AM,23.256,100.000,,,,,
3377,06/19/19 03:20:00 AM,23.280,100.000,,,,,
3378,06/19/19 03:25:00 AM,23.280,100.000,,,,,
3379,06/19/19 03:30:00 AM,23.256,100.000,,,,,
3380,06/19/19 03:35:00 AM,23.256,100.000,,,,,
3381,06/19/19 03:40:00 AM,23.256,100.000,,,,,
3382,06/19/19 03:45:00 AM,23.256,100.000,,,,,
3383,06/19/19 03:50:00 AM,23.256,100.000,,,,,
3384,06/19/19 03:55:00 AM,23.256,100.000,,,,,
3385,06/19/19 04:00:00 AM,23.280,100.000,,,,,
3386,06/19/19 04:05:00 AM,23.280,100.000,,,,,
3387,06/19/19 04:10:00 AM,23.256,100.000,,,,,
3388,06/19/19 04:15:00 AM,23.256,100.000,,,,,
3389,06/19/19 04:20:00 AM,23.232,100.000,,,,,
3390,06/19/19 04:25:00 AM,23.232,100.000,,,,,
3391,06/19/19 04:30:00 AM,23.232,100.000,,,,,
3392,06/19/19 04:35:00 AM,23.232,100.000,,,,,
3393,06/19/19 04:40:00 AM,23.256,100.000,,,,,
3394,06/19/19 04:45:00 AM,23.256,100.000,,,,,
3395,06/19/19 04:50:00 AM,23.280,100.000,,,,,
3396,06/19/19 04:55:00 AM,23.304,100.000,,,,,
3397,06/19/19 05:00:00 AM,23.304,100.000,,,,,
3398,06/19/19 05:05:00 AM,23.304,100.000,,,,,
3399,06/19/19 05:10:00 AM,23.304,100.000,,,,,
3400,06/19/19 05:15:00 AM,23.304,100.000,,,,,
3401,06/19/19 05:20:00 AM,23.304,100.000,,,,,
3402,06/19/19 05:25:00 AM,23.280,100.000,,,,,
3403,06/19/19 05:30:00 AM,23.280,100.000,,,,,
3404,06/19/19 05:35:00 AM,23.280,100.000,,,,,
3405,06/19/19 05:40:00 AM,23.256,100.000,,,,,
3406,06/19/19 05:45:00 AM,23.232,100.000,,,,,
3407,06/19/19 05:50:00 AM,23.184,100.000,,,,,
3408,06/19/19 05:55:00 AM,23.160,100.000,,,,,
3409,06/19/19 06:00:00 AM,23.136,100.000,,,,,
3410,06/19/19 06:05:00 AM,23.112,100.000,,,,,
3411,06/19/19 06:10:00 AM,23.088,100.000,,,,,
3412,06/19/19 06:15:00 AM,23.064,100.000,,,,,
3413,06/19/19 06:20:00 AM,23.064,100.000,,,,,
3414,06/19/19 06:25:00 AM,23.064,100.000,,,,,
3415,06/19/19 06:30:00 AM,23.040,100.000,,,,,
3416,06/19/19 06:35:00 AM,23.064,100.000,,,,,
3417,06/19/19 06:40:00 AM,23.088,100.000,,,,,
3418,06/19/19 06:45:00 AM,23.088,100.000,,,,,
3419,06/19/19 06:50:00 AM,23.088,100.000,,,,,
3420,06/19/19 06:55:00 AM,23.112,100.000,,,,,
3421,06/19/19 07:00:00 AM,23.136,100.000,,,,,
3422,06/19/19 07:05:00 AM,23.184,100.000,,,,,
3423,06/19/19 07:10:00 AM,23.232,100.000,,,,,
3424,06/19/19 07:15:00 AM,23.280,100.000,,,,,
3425,06/19/19 07:20:00 AM,23.328,100.000,,,,,
3426,06/19/19 07:25:00 AM,23.376,100.000,,,,,
3427,06/19/19 07:30:00 AM,23.448,100.000,,,,,
3428,06/19/19 07:35:00 AM,23.521,100.000,,,,,
3429,06/19/19 07:40:00 AM,23.617,100.000,,,,,
3430,06/19/19 07:45:00 AM,23.689,100.000,,,,,
3431,06/19/19 07:50:00 AM,23.761,100.000,,,,,
3432,06/19/19 07:55:00 AM,23.833,100.000,,,,,
3433,06/19/19 08:00:00 AM,23.905,100.000,,,,,
3434,06/19/19 08:05:00 AM,23.978,100.000,,,,,
3435,06/19/19 08:10:00 AM,24.050,100.000,,,,,
3436,06/19/19 08:15:00 AM,24.074,100.000,,,,,
3437,06/19/19 08:20:00 AM,24.171,100.000,,,,,
3438,06/19/19 08:25:00 AM,24.243,100.000,,,,,
3439,06/19/19 08:30:00 AM,24.339,100.000,,,,,
3440,06/19/19 08:35:00 AM,24.460,100.000,,,,,
3441,06/19/19 08:40:00 AM,24.532,100.000,,,,,
3442,06/19/19 08:45:00 AM,24.605,100.000,,,,,
3443,06/19/19 08:50:00 AM,24.702,100.000,,,,,
3444,06/19/19 08:55:00 AM,24.823,100.000,,,,,
3445,06/19/19 09:00:00 AM,24.919,100.000,,,,,
3446,06/19/19 09:05:00 AM,24.992,100.000,,,,,
3447,06/19/19 09:10:00 AM,25.113,100.000,,,,,
3448,06/19/19 09:15:00 AM,25.234,100.000,,,,,
3449,06/19/19 09:20:00 AM,25.404,100.000,,,,,
3450,06/19/19 09:25:00 AM,25.574,100.000,,,,,
3451,06/19/19 09:30:00 AM,25.768,100.000,,,,,
3452,06/19/19 09:35:00 AM,26.036,100.000,,,,,
3453,06/19/19 09:40:00 AM,26.280,100.000,,,,,
3454,06/19/19 09:45:00 AM,26.426,100.000,,,,,
3455,06/19/19 09:50:00 AM,26.500,100.000,,,,,
3456,06/19/19 09:55:00 AM,26.256,100.000,,,,,
3457,06/19/19 10:00:00 AM,25.744,100.000,,,,,
3458,06/19/19 10:05:00 AM,24.919,100.000,,,,,
3459,06/19/19 10:10:00 AM,24.460,100.000,,,,,
3460,06/19/19 10:15:00 AM,24.291,100.000,,,,,
3461,06/19/19 10:20:00 AM,24.195,100.000,,,,,
3462,06/19/19 10:25:00 AM,24.146,100.000,,,,,
3463,06/19/19 10:30:00 AM,24.122,100.000,,,,,
3464,06/19/19 10:35:00 AM,24.122,100.000,,,,,
3465,06/19/19 10:40:00 AM,24.122,100.000,,,,,
3466,06/19/19 10:45:00 AM,24.122,100.000,,,,,
3467,06/19/19 10:50:00 AM,24.098,100.000,,,,,
3468,06/19/19 10:55:00 AM,24.074,100.000,,,,,
3469,06/19/19 11:00:00 AM,24.050,100.000,,,,,
3470,06/19/19 11:05:00 AM,24.074,100.000,,,,,
3471,06/19/19 11:10:00 AM,24.146,100.000,,,,,
3472,06/19/19 11:15:00 AM,24.243,100.000,,,,,
3473,06/19/19 11:20:00 AM,24.363,100.000,,,,,
3474,06/19/19 11:25:00 AM,24.460,100.000,,,,,
3475,06/19/19 11:30:00 AM,24.532,100.000,,,,,
3476,06/19/19 11:35:00 AM,24.653,100.000,,,,,
3477,06/19/19 11:40:00 AM,24.726,100.000,,,,,
3478,06/19/19 11:45:00 AM,24.774,100.000,,,,,
3479,06/19/19 11:50:00 AM,24.774,100.000,,,,,
3480,06/19/19 11:55:00 AM,24.871,100.000,,,,,
3481,06/19/19 12:00:00 PM,24.992,100.000,,,,,
3482,06/19/19 12:05:00 PM,25.113,100.000,,,,,
3483,06/19/19 12:10:00 PM,25.258,100.000,,,,,
3484,06/19/19 12:15:00 PM,25.355,100.000,,,,,
3485,06/19/19 12:20:00 PM,25.428,100.000,,,,,
3486,06/19/19 12:25:00 PM,25.525,100.000,,,,,
3487,06/19/19 12:30:00 PM,25.550,100.000,,,,,
3488,06/19/19 12:35:00 PM,25.768,100.000,,,,,
3489,06/19/19 12:40:00 PM,25.744,100.000,,,,,
3490,06/19/19 12:45:00 PM,25.744,100.000,,,,,
3491,06/19/19 12:50:00 PM,25.768,100.000,,,,,
3492,06/19/19 12:55:00 PM,25.963,100.000,,,,,
3493,06/19/19 01:00:00 PM,26.134,100.000,,,,,
3494,06/19/19 01:05:00 PM,26.280,100.000,,,,,
3495,06/19/19 01:10:00 PM,26.573,100.000,,,,,
3496,06/19/19 01:15:00 PM,26.818,100.000,,,,,
3497,06/19/19 01:20:00 PM,26.867,100.000,,,,,
3498,06/19/19 01:25:00 PM,26.695,100.000,,,,,
3499,06/19/19 01:30:00 PM,26.549,100.000,,,,,
3500,06/19/19 01:35:00 PM,26.818,100.000,,,,,
3501,06/19/19 01:40:00 PM,27.087,100.000,,,,,
3502,06/19/19 01:45:00 PM,27.210,100.000,,,,,
3503,06/19/19 01:50:00 PM,27.235,100.000,,,,,
3504,06/19/19 01:55:00 PM,27.112,100.000,,,,,
3505,06/19/19 02:00:00 PM,27.038,100.000,,,,,
3506,06/19/19 02:05:00 PM,26.182,100.000,,,,,
3507,06/19/19 02:10:00 PM,24.219,100.000,,,,,
3508,06/19/19 02:15:00 PM,23.280,100.000,,,,,
3509,06/19/19 02:20:00 PM,22.992,100.000,,,,,
3510,06/19/19 02:25:00 PM,22.944,100.000,,,,,
3511,06/19/19 02:30:00 PM,22.992,100.000,,,,,
3512,06/19/19 02:35:00 PM,23.064,100.000,,,,,
3513,06/19/19 02:40:00 PM,23.136,100.000,,,,,
3514,06/19/19 02:45:00 PM,23.208,100.000,,,,,
3515,06/19/19 02:50:00 PM,23.280,100.000,,,,,
3516,06/19/19 02:55:00 PM,23.400,100.000,,,,,
3517,06/19/19 03:00:00 PM,23.497,100.000,,,,,
3518,06/19/19 03:05:00 PM,23.617,100.000,,,,,
3519,06/19/19 03:10:00 PM,23.761,100.000,,,,,
3520,06/19/19 03:15:00 PM,23.857,100.000,,,,,
3521,06/19/19 03:20:00 PM,24.002,100.000,,,,,
3522,06/19/19 03:25:00 PM,24.195,100.000,,,,,
3523,06/19/19 03:30:00 PM,24.388,100.000,,,,,
3524,06/19/19 03:35:00 PM,24.629,100.000,,,,,
3525,06/19/19 03:40:00 PM,24.944,100.000,,,,,
3526,06/19/19 03:45:00 PM,25.453,100.000,,,,,
3527,06/19/19 03:50:00 PM,25.890,100.000,,,,,
3528,06/19/19 03:55:00 PM,26.158,100.000,,,,,
3529,06/19/19 04:00:00 PM,26.378,100.000,,,,,
3530,06/19/19 04:05:00 PM,26.549,100.000,,,,,
3531,06/19/19 04:10:00 PM,26.695,100.000,,,,,
3532,06/19/19 04:15:00 PM,26.867,100.000,,,,,
3533,06/19/19 04:20:00 PM,26.916,100.000,,,,,
3534,06/19/19 04:25:00 PM,26.769,100.000,,,,,
3535,06/19/19 04:30:00 PM,26.842,100.000,,,,,
3536,06/19/19 04:35:00 PM,27.014,100.000,,,,,
3537,06/19/19 04:40:00 PM,27.087,100.000,,,,,
3538,06/19/19 04:45:00 PM,27.284,100.000,,,,,
3539,06/19/19 04:50:00 PM,27.186,100.000,,,,,
3540,06/19/19 04:55:00 PM,27.382,100.000,,,,,
3541,06/19/19 05:00:00 PM,27.653,100.000,,,,,
3542,06/19/19 05:05:00 PM,27.825,100.000,,,,,
3543,06/19/19 05:10:00 PM,27.899,100.000,,,,,
3544,06/19/19 05:15:00 PM,28.171,100.000,,,,,
3545,06/19/19 05:20:00 PM,28.468,100.000,,,,,
3546,06/19/19 05:25:00 PM,28.320,100.000,,,,,
3547,06/19/19 05:30:00 PM,27.899,100.000,,,,,
3548,06/19/19 05:35:00 PM,27.431,100.000,,,,,
3549,06/19/19 05:40:00 PM,27.431,100.000,,,,,
3550,06/19/19 05:45:00 PM,27.505,100.000,,,,,
3551,06/19/19 05:50:00 PM,27.554,100.000,,,,,
3552,06/19/19 05:55:00 PM,27.456,100.000,,,,,
3553,06/19/19 06:00:00 PM,27.308,100.000,,,,,
3554,06/19/19 06:05:00 PM,27.284,100.000,,,,,
3555,06/19/19 06:10:00 PM,27.136,100.000,,,,,
3556,06/19/19 06:15:00 PM,27.136,100.000,,,,,
3557,06/19/19 06:20:00 PM,27.112,100.000,,,,,
3558,06/19/19 06:25:00 PM,27.186,100.000,,,,,
3559,06/19/19 06:30:00 PM,27.235,100.000,,,,,
3560,06/19/19 06:35:00 PM,27.259,100.000,,,,,
3561,06/19/19 06:40:00 PM,27.259,100.000,,,,,
3562,06/19/19 06:45:00 PM,27.186,100.000,,,,,
3563,06/19/19 06:50:00 PM,27.112,100.000,,,,,
3564,06/19/19 06:55:00 PM,27.063,100.000,,,,,
3565,06/19/19 07:00:00 PM,26.965,100.000,,,,,
3566,06/19/19 07:05:00 PM,26.940,100.000,,,,,
3567,06/19/19 07:10:00 PM,26.916,100.000,,,,,
3568,06/19/19 07:15:00 PM,26.916,100.000,,,,,
3569,06/19/19 07:20:00 PM,26.867,100.000,,,,,
3570,06/19/19 07:25:00 PM,26.671,100.000,,,,,
3571,06/19/19 07:30:00 PM,26.573,100.000,,,,,
3572,06/19/19 07:35:00 PM,26.549,100.000,,,,,
3573,06/19/19 07:40:00 PM,26.524,100.000,,,,,
3574,06/19/19 07:45:00 PM,26.378,100.000,,,,,
3575,06/19/19 07:50:00 PM,26.280,100.000,,,,,
3576,06/19/19 07:55:00 PM,26.256,100.000,,,,,
3577,06/19/19 08:00:00 PM,26.256,100.000,,,,,
3578,06/19/19 08:05:00 PM,26.231,100.000,,,,,
3579,06/19/19 08:10:00 PM,26.207,100.000,,,,,
3580,06/19/19 08:15:00 PM,26.109,100.000,,,,,
3581,06/19/19 08:20:00 PM,26.036,100.000,,,,,
3582,06/19/19 08:25:00 PM,25.963,100.000,,,,,
3583,06/19/19 08:30:00 PM,25.890,100.000,,,,,
3584,06/19/19 08:35:00 PM,25.841,100.000,,,,,
3585,06/19/19 08:40:00 PM,25.768,100.000,,,,,
3586,06/19/19 08:45:00 PM,25.695,100.000,,,,,
3587,06/19/19 08:50:00 PM,25.598,100.000,,,,,
3588,06/19/19 08:55:00 PM,25.501,100.000,,,,,
3589,06/19/19 09:00:00 PM,25.428,100.000,,,,,
3590,06/19/19 09:05:00 PM,25.355,100.000,,,,,
3591,06/19/19 09:10:00 PM,25.258,100.000,,,,,
3592,06/19/19 09:15:00 PM,25.186,100.000,,,,,
3593,06/19/19 09:20:00 PM,25.137,100.000,,,,,
3594,06/19/19 09:25:00 PM,25.089,100.000,,,,,
3595,06/19/19 09:30:00 PM,25.040,100.000,,,,,
3596,06/19/19 09:35:00 PM,25.016,100.000,,,,,
3597,06/19/19 09:40:00 PM,24.992,100.000,,,,,
3598,06/19/19 09:45:00 PM,24.968,100.000,,,,,
3599,06/19/19 09:50:00 PM,24.919,100.000,,,,,
3600,06/19/19 09:55:00 PM,24.919,100.000,,,,,
3601,06/19/19 10:00:00 PM,24.871,100.000,,,,,
3602,06/19/19 10:05:00 PM,24.847,100.000,,,,,
3603,06/19/19 10:10:00 PM,24.823,100.000,,,,,
3604,06/19/19 10:15:00 PM,24.798,100.000,,,,,
3605,06/19/19 10:20:00 PM,24.798,100.000,,,,,
3606,06/19/19 10:25:00 PM,24.750,100.000,,,,,
3607,06/19/19 10:30:00 PM,24.726,100.000,,,,,
3608,06/19/19 10:35:00 PM,24.677,100.000,,,,,
3609,06/19/19 10:40:00 PM,24.653,100.000,,,,,
3610,06/19/19 10:45:00 PM,24.629,100.000,,,,,
3611,06/19/19 10:50:00 PM,24.605,100.000,,,,,
3612,06/19/19 10:55:00 PM,24.581,100.000,,,,,
3613,06/19/19 11:00:00 PM,24.557,100.000,,,,,
3614,06/19/19 11:05:00 PM,24.532,100.000,,,,,
3615,06/19/19 11:10:00 PM,24.484,100.000,,,,,
3616,06/19/19 11:15:00 PM,24.484,100.000,,,,,
3617,06/19/19 11:20:00 PM,24.460,100.000,,,,,
3618,06/19/19 11:25:00 PM,24.436,100.000,,,,,
3619,06/19/19 11:30:00 PM,24.436,100.000,,,,,
3620,06/19/19 11:35:00 PM,24.412,100.000,,,,,
3621,06/19/19 11:40:00 PM,24.388,100.000,,,,,
3622,06/19/19 11:45:00 PM,24.388,100.000,,,,,
3623,06/19/19 11:50:00 PM,24.388,100.000,,,,,
3624,06/19/19 11:55:00 PM,24.363,100.000,,,,,
3625,06/20/19 12:00:00 AM,24.363,100.000,,,,,
3626,06/20/19 12:05:00 AM,24.363,100.000,,,,,
3627,06/20/19 12:10:00 AM,24.363,100.000,,,,,
3628,06/20/19 12:15:00 AM,24.339,100.000,,,,,
3629,06/20/19 12:20:00 AM,24.339,100.000,,,,,
3630,06/20/19 12:25:00 AM,24.315,100.000,,,,,
3631,06/20/19 12:30:00 AM,24.267,100.000,,,,,
3632,06/20/19 12:35:00 AM,24.267,100.000,,,,,
3633,06/20/19 12:40:00 AM,24.267,100.000,,,,,
3634,06/20/19 12:45:00 AM,24.291,100.000,,,,,
3635,06/20/19 12:50:00 AM,24.315,100.000,,,,,
3636,06/20/19 12:55:00 AM,24.339,100.000,,,,,
3637,06/20/19 01:00:00 AM,24.388,100.000,,,,,
3638,06/20/19 01:05:00 AM,24.412,100.000,,,,,
3639,06/20/19 01:10:00 AM,24.436,100.000,,,,,
3640,06/20/19 01:15:00 AM,24.460,100.000,,,,,
3641,06/20/19 01:20:00 AM,24.484,100.000,,,,,
3642,06/20/19 01:25:00 AM,24.460,100.000,,,,,
3643,06/20/19 01:30:00 AM,24.436,100.000,,,,,
3644,06/20/19 01:35:00 AM,24.436,100.000,,,,,
3645,06/20/19 01:40:00 AM,24.388,100.000,,,,,
3646,06/20/19 01:45:00 AM,24.363,100.000,,,,,
3647,06/20/19 01:50:00 AM,24.339,100.000,,,,,
3648,06/20/19 01:55:00 AM,24.339,100.000,,,,,
3649,06/20/19 02:00:00 AM,24.315,100.000,,,,,
3650,06/20/19 02:05:00 AM,24.291,100.000,,,,,
3651,06/20/19 02:10:00 AM,24.267,100.000,,,,,
3652,06/20/19 02:15:00 AM,24.243,100.000,,,,,
3653,06/20/19 02:20:00 AM,24.243,100.000,,,,,
3654,06/20/19 02:25:00 AM,24.219,100.000,,,,,
3655,06/20/19 02:30:00 AM,24.219,100.000,,,,,
3656,06/20/19 02:35:00 AM,24.195,100.000,,,,,
3657,06/20/19 02:40:00 AM,24.195,100.000,,,,,
3658,06/20/19 02:45:00 AM,24.195,100.000,,,,,
3659,06/20/19 02:50:00 AM,24.195,100.000,,,,,
3660,06/20/19 02:55:00 AM,24.171,100.000,,,,,
3661,06/20/19 03:00:00 AM,24.171,100.000,,,,,
3662,06/20/19 03:05:00 AM,24.195,100.000,,,,,
3663,06/20/19 03:10:00 AM,24.219,100.000,,,,,
3664,06/20/19 03:15:00 AM,24.243,100.000,,,,,
3665,06/20/19 03:20:00 AM,24.243,100.000,,,,,
3666,06/20/19 03:25:00 AM,24.243,100.000,,,,,
3667,06/20/19 03:30:00 AM,24.243,100.000,,,,,
3668,06/20/19 03:35:00 AM,24.243,100.000,,,,,
3669,06/20/19 03:40:00 AM,24.243,100.000,,,,,
3670,06/20/19 03:45:00 AM,24.219,100.000,,,,,
3671,06/20/19 03:50:00 AM,24.219,100.000,,,,,
3672,06/20/19 03:55:00 AM,24.195,100.000,,,,,
3673,06/20/19 04:00:00 AM,24.195,100.000,,,,,
3674,06/20/19 04:05:00 AM,24.219,100.000,,,,,
3675,06/20/19 04:10:00 AM,24.267,100.000,,,,,
3676,06/20/19 04:15:00 AM,24.291,100.000,,,,,
3677,06/20/19 04:20:00 AM,24.291,100.000,,,,,
3678,06/20/19 04:25:00 AM,24.291,100.000,,,,,
3679,06/20/19 04:30:00 AM,24.291,100.000,,,,,
3680,06/20/19 04:35:00 AM,24.267,100.000,,,,,
3681,06/20/19 04:40:00 AM,24.267,100.000,,,,,
3682,06/20/19 04:45:00 AM,24.267,100.000,,,,,
3683,06/20/19 04:50:00 AM,24.267,100.000,,,,,
3684,06/20/19 04:55:00 AM,24.291,100.000,,,,,
3685,06/20/19 05:00:00 AM,24.339,100.000,,,,,
3686,06/20/19 05:05:00 AM,24.388,100.000,,,,,
3687,06/20/19 05:10:00 AM,24.412,100.000,,,,,
3688,06/20/19 05:15:00 AM,24.484,100.000,,,,,
3689,06/20/19 05:20:00 AM,24.557,100.000,,,,,
3690,06/20/19 05:25:00 AM,24.605,100.000,,,,,
3691,06/20/19 05:30:00 AM,24.581,100.000,,,,,
3692,06/20/19 05:35:00 AM,24.557,100.000,,,,,
3693,06/20/19 05:40:00 AM,24.581,100.000,,,,,
3694,06/20/19 05:45:00 AM,24.605,100.000,,,,,
3695,06/20/19 05:50:00 AM,24.653,100.000,,,,,
3696,06/20/19 05:55:00 AM,24.702,100.000,,,,,
3697,06/20/19 06:00:00 AM,24.726,100.000,,,,,
3698,06/20/19 06:05:00 AM,24.726,100.000,,,,,
3699,06/20/19 06:10:00 AM,24.726,100.000,,,,,
3700,06/20/19 06:15:00 AM,24.726,100.000,,,,,
3701,06/20/19 06:20:00 AM,24.726,100.000,,,,,
3702,06/20/19 06:25:00 AM,24.774,100.000,,,,,
3703,06/20/19 06:30:00 AM,24.774,100.000,,,,,
3704,06/20/19 06:35:00 AM,24.774,100.000,,,,,
3705,06/20/19 06:40:00 AM,24.798,100.000,,,,,
3706,06/20/19 06:45:00 AM,24.823,100.000,,,,,
3707,06/20/19 06:50:00 AM,24.847,100.000,,,,,
3708,06/20/19 06:55:00 AM,24.871,100.000,,,,,
3709,06/20/19 07:00:00 AM,24.895,100.000,,,,,
3710,06/20/19 07:05:00 AM,24.944,100.000,,,,,
3711,06/20/19 07:10:00 AM,24.968,100.000,,,,,
3712,06/20/19 07:15:00 AM,25.016,100.000,,,,,
3713,06/20/19 07:20:00 AM,25.040,100.000,,,,,
3714,06/20/19 07:25:00 AM,25.089,100.000,,,,,
3715,06/20/19 07:30:00 AM,25.113,100.000,,,,,
3716,06/20/19 07:35:00 AM,25.162,100.000,,,,,
3717,06/20/19 07:40:00 AM,25.186,100.000,,,,,
3718,06/20/19 07:45:00 AM,25.210,100.000,,,,,
3719,06/20/19 07:50:00 AM,25.210,100.000,,,,,
3720,06/20/19 07:55:00 AM,25.234,100.000,,,,,
3721,06/20/19 08:00:00 AM,25.283,100.000,,,,,
3722,06/20/19 08:05:00 AM,25.331,100.000,,,,,
3723,06/20/19 08:10:00 AM,25.404,100.000,,,,,
3724,06/20/19 08:15:00 AM,25.501,100.000,,,,,
3725,06/20/19 08:20:00 AM,25.501,100.000,,,,,
3726,06/20/19 08:25:00 AM,25.525,100.000,,,,,
3727,06/20/19 08:30:00 AM,25.574,100.000,,,,,
3728,06/20/19 08:35:00 AM,25.623,100.000,,,,,
3729,06/20/19 08:40:00 AM,25.647,100.000,,,,,
3730,06/20/19 08:45:00 AM,25.647,100.000,,,,,
3731,06/20/19 08:50:00 AM,25.671,100.000,,,,,
3732,06/20/19 08:55:00 AM,25.768,100.000,,,,,
3733,06/20/19 09:00:00 AM,25.890,100.000,,,,,
3734,06/20/19 09:05:00 AM,26.012,100.000,,,,,
3735,06/20/19 09:10:00 AM,26.158,100.000,,,,,
3736,06/20/19 09:15:00 AM,26.256,100.000,,,,,
3737,06/20/19 09:20:00 AM,26.304,100.000,,,,,
3738,06/20/19 09:25:00 AM,26.353,100.000,,,,,
3739,06/20/19 09:30:00 AM,26.451,100.000,,,,,
3740,06/20/19 09:35:00 AM,26.622,100.000,,,,,
3741,06/20/19 09:40:00 AM,26.695,100.000,,,,,
3742,06/20/19 09:45:00 AM,26.695,100.000,,,,,
3743,06/20/19 09:50:00 AM,26.818,100.000,,,,,
3744,06/20/19 09:55:00 AM,26.842,100.000,,,,,
3745,06/20/19 10:00:00 AM,26.867,100.000,,,,,
3746,06/20/19 10:05:00 AM,26.818,100.000,,,,,
3747,06/20/19 10:10:00 AM,26.646,100.000,,,,,
3748,06/20/19 10:15:00 AM,26.451,100.000,,,,,
3749,06/20/19 10:20:00 AM,26.280,100.000,,,,,
3750,06/20/19 10:25:00 AM,26.182,100.000,,,,,
3751,06/20/19 10:30:00 AM,26.109,100.000,,,,,
3752,06/20/19 10:35:00 AM,26.085,100.000,,,,,
3753,06/20/19 10:40:00 AM,26.109,100.000,,,,,
3754,06/20/19 10:45:00 AM,26.231,100.000,,,,,
3755,06/20/19 10:50:00 AM,26.280,100.000,,,,,
3756,06/20/19 10:55:00 AM,26.280,100.000,,,,,
3757,06/20/19 11:00:00 AM,26.329,100.000,,,,,
3758,06/20/19 11:05:00 AM,26.573,100.000,,,,,
3759,06/20/19 11:10:00 AM,26.500,100.000,,,,,
3760,06/20/19 11:15:00 AM,26.549,100.000,,,,,
3761,06/20/19 11:20:00 AM,26.671,100.000,,,,,
3762,06/20/19 11:25:00 AM,26.842,100.000,,,,,
3763,06/20/19 11:30:00 AM,26.720,100.000,,,,,
3764,06/20/19 11:35:00 AM,26.622,100.000,,,,,
3765,06/20/19 11:40:00 AM,26.573,100.000,,,,,
3766,06/20/19 11:45:00 AM,26.769,100.000,,,,,
3767,06/20/19 11:50:00 AM,26.818,100.000,,,,,
3768,06/20/19 11:55:00 AM,26.695,100.000,,,,,
3769,06/20/19 12:00:00 PM,26.549,100.000,,,,,
3770,06/20/19 12:05:00 PM,26.671,100.000,,,,,
3771,06/20/19 12:10:00 PM,26.818,100.000,,,,,
3772,06/20/19 12:15:00 PM,27.161,100.000,,,,,
3773,06/20/19 12:20:00 PM,27.407,100.000,,,,,
3774,06/20/19 12:25:00 PM,27.604,100.000,,,,,
3775,06/20/19 12:30:00 PM,27.653,100.000,,,,,
3776,06/20/19 12:35:00 PM,27.727,100.000,,,,,
3777,06/20/19 12:40:00 PM,27.825,100.000,,,,,
3778,06/20/19 12:45:00 PM,27.677,100.000,,,,,
3779,06/20/19 12:50:00 PM,27.702,100.000,,,,,
3780,06/20/19 12:55:00 PM,27.677,100.000,,,,,
3781,06/20/19 01:00:00 PM,27.481,100.000,,,,,
3782,06/20/19 01:05:00 PM,27.407,100.000,,,,,
3783,06/20/19 01:10:00 PM,27.481,100.000,,,,,
3784,06/20/19 01:15:00 PM,27.604,100.000,,,,,
3785,06/20/19 01:20:00 PM,27.579,100.000,,,,,
3786,06/20/19 01:25:00 PM,27.677,100.000,,,,,
3787,06/20/19 01:30:00 PM,27.924,100.000,,,,,
3788,06/20/19 01:35:00 PM,28.245,100.000,,,,,
3789,06/20/19 01:40:00 PM,28.444,100.000,,,,,
3790,06/20/19 01:45:00 PM,28.617,100.000,,,,,
3791,06/20/19 01:50:00 PM,28.791,100.000,,,,,
3792,06/20/19 01:55:00 PM,28.866,100.000,,,,,
3793,06/20/19 02:00:00 PM,29.015,100.000,,,,,
3794,06/20/19 02:05:00 PM,29.290,100.000,,,,,
3795,06/20/19 02:10:00 PM,29.515,100.000,,,,,
3796,06/20/19 02:15:00 PM,29.540,100.000,,,,,
3797,06/20/19 02:20:00 PM,29.464,100.000,,,,,
3798,06/20/19 02:25:00 PM,29.715,100.000,,,,,
3799,06/20/19 02:30:00 PM,30.066,100.000,,,,,
3800,06/20/19 02:35:00 PM,30.444,100.000,,,,,
3801,06/20/19 02:40:00 PM,30.748,100.000,,,,,
3802,06/20/19 02:45:00 PM,31.052,100.000,,,,,
3803,06/20/19 02:50:00 PM,31.255,99.610,,,,,
3804,06/20/19 02:55:00 PM,31.179,99.101,,,,,
3805,06/20/19 03:00:00 PM,31.230,99.196,,,,,
3806,06/20/19 03:05:00 PM,31.535,98.813,,,,,
3807,06/20/19 03:10:00 PM,31.714,98.259,,,,,
3808,06/20/19 03:15:00 PM,31.765,97.780,,,,,
3809,06/20/19 03:20:00 PM,31.714,97.054,,,,,
3810,06/20/19 03:25:00 PM,31.153,96.719,,,,,
3811,06/20/19 03:30:00 PM,30.621,97.104,,,,,
3812,06/20/19 03:35:00 PM,30.318,97.681,,,,,
3813,06/20/19 03:40:00 PM,30.066,97.779,,,,,
3814,06/20/19 03:45:00 PM,30.091,98.166,,,,,
3815,06/20/19 03:50:00 PM,30.192,97.948,,,,,
3816,06/20/19 03:55:00 PM,30.343,97.497,,,,,
3817,06/20/19 04:00:00 PM,30.495,97.726,,,,,
3818,06/20/19 04:05:00 PM,30.444,97.113,,,,,
3819,06/20/19 04:10:00 PM,30.167,96.687,,,,,
3820,06/20/19 04:15:00 PM,29.890,97.026,,,,,
3821,06/20/19 04:20:00 PM,29.740,97.314,,,,,
3822,06/20/19 04:25:00 PM,29.740,97.532,,,,,
3823,06/20/19 04:30:00 PM,29.890,97.788,,,,,
3824,06/20/19 04:35:00 PM,29.916,97.468,,,,,
3825,06/20/19 04:40:00 PM,29.890,97.353,,,,,
3826,06/20/19 04:45:00 PM,29.740,97.260,,,,,
3827,06/20/19 04:50:00 PM,29.715,97.688,,,,,
3828,06/20/19 04:55:00 PM,29.765,97.593,,,,,
3829,06/20/19 05:00:00 PM,29.865,97.455,,,,,
3830,06/20/19 05:05:00 PM,30.091,97.432,,,,,
3831,06/20/19 05:10:00 PM,30.142,96.708,,,,,
3832,06/20/19 05:15:00 PM,30.293,96.527,,,,,
3833,06/20/19 05:20:00 PM,30.495,96.414,,,,,
3834,06/20/19 05:25:00 PM,30.520,96.311,,,,,
3835,06/20/19 05:30:00 PM,30.369,95.998,,,,,
3836,06/20/19 05:35:00 PM,30.444,96.511,,,,,
3837,06/20/19 05:40:00 PM,30.394,95.840,,,,,
3838,06/20/19 05:45:00 PM,30.369,95.998,,,,,
3839,06/20/19 05:50:00 PM,30.343,95.882,,,,,
3840,06/20/19 05:55:00 PM,30.142,95.941,,,,,
3841,06/20/19 06:00:00 PM,29.941,96.219,,,,,
3842,06/20/19 06:05:00 PM,29.790,95.962,,,,,
3843,06/20/19 06:10:00 PM,29.665,96.258,,,,,
3844,06/20/19 06:15:00 PM,29.590,96.676,,,,,
3845,06/20/19 06:20:00 PM,29.640,96.771,,,,,
3846,06/20/19 06:25:00 PM,29.740,96.496,,,,,
3847,06/20/19 06:30:00 PM,29.765,96.338,,,,,
3848,06/20/19 06:35:00 PM,29.690,95.827,,,,,
3849,06/20/19 06:40:00 PM,29.640,96.088,,,,,
3850,06/20/19 06:45:00 PM,29.515,96.165,,,,,
3851,06/20/19 06:50:00 PM,29.439,96.474,,,,,
3852,06/20/19 06:55:00 PM,29.340,96.558,,,,,
3853,06/20/19 07:00:00 PM,29.215,96.635,,,,,
3854,06/20/19 07:05:00 PM,28.990,96.741,,,,,
3855,06/20/19 07:10:00 PM,28.791,97.070,,,,,
3856,06/20/19 07:15:00 PM,28.692,97.424,,,,,
3857,06/20/19 07:20:00 PM,28.617,97.459,,,,,
3858,06/20/19 07:25:00 PM,28.518,97.569,,,,,
3859,06/20/19 07:30:00 PM,28.444,97.793,,,,,
3860,06/20/19 07:35:00 PM,28.419,97.841,,,,,
3861,06/20/19 07:40:00 PM,28.419,97.786,,,,,
3862,06/20/19 07:45:00 PM,28.419,97.949,,,,,
3863,06/20/19 07:50:00 PM,28.394,98.050,,,,,
3864,06/20/19 07:55:00 PM,28.295,97.889,,,,,
3865,06/20/19 08:00:00 PM,28.221,98.113,,,,,
3866,06/20/19 08:05:00 PM,28.122,98.195,,,,,
3867,06/20/19 08:10:00 PM,27.998,98.163,,,,,
3868,06/20/19 08:15:00 PM,27.899,98.460,,,,,
3869,06/20/19 08:20:00 PM,27.801,98.541,,,,,
3870,06/20/19 08:25:00 PM,27.751,98.770,,,,,
3871,06/20/19 08:30:00 PM,27.677,98.831,,,,,
3872,06/20/19 08:35:00 PM,27.604,98.919,,,,,
3873,06/20/19 08:40:00 PM,27.530,99.006,,,,,
3874,06/20/19 08:45:00 PM,27.456,99.201,,,,,
3875,06/20/19 08:50:00 PM,27.358,99.282,,,,,
3876,06/20/19 08:55:00 PM,27.308,99.402,,,,,
3877,06/20/19 09:00:00 PM,27.235,99.463,,,,,
3878,06/20/19 09:05:00 PM,27.161,99.577,,,,,
3879,06/20/19 09:10:00 PM,27.112,99.697,,,,,
3880,06/20/19 09:15:00 PM,27.063,99.764,,,,,
3881,06/20/19 09:20:00 PM,27.038,99.837,,,,,
3882,06/20/19 09:25:00 PM,26.989,99.931,,,,,
3883,06/20/19 09:30:00 PM,26.916,99.964,,,,,
3884,06/20/19 09:35:00 PM,26.867,100.000,,,,,
3885,06/20/19 09:40:00 PM,26.793,100.000,,,,,
3886,06/20/19 09:45:00 PM,26.744,100.000,,,,,
3887,06/20/19 09:50:00 PM,26.695,100.000,,,,,
3888,06/20/19 09:55:00 PM,26.622,100.000,,,,,
3889,06/20/19 10:00:00 PM,26.549,100.000,,,,,
3890,06/20/19 10:05:00 PM,26.451,100.000,,,,,
3891,06/20/19 10:10:00 PM,26.378,100.000,,,,,
3892,06/20/19 10:15:00 PM,26.304,100.000,,,,,
3893,06/20/19 10:20:00 PM,26.256,100.000,,,,,
3894,06/20/19 10:25:00 PM,26.182,100.000,,,,,
3895,06/20/19 10:30:00 PM,26.109,100.000,,,,,
3896,06/20/19 10:35:00 PM,26.085,100.000,,,,,
3897,06/20/19 10:40:00 PM,26.036,100.000,,,,,
3898,06/20/19 10:45:00 PM,25.987,100.000,,,,,
3899,06/20/19 10:50:00 PM,25.963,100.000,,,,,
3900,06/20/19 10:55:00 PM,25.914,100.000,,,,,
3901,06/20/19 11:00:00 PM,25.890,100.000,,,,,
3902,06/20/19 11:05:00 PM,25.866,100.000,,,,,
3903,06/20/19 11:10:00 PM,25.841,100.000,,,,,
3904,06/20/19 11:15:00 PM,25.793,100.000,,,,,
3905,06/20/19 11:20:00 PM,25.768,100.000,,,,,
3906,06/20/19 11:25:00 PM,25.768,100.000,,,,,
3907,06/20/19 11:30:00 PM,25.744,100.000,,,,,
3908,06/20/19 11:35:00 PM,25.720,100.000,,,,,
3909,06/20/19 11:40:00 PM,25.720,100.000,,,,,
3910,06/20/19 11:45:00 PM,25.720,100.000,,,,,
3911,06/20/19 11:50:00 PM,25.695,100.000,,,,,
3912,06/20/19 11:55:00 PM,25.671,100.000,,,,,
3913,06/21/19 12:00:00 AM,25.647,100.000,,,,,
3914,06/21/19 12:05:00 AM,25.623,100.000,,,,,
3915,06/21/19 12:10:00 AM,25.598,100.000,,,,,
3916,06/21/19 12:15:00 AM,25.550,100.000,,,,,
3917,06/21/19 12:20:00 AM,25.501,100.000,,,,,
3918,06/21/19 12:25:00 AM,25.477,100.000,,,,,
3919,06/21/19 12:30:00 AM,25.477,100.000,,,,,
3920,06/21/19 12:35:00 AM,25.477,100.000,,,,,
3921,06/21/19 12:40:00 AM,25.501,100.000,,,,,
3922,06/21/19 12:45:00 AM,25.501,100.000,,,,,
3923,06/21/19 12:50:00 AM,25.501,100.000,,,,,
3924,06/21/19 12:55:00 AM,25.501,100.000,,,,,
3925,06/21/19 01:00:00 AM,25.501,100.000,,,,,
3926,06/21/19 01:05:00 AM,25.525,100.000,,,,,
3927,06/21/19 01:10:00 AM,25.574,100.000,,,,,
3928,06/21/19 01:15:00 AM,25.598,100.000,,,,,
3929,06/21/19 01:20:00 AM,25.647,100.000,,,,,
3930,06/21/19 01:25:00 AM,25.671,100.000,,,,,
3931,06/21/19 01:30:00 AM,25.695,100.000,,,,,
3932,06/21/19 01:35:00 AM,25.720,100.000,,,,,
3933,06/21/19 01:40:00 AM,25.744,100.000,,,,,
3934,06/21/19 01:45:00 AM,25.768,100.000,,,,,
3935,06/21/19 01:50:00 AM,25.793,100.000,,,,,
3936,06/21/19 01:55:00 AM,25.817,100.000,,,,,
3937,06/21/19 02:00:00 AM,25.841,100.000,,,,,
3938,06/21/19 02:05:00 AM,25.841,100.000,,,,,
3939,06/21/19 02:10:00 AM,25.866,100.000,,,,,
3940,06/21/19 02:15:00 AM,25.866,100.000,,,,,
3941,06/21/19 02:20:00 AM,25.890,100.000,,,,,
3942,06/21/19 02:25:00 AM,25.890,100.000,,,,,
3943,06/21/19 02:30:00 AM,25.890,100.000,,,,,
3944,06/21/19 02:35:00 AM,25.890,100.000,,,,,
3945,06/21/19 02:40:00 AM,25.890,100.000,,,,,
3946,06/21/19 02:45:00 AM,25.866,100.000,,,,,
3947,06/21/19 02:50:00 AM,25.866,100.000,,,,,
3948,06/21/19 02:55:00 AM,25.841,100.000,,,,,
3949,06/21/19 03:00:00 AM,25.841,100.000,,,,,
3950,06/21/19 03:05:00 AM,25.817,100.000,,,,,
3951,06/21/19 03:10:00 AM,25.817,100.000,,,,,
3952,06/21/19 03:15:00 AM,25.817,100.000,,,,,
3953,06/21/19 03:20:00 AM,25.793,100.000,,,,,
3954,06/21/19 03:25:00 AM,25.793,100.000,,,,,
3955,06/21/19 03:30:00 AM,25.768,100.000,,,,,
3956,06/21/19 03:35:00 AM,25.744,100.000,,,,,
3957,06/21/19 03:40:00 AM,25.720,100.000,,,,,
3958,06/21/19 03:45:00 AM,25.695,100.000,,,,,
3959,06/21/19 03:50:00 AM,25.695,100.000,,,,,
3960,06/21/19 03:55:00 AM,25.671,100.000,,,,,
3961,06/21/19 04:00:00 AM,25.671,100.000,,,,,
3962,06/21/19 04:05:00 AM,25.647,100.000,,,,,
3963,06/21/19 04:10:00 AM,25.623,100.000,,,,,
3964,06/21/19 04:15:00 AM,25.598,100.000,,,,,
3965,06/21/19 04:20:00 AM,25.574,100.000,,,,,
3966,06/21/19 04:25:00 AM,25.550,100.000,,,,,
3967,06/21/19 04:30:00 AM,25.525,100.000,,,,,
3968,06/21/19 04:35:00 AM,25.501,100.000,,,,,
3969,06/21/19 04:40:00 AM,25.477,100.000,,,,,
3970,06/21/19 04:45:00 AM,25.453,100.000,,,,,
3971,06/21/19 04:50:00 AM,25.453,100.000,,,,,
3972,06/21/19 04:55:00 AM,25.428,100.000,,,,,
3973,06/21/19 05:00:00 AM,25.404,100.000,,,,,
3974,06/21/19 05:05:00 AM,25.404,100.000,,,,,
3975,06/21/19 05:10:00 AM,25.380,100.000,,,,,
3976,06/21/19 05:15:00 AM,25.355,100.000,,,,,
3977,06/21/19 05:20:00 AM,25.331,100.000,,,,,
3978,06/21/19 05:25:00 AM,25.307,100.000,,,,,
3979,06/21/19 05:30:00 AM,25.283,100.000,,,,,
3980,06/21/19 05:35:00 AM,25.258,100.000,,,,,
3981,06/21/19 05:40:00 AM,25.234,100.000,,,,,
3982,06/21/19 05:45:00 AM,25.210,100.000,,,,,
3983,06/21/19 05:50:00 AM,25.186,100.000,,,,,
3984,06/21/19 05:55:00 AM,25.186,100.000,,,,,
3985,06/21/19 06:00:00 AM,25.162,100.000,,,,,
3986,06/21/19 06:05:00 AM,25.162,100.000,,,,,
3987,06/21/19 06:10:00 AM,25.137,100.000,,,,,
3988,06/21/19 06:15:00 AM,25.113,100.000,,,,,
3989,06/21/19 06:20:00 AM,25.113,100.000,,,,,
3990,06/21/19 06:25:00 AM,25.089,100.000,,,,,
3991,06/21/19 06:30:00 AM,25.089,100.000,,,,,
3992,06/21/19 06:35:00 AM,25.065,100.000,,,,,
3993,06/21/19 06:40:00 AM,25.065,100.000,,,,,
3994,06/21/19 06:45:00 AM,25.040,100.000,,,,,
3995,06/21/19 06:50:00 AM,25.040,100.000,,,,,
3996,06/21/19 06:55:00 AM,25.040,100.000,,,,,
3997,06/21/19 07:00:00 AM,25.040,100.000,,,,,
3998,06/21/19 07:05:00 AM,25.040,100.000,,,,,
3999,06/21/19 07:10:00 AM,25.040,100.000,,,,,
4000,06/21/19 07:15:00 AM,25.065,100.000,,,,,
4001,06/21/19 07:20:00 AM,25.089,100.000,,,,,
4002,06/21/19 07:25:00 AM,25.113,100.000,,,,,
4003,06/21/19 07:30:00 AM,25.162,100.000,,,,,
4004,06/21/19 07:35:00 AM,25.210,100.000,,,,,
4005,06/21/19 07:40:00 AM,25.283,100.000,,,,,
4006,06/21/19 07:45:00 AM,25.355,100.000,,,,,
4007,06/21/19 07:50:00 AM,25.428,100.000,,,,,
4008,06/21/19 07:55:00 AM,25.501,100.000,,,,,
4009,06/21/19 08:00:00 AM,25.574,100.000,,,,,
4010,06/21/19 08:05:00 AM,25.647,100.000,,,,,
4011,06/21/19 08:10:00 AM,25.720,100.000,,,,,
4012,06/21/19 08:15:00 AM,25.793,100.000,,,,,
4013,06/21/19 08:20:00 AM,25.866,100.000,,,,,
4014,06/21/19 08:25:00 AM,25.963,100.000,,,,,
4015,06/21/19 08:30:00 AM,26.061,100.000,,,,,
4016,06/21/19 08:35:00 AM,26.134,100.000,,,,,
4017,06/21/19 08:40:00 AM,26.231,100.000,,,,,
4018,06/21/19 08:45:00 AM,26.378,100.000,,,,,
4019,06/21/19 08:50:00 AM,26.524,100.000,,,,,
4020,06/21/19 08:55:00 AM,26.671,100.000,,,,,
4021,06/21/19 09:00:00 AM,26.793,100.000,,,,,
4022,06/21/19 09:05:00 AM,26.867,100.000,,,,,
4023,06/21/19 09:10:00 AM,26.916,100.000,,,,,
4024,06/21/19 09:15:00 AM,27.038,100.000,,,,,
4025,06/21/19 09:20:00 AM,27.186,100.000,,,,,
4026,06/21/19 09:25:00 AM,27.259,100.000,,,,,
4027,06/21/19 09:30:00 AM,27.358,100.000,,,,,
4028,06/21/19 09:35:00 AM,27.431,100.000,,,,,
4029,06/21/19 09:40:00 AM,27.530,100.000,,,,,
4030,06/21/19 09:45:00 AM,27.628,100.000,,,,,
4031,06/21/19 09:50:00 AM,27.677,100.000,,,,,
4032,06/21/19 09:55:00 AM,27.727,100.000,,,,,
4033,06/21/19 10:00:00 AM,27.776,100.000,,,,,
4034,06/21/19 10:05:00 AM,27.850,100.000,,,,,
4035,06/21/19 10:10:00 AM,27.924,100.000,,,,,
4036,06/21/19 10:15:00 AM,27.875,100.000,,,,,
4037,06/21/19 10:20:00 AM,27.899,100.000,,,,,
4038,06/21/19 10:25:00 AM,27.998,100.000,,,,,
4039,06/21/19 10:30:00 AM,28.048,100.000,,,,,
4040,06/21/19 10:35:00 AM,28.072,100.000,,,,,
4041,06/21/19 10:40:00 AM,28.196,100.000,,,,,
4042,06/21/19 10:45:00 AM,28.270,99.818,,,,,
4043,06/21/19 10:50:00 AM,28.369,99.684,,,,,
4044,06/21/19 10:55:00 AM,28.468,99.522,,,,,
4045,06/21/19 11:00:00 AM,28.642,99.461,,,,,
4046,06/21/19 11:05:00 AM,28.816,99.238,,,,,
4047,06/21/19 11:10:00 AM,28.891,98.881,,,,,
4048,06/21/19 11:15:00 AM,28.941,98.894,,,,,
4049,06/21/19 11:20:00 AM,29.115,98.832,,,,,
4050,06/21/19 11:25:00 AM,29.290,98.445,,,,,
4051,06/21/19 11:30:00 AM,29.439,98.214,,,,,
4052,06/21/19 11:35:00 AM,29.490,97.847,,,,,
4053,06/21/19 11:40:00 AM,29.389,97.659,,,,,
4054,06/21/19 11:45:00 AM,29.590,97.846,,,,,
4055,06/21/19 11:50:00 AM,29.715,97.253,,,,,
4056,06/21/19 11:55:00 AM,29.615,97.119,,,,,
4057,06/21/19 12:00:00 PM,29.565,97.215,,,,,
4058,06/21/19 12:05:00 PM,29.615,97.173,,,,,
4059,06/21/19 12:10:00 PM,29.815,97.225,,,,,
4060,06/21/19 12:15:00 PM,29.916,96.759,,,,,
4061,06/21/19 12:20:00 PM,29.991,96.669,,,,,
4062,06/21/19 12:25:00 PM,29.916,96.267,,,,,
4063,06/21/19 12:30:00 PM,29.640,96.416,,,,,
4064,06/21/19 12:35:00 PM,29.315,96.797,,,,,
4065,06/21/19 12:40:00 PM,29.065,97.195,,,,,
4066,06/21/19 12:45:00 PM,28.941,97.543,,,,,
4067,06/21/19 12:50:00 PM,28.891,97.747,,,,,
4068,06/21/19 12:55:00 PM,28.841,97.788,,,,,
4069,06/21/19 01:00:00 PM,28.866,97.957,,,,,
4070,06/21/19 01:05:00 PM,28.941,98.192,,,,,
4071,06/21/19 01:10:00 PM,29.090,98.177,,,,,
4072,06/21/19 01:15:00 PM,29.265,98.033,,,,,
4073,06/21/19 01:20:00 PM,29.439,97.807,,,,,
4074,06/21/19 01:25:00 PM,29.590,97.330,,,,,
4075,06/21/19 01:30:00 PM,29.840,97.340,,,,,
4076,06/21/19 01:35:00 PM,30.066,96.388,,,,,
4077,06/21/19 01:40:00 PM,30.268,95.973,,,,,
4078,06/21/19 01:45:00 PM,30.495,95.591,,,,,
4079,06/21/19 01:50:00 PM,30.748,95.048,,,,,
4080,06/21/19 01:55:00 PM,31.001,94.420,,,,,
4081,06/21/19 02:00:00 PM,31.255,93.566,,,,,
4082,06/21/19 02:05:00 PM,31.586,93.090,,,,,
4083,06/21/19 02:10:00 PM,31.842,92.649,,,,,
4084,06/21/19 02:15:00 PM,31.919,91.882,,,,,
4085,06/21/19 02:20:00 PM,31.893,91.960,,,,,
4086,06/21/19 02:25:00 PM,31.944,90.875,,,,,
4087,06/21/19 02:30:00 PM,32.227,91.506,,,,,
4088,06/21/19 02:35:00 PM,32.794,90.737,,,,,
4089,06/21/19 02:40:00 PM,32.975,89.189,,,,,
4090,06/21/19 02:45:00 PM,33.443,88.554,,,,,
4091,06/21/19 02:50:00 PM,34.045,87.283,,,,,
4092,06/21/19 02:55:00 PM,34.466,86.945,,,,,
4093,06/21/19 03:00:00 PM,34.466,85.583,,,,,
4094,06/21/19 03:05:00 PM,34.360,85.152,,,,,
4095,06/21/19 03:10:00 PM,33.783,85.809,,,,,
4096,06/21/19 03:15:00 PM,33.495,86.785,,,,,
4097,06/21/19 03:20:00 PM,33.600,86.347,,,,,
4098,06/21/19 03:25:00 PM,33.678,86.826,,,,,
4099,06/21/19 03:30:00 PM,33.678,86.220,,,,,
4100,06/21/19 03:35:00 PM,33.835,85.386,,,,,
4101,06/21/19 03:40:00 PM,33.783,85.519,,,,,
4102,06/21/19 03:45:00 PM,33.548,85.872,,,,,
4103,06/21/19 03:50:00 PM,33.131,86.818,,,,,
4104,06/21/19 03:55:00 PM,32.587,87.729,,,,,
4105,06/21/19 04:00:00 PM,32.201,89.549,,,,,
4106,06/21/19 04:05:00 PM,30.798,91.949,,,,,
4107,06/21/19 04:10:00 PM,29.665,94.364,,,,,
4108,06/21/19 04:15:00 PM,28.916,96.041,,,,,
4109,06/21/19 04:20:00 PM,28.493,97.156,,,,,
4110,06/21/19 04:25:00 PM,28.394,97.942,,,,,
4111,06/21/19 04:30:00 PM,28.593,98.372,,,,,
4112,06/21/19 04:35:00 PM,29.015,98.536,,,,,
4113,06/21/19 04:40:00 PM,29.340,98.350,,,,,
4114,06/21/19 04:45:00 PM,29.540,98.213,,,,,
4115,06/21/19 04:50:00 PM,29.615,97.934,,,,,
4116,06/21/19 04:55:00 PM,29.590,97.982,,,,,
4117,06/21/19 05:00:00 PM,29.590,98.090,,,,,
4118,06/21/19 05:05:00 PM,29.590,98.090,,,,,
4119,06/21/19 05:10:00 PM,29.740,98.346,,,,,
4120,06/21/19 05:15:00 PM,29.941,98.426,,,,,
4121,06/21/19 05:20:00 PM,30.066,98.160,,,,,
4122,06/21/19 05:25:00 PM,30.293,98.273,,,,,
4123,06/21/19 05:30:00 PM,30.444,97.986,,,,,
4124,06/21/19 05:35:00 PM,30.343,97.633,,,,,
4125,06/21/19 05:40:00 PM,30.041,97.555,,,,,
4126,06/21/19 05:45:00 PM,29.890,97.897,,,,,
4127,06/21/19 05:50:00 PM,29.890,98.250,,,,,
4128,06/21/19 05:55:00 PM,29.966,98.351,,,,,
4129,06/21/19 06:00:00 PM,30.066,98.323,,,,,
4130,06/21/19 06:05:00 PM,30.192,98.328,,,,,
4131,06/21/19 06:10:00 PM,30.243,98.233,,,,,
4132,06/21/19 06:15:00 PM,30.217,98.145,,,,,
4133,06/21/19 06:20:00 PM,30.167,98.077,,,,,
4134,06/21/19 06:25:00 PM,30.117,98.200,,,,,
4135,06/21/19 06:30:00 PM,30.041,98.208,,,,,
4136,06/21/19 06:35:00 PM,29.941,98.317,,,,,
4137,06/21/19 06:40:00 PM,29.840,98.372,,,,,
4138,06/21/19 06:45:00 PM,29.665,98.489,,,,,
4139,06/21/19 06:50:00 PM,29.565,98.761,,,,,
4140,06/21/19 06:55:00 PM,29.515,98.883,,,,,
4141,06/21/19 07:00:00 PM,29.464,98.951,,,,,
4142,06/21/19 07:05:00 PM,29.414,99.018,,,,,
4143,06/21/19 07:10:00 PM,29.315,99.046,,,,,
4144,06/21/19 07:15:00 PM,29.190,99.175,,,,,
4145,06/21/19 07:20:00 PM,29.040,99.297,,,,,
4146,06/21/19 07:25:00 PM,28.941,99.432,,,,,
4147,06/21/19 07:30:00 PM,28.791,99.554,,,,,
4148,06/21/19 07:35:00 PM,28.717,99.695,,,,,
4149,06/21/19 07:40:00 PM,28.642,99.783,,,,,
4150,06/21/19 07:45:00 PM,28.518,99.857,,,,,
4151,06/21/19 07:50:00 PM,28.419,99.991,,,,,
4152,06/21/19 07:55:00 PM,28.369,100.000,,,,,
4153,06/21/19 08:00:00 PM,28.295,100.000,,,,,
4154,06/21/19 08:05:00 PM,28.295,100.000,,,,,
4155,06/21/19 08:10:00 PM,28.245,100.000,,,,,
4156,06/21/19 08:15:00 PM,28.171,100.000,,,,,
4157,06/21/19 08:20:00 PM,28.122,100.000,,,,,
4158,06/21/19 08:25:00 PM,28.048,100.000,,,,,
4159,06/21/19 08:30:00 PM,27.998,100.000,,,,,
4160,06/21/19 08:35:00 PM,27.924,100.000,,,,,
4161,06/21/19 08:40:00 PM,27.850,100.000,,,,,
4162,06/21/19 08:45:00 PM,27.776,100.000,,,,,
4163,06/21/19 08:50:00 PM,27.653,100.000,,,,,
4164,06/21/19 08:55:00 PM,27.604,100.000,,,,,
4165,06/21/19 09:00:00 PM,27.579,100.000,,,,,
4166,06/21/19 09:05:00 PM,27.530,100.000,,,,,
4167,06/21/19 09:10:00 PM,27.456,100.000,,,,,
4168,06/21/19 09:15:00 PM,27.407,100.000,,,,,
4169,06/21/19 09:20:00 PM,27.382,100.000,,,,,
4170,06/21/19 09:25:00 PM,27.358,100.000,,,,,
4171,06/21/19 09:30:00 PM,27.235,100.000,,,,,
4172,06/21/19 09:35:00 PM,27.136,100.000,,,,,
4173,06/21/19 09:40:00 PM,27.063,100.000,,,,,
4174,06/21/19 09:45:00 PM,27.063,100.000,,,,,
4175,06/21/19 09:50:00 PM,27.063,100.000,,,,,
4176,06/21/19 09:55:00 PM,27.038,100.000,,,,,
4177,06/21/19 10:00:00 PM,27.014,100.000,,,,,
4178,06/21/19 10:05:00 PM,26.965,100.000,,,,,
4179,06/21/19 10:10:00 PM,26.940,100.000,,,,,
4180,06/21/19 10:15:00 PM,26.916,100.000,,,,,
4181,06/21/19 10:20:00 PM,26.842,100.000,,,,,
4182,06/21/19 10:25:00 PM,26.793,100.000,,,,,
4183,06/21/19 10:30:00 PM,26.793,100.000,,,,,
4184,06/21/19 10:35:00 PM,26.695,100.000,,,,,
4185,06/21/19 10:40:00 PM,26.646,100.000,,,,,
4186,06/21/19 10:45:00 PM,26.622,100.000,,,,,
4187,06/21/19 10:50:00 PM,26.598,100.000,,,,,
4188,06/21/19 10:55:00 PM,26.573,100.000,,,,,
4189,06/21/19 11:00:00 PM,26.549,100.000,,,,,
4190,06/21/19 11:05:00 PM,26.549,100.000,,,,,
4191,06/21/19 11:10:00 PM,26.524,100.000,,,,,
4192,06/21/19 11:15:00 PM,26.475,100.000,,,,,
4193,06/21/19 11:20:00 PM,26.475,100.000,,,,,
4194,06/21/19 11:25:00 PM,26.426,100.000,,,,,
4195,06/21/19 11:30:00 PM,26.378,100.000,,,,,
4196,06/21/19 11:35:00 PM,26.329,100.000,,,,,
4197,06/21/19 11:40:00 PM,26.304,100.000,,,,,
4198,06/21/19 11:45:00 PM,26.280,100.000,,,,,
4199,06/21/19 11:50:00 PM,26.231,100.000,,,,,
4200,06/21/19 11:55:00 PM,26.182,100.000,,,,,
4201,06/22/19 12:00:00 AM,26.134,100.000,,,,,
4202,06/22/19 12:05:00 AM,26.085,100.000,,,,,
4203,06/22/19 12:10:00 AM,26.085,100.000,,,,,
4204,06/22/19 12:15:00 AM,26.036,100.000,,,,,
4205,06/22/19 12:20:00 AM,26.036,100.000,,,,,
4206,06/22/19 12:25:00 AM,25.987,100.000,,,,,
4207,06/22/19 12:30:00 AM,25.939,100.000,,,,,
4208,06/22/19 12:35:00 AM,25.939,100.000,,,,,
4209,06/22/19 12:40:00 AM,25.939,100.000,,,,,
4210,06/22/19 12:45:00 AM,25.939,100.000,,,,,
4211,06/22/19 12:50:00 AM,25.890,100.000,,,,,
4212,06/22/19 12:55:00 AM,25.841,100.000,,,,,
4213,06/22/19 01:00:00 AM,25.793,100.000,,,,,
4214,06/22/19 01:05:00 AM,25.768,100.000,,,,,
4215,06/22/19 01:10:00 AM,25.744,100.000,,,,,
4216,06/22/19 01:15:00 AM,25.744,100.000,,,,,
4217,06/22/19 01:20:00 AM,25.744,100.000,,,,,
4218,06/22/19 01:25:00 AM,25.671,100.000,,,,,
4219,06/22/19 01:30:00 AM,25.598,100.000,,,,,
4220,06/22/19 01:35:00 AM,25.574,100.000,,,,,
4221,06/22/19 01:40:00 AM,25.550,100.000,,,,,
4222,06/22/19 01:45:00 AM,25.550,100.000,,,,,
4223,06/22/19 01:50:00 AM,25.550,100.000,,,,,
4224,06/22/19 01:55:00 AM,25.477,100.000,,,,,
4225,06/22/19 02:00:00 AM,25.453,100.000,,,,,
4226,06/22/19 02:05:00 AM,25.453,100.000,,,,,
4227,06/22/19 02:10:00 AM,25.428,100.000,,,,,
4228,06/22/19 02:15:00 AM,25.428,100.000,,,,,
4229,06/22/19 02:20:00 AM,25.428,100.000,,,,,
4230,06/22/19 02:25:00 AM,25.428,100.000,,,,,
4231,06/22/19 02:30:00 AM,25.380,100.000,,,,,
4232,06/22/19 02:35:00 AM,25.380,100.000,,,,,
4233,06/22/19 02:40:00 AM,25.380,100.000,,,,,
4234,06/22/19 02:45:00 AM,25.331,100.000,,,,,
4235,06/22/19 02:50:00 AM,25.283,100.000,,,,,
4236,06/22/19 02:55:00 AM,25.234,100.000,,,,,
4237,06/22/19 03:00:00 AM,25.234,100.000,,,,,
4238,06/22/19 03:05:00 AM,25.258,100.000,,,,,
4239,06/22/19 03:10:00 AM,25.186,100.000,,,,,
4240,06/22/19 03:15:00 AM,25.113,100.000,,,,,
4241,06/22/19 03:20:00 AM,25.065,100.000,,,,,
4242,06/22/19 03:25:00 AM,25.065,100.000,,,,,
4243,06/22/19 03:30:00 AM,25.065,100.000,,,,,
4244,06/22/19 03:35:00 AM,25.040,100.000,,,,,
4245,06/22/19 03:40:00 AM,25.016,100.000,,,,,
4246,06/22/19 03:45:00 AM,25.040,100.000,,,,,
4247,06/22/19 03:50:00 AM,25.016,100.000,,,,,
4248,06/22/19 03:55:00 AM,25.040,100.000,,,,,
4249,06/22/19 04:00:00 AM,25.065,100.000,,,,,
4250,06/22/19 04:05:00 AM,25.040,100.000,,,,,
4251,06/22/19 04:10:00 AM,24.968,100.000,,,,,
4252,06/22/19 04:15:00 AM,24.944,100.000,,,,,
4253,06/22/19 04:20:00 AM,24.968,100.000,,,,,
4254,06/22/19 04:25:00 AM,24.968,100.000,,,,,
4255,06/22/19 04:30:00 AM,24.968,100.000,,,,,
4256,06/22/19 04:35:00 AM,24.944,100.000,,,,,
4257,06/22/19 04:40:00 AM,24.944,100.000,,,,,
4258,06/22/19 04:45:00 AM,24.944,100.000,,,,,
4259,06/22/19 04:50:00 AM,24.919,100.000,,,,,
4260,06/22/19 04:55:00 AM,24.847,100.000,,,,,
4261,06/22/19 05:00:00 AM,24.847,100.000,,,,,
4262,06/22/19 05:05:00 AM,24.823,100.000,,,,,
4263,06/22/19 05:10:00 AM,24.774,100.000,,,,,
4264,06/22/19 05:15:00 AM,24.750,100.000,,,,,
4265,06/22/19 05:20:00 AM,24.774,100.000,,,,,
4266,06/22/19 05:25:00 AM,24.798,100.000,,,,,
4267,06/22/19 05:30:00 AM,24.774,100.000,,,,,
4268,06/22/19 05:35:00 AM,24.726,100.000,,,,,
4269,06/22/19 05:40:00 AM,24.677,100.000,,,,,
4270,06/22/19 05:45:00 AM,24.677,100.000,,,,,
4271,06/22/19 05:50:00 AM,24.702,100.000,,,,,
4272,06/22/19 05:55:00 AM,24.702,100.000,,,,,
4273,06/22/19 06:00:00 AM,24.677,100.000,,,,,
4274,06/22/19 06:05:00 AM,24.605,100.000,,,,,
4275,06/22/19 06:10:00 AM,24.581,100.000,,,,,
4276,06/22/19 06:15:00 AM,24.581,100.000,,,,,
4277,06/22/19 06:20:00 AM,24.581,100.000,,,,,
4278,06/22/19 06:25:00 AM,24.508,100.000,,,,,
4279,06/22/19 06:30:00 AM,24.484,100.000,,,,,
4280,06/22/19 06:35:00 AM,24.436,100.000,,,,,
4281,06/22/19 06:40:00 AM,24.412,100.000,,,,,
4282,06/22/19 06:45:00 AM,24.436,100.000,,,,,
4283,06/22/19 06:50:00 AM,24.436,100.000,,,,,
4284,06/22/19 06:55:00 AM,24.412,100.000,,,,,
4285,06/22/19 07:00:00 AM,24.412,100.000,,,,,
4286,06/22/19 07:05:00 AM,24.484,100.000,,,,,
4287,06/22/19 07:10:00 AM,24.460,100.000,,,,,
4288,06/22/19 07:15:00 AM,24.436,100.000,,,,,
4289,06/22/19 07:20:00 AM,24.436,100.000,,,,,
4290,06/22/19 07:25:00 AM,24.484,100.000,,,,,
4291,06/22/19 07:30:00 AM,24.532,100.000,,,,,
4292,06/22/19 07:35:00 AM,24.557,100.000,,,,,
4293,06/22/19 07:40:00 AM,24.581,100.000,,,,,
4294,06/22/19 07:45:00 AM,24.677,100.000,,,,,
4295,06/22/19 07:50:00 AM,24.774,100.000,,,,,
4296,06/22/19 07:55:00 AM,24.871,100.000,,,,,
4297,06/22/19 08:00:00 AM,24.944,100.000,,,,,
4298,06/22/19 08:05:00 AM,25.065,100.000,,,,,
4299,06/22/19 08:10:00 AM,25.186,100.000,,,,,
4300,06/22/19 08:15:00 AM,25.283,100.000,,,,,
4301,06/22/19 08:20:00 AM,25.380,100.000,,,,,
4302,06/22/19 08:25:00 AM,25.453,100.000,,,,,
4303,06/22/19 08:30:00 AM,25.550,100.000,,,,,
4304,06/22/19 08:35:00 AM,25.623,100.000,,,,,
4305,06/22/19 08:40:00 AM,25.720,100.000,,,,,
4306,06/22/19 08:45:00 AM,25.866,100.000,,,,,
4307,06/22/19 08:50:00 AM,26.012,100.000,,,,,
4308,06/22/19 08:55:00 AM,26.231,100.000,,,,,
4309,06/22/19 09:00:00 AM,26.329,100.000,,,,,
4310,06/22/19 09:05:00 AM,26.378,100.000,,,,,
4311,06/22/19 09:10:00 AM,26.475,100.000,,,,,
4312,06/22/19 09:15:00 AM,26.573,100.000,,,,,
4313,06/22/19 09:20:00 AM,26.720,100.000,,,,,
4314,06/22/19 09:25:00 AM,26.891,100.000,,,,,
4315,06/22/19 09:30:00 AM,27.063,100.000,,,,,
4316,06/22/19 09:35:00 AM,27.112,100.000,,,,,
4317,06/22/19 09:40:00 AM,27.112,100.000,,,,,
4318,06/22/19 09:45:00 AM,27.112,100.000,,,,,
4319,06/22/19 09:50:00 AM,27.136,100.000,,,,,
4320,06/22/19 09:55:00 AM,27.210,100.000,,,,,
4321,06/22/19 10:00:00 AM,27.210,100.000,,,,,
4322,06/22/19 10:05:00 AM,27.259,100.000,,,,,
4323,06/22/19 10:10:00 AM,27.407,100.000,,,,,
4324,06/22/19 10:15:00 AM,27.579,100.000,,,,,
4325,06/22/19 10:20:00 AM,27.579,100.000,,,,,
4326,06/22/19 10:25:00 AM,27.628,100.000,,,,,
4327,06/22/19 10:30:00 AM,27.653,100.000,,,,,
4328,06/22/19 10:35:00 AM,27.677,100.000,,,,,
4329,06/22/19 10:40:00 AM,27.727,100.000,,,,,
4330,06/22/19 10:45:00 AM,27.727,100.000,,,,,
4331,06/22/19 10:50:00 AM,27.801,100.000,,,,,
4332,06/22/19 10:55:00 AM,27.875,100.000,,,,,
4333,06/22/19 11:00:00 AM,27.949,100.000,,,,,
4334,06/22/19 11:05:00 AM,28.023,100.000,,,,,
4335,06/22/19 11:10:00 AM,28.122,100.000,,,,,
4336,06/22/19 11:15:00 AM,28.196,100.000,,,,,
4337,06/22/19 11:20:00 AM,28.221,100.000,,,,,
4338,06/22/19 11:25:00 AM,28.345,100.000,,,,,
4339,06/22/19 11:30:00 AM,28.493,100.000,,,,,
4340,06/22/19 11:35:00 AM,28.543,100.000,,,,,
4341,06/22/19 11:40:00 AM,28.593,100.000,,,,,
4342,06/22/19 11:45:00 AM,28.593,100.000,,,,,
4343,06/22/19 11:50:00 AM,28.593,100.000,,,,,
4344,06/22/19 11:55:00 AM,28.692,100.000,,,,,
4345,06/22/19 12:00:00 PM,28.816,100.000,,,,,
4346,06/22/19 12:05:00 PM,28.841,100.000,,,,,
4347,06/22/19 12:10:00 PM,28.866,100.000,,,,,
4348,06/22/19 12:15:00 PM,28.791,100.000,,,,,
4349,06/22/19 12:20:00 PM,28.816,100.000,,,,,
4350,06/22/19 12:25:00 PM,28.791,100.000,,,,,
4351,06/22/19 12:30:00 PM,28.717,100.000,,,,,
4352,06/22/19 12:35:00 PM,28.617,100.000,,,,,
4353,06/22/19 12:40:00 PM,28.543,100.000,,,,,
4354,06/22/19 12:45:00 PM,28.444,100.000,,,,,
4355,06/22/19 12:50:00 PM,28.419,100.000,,,,,
4356,06/22/19 12:55:00 PM,28.394,100.000,,,,,
4357,06/22/19 01:00:00 PM,28.444,100.000,,,,,
4358,06/22/19 01:05:00 PM,28.543,100.000,,,,,
4359,06/22/19 01:10:00 PM,28.692,100.000,,,,,
4360,06/22/19 01:15:00 PM,28.891,100.000,,,,,
4361,06/22/19 01:20:00 PM,29.165,100.000,,,,,
4362,06/22/19 01:25:00 PM,29.414,99.827,,,,,
4363,06/22/19 01:30:00 PM,29.565,99.355,,,,,
4364,06/22/19 01:35:00 PM,29.640,99.185,,,,,
4365,06/22/19 01:40:00 PM,29.690,98.902,,,,,
4366,06/22/19 01:45:00 PM,29.715,98.665,,,,,
4367,06/22/19 01:50:00 PM,29.790,98.468,,,,,
4368,06/22/19 01:55:00 PM,29.916,98.121,,,,,
4369,06/22/19 02:00:00 PM,30.066,97.915,,,,,
4370,06/22/19 02:05:00 PM,30.293,97.402,,,,,
4371,06/22/19 02:10:00 PM,30.697,97.178,,,,,
4372,06/22/19 02:15:00 PM,31.255,96.800,,,,,
4373,06/22/19 02:20:00 PM,31.561,96.190,,,,,
4374,06/22/19 02:25:00 PM,31.484,95.619,,,,,
4375,06/22/19 02:30:00 PM,31.357,95.476,,,,,
4376,06/22/19 02:35:00 PM,31.153,95.591,,,,,
4377,06/22/19 02:40:00 PM,30.950,95.925,,,,,
4378,06/22/19 02:45:00 PM,30.596,95.973,,,,,
4379,06/22/19 02:50:00 PM,30.217,96.508,,,,,
4380,06/22/19 02:55:00 PM,29.941,96.929,,,,,
4381,06/22/19 03:00:00 PM,29.715,97.253,,,,,
4382,06/22/19 03:05:00 PM,29.515,97.446,,,,,
4383,06/22/19 03:10:00 PM,29.340,97.727,,,,,
4384,06/22/19 03:15:00 PM,29.140,97.865,,,,,
4385,06/22/19 03:20:00 PM,29.090,98.015,,,,,
4386,06/22/19 03:25:00 PM,29.340,98.025,,,,,
4387,06/22/19 03:30:00 PM,29.540,97.806,,,,,
4388,06/22/19 03:35:00 PM,29.439,97.454,,,,,
4389,06/22/19 03:40:00 PM,29.439,97.509,,,,,
4390,06/22/19 03:45:00 PM,29.740,97.042,,,,,
4391,06/22/19 03:50:00 PM,30.167,96.714,,,,,
4392,06/22/19 03:55:00 PM,30.621,96.337,,,,,
4393,06/22/19 04:00:00 PM,30.722,95.041,,,,,
4394,06/22/19 04:05:00 PM,30.900,94.588,,,,,
4395,06/22/19 04:10:00 PM,31.128,94.451,,,,,
4396,06/22/19 04:15:00 PM,31.255,93.928,,,,,
4397,06/22/19 04:20:00 PM,31.255,94.233,,,,,
4398,06/22/19 04:25:00 PM,31.103,94.251,,,,,
4399,06/22/19 04:30:00 PM,30.950,94.407,,,,,
4400,06/22/19 04:35:00 PM,30.697,94.427,,,,,
4401,06/22/19 04:40:00 PM,30.394,94.959,,,,,
4402,06/22/19 04:45:00 PM,30.117,95.331,,,,,
4403,06/22/19 04:50:00 PM,29.690,95.086,,,,,
4404,06/22/19 04:55:00 PM,29.065,94.902,,,,,
4405,06/22/19 05:00:00 PM,28.394,96.425,,,,,
4406,06/22/19 05:05:00 PM,27.702,96.736,,,,,
4407,06/22/19 05:10:00 PM,27.087,97.817,,,,,
4408,06/22/19 05:15:00 PM,26.646,98.693,,,,,
4409,06/22/19 05:20:00 PM,26.280,99.422,,,,,
4410,06/22/19 05:25:00 PM,25.939,99.597,,,,,
4411,06/22/19 05:30:00 PM,25.647,100.000,,,,,
4412,06/22/19 05:35:00 PM,25.453,100.000,,,,,
4413,06/22/19 05:40:00 PM,25.307,100.000,,,,,
4414,06/22/19 05:45:00 PM,25.210,100.000,,,,,
4415,06/22/19 05:50:00 PM,25.089,100.000,,,,,
4416,06/22/19 05:55:00 PM,24.919,100.000,,,,,
4417,06/22/19 06:00:00 PM,24.726,100.000,,,,,
4418,06/22/19 06:05:00 PM,24.532,100.000,,,,,
4419,06/22/19 06:10:00 PM,24.363,100.000,,,,,
4420,06/22/19 06:15:00 PM,24.267,100.000,,,,,
4421,06/22/19 06:20:00 PM,24.315,100.000,,,,,
4422,06/22/19 06:25:00 PM,24.532,100.000,,,,,
4423,06/22/19 06:30:00 PM,24.774,100.000,,,,,
4424,06/22/19 06:35:00 PM,25.040,100.000,,,,,
4425,06/22/19 06:40:00 PM,25.283,100.000,,,,,
4426,06/22/19 06:45:00 PM,25.525,100.000,,,,,
4427,06/22/19 06:50:00 PM,25.768,100.000,,,,,
4428,06/22/19 06:55:00 PM,25.939,99.915,,,,,
4429,06/22/19 07:00:00 PM,26.036,100.000,,,,,
4430,06/22/19 07:05:00 PM,26.061,100.000,,,,,
4431,06/22/19 07:10:00 PM,26.036,100.000,,,,,
4432,06/22/19 07:15:00 PM,25.987,100.000,,,,,
4433,06/22/19 07:20:00 PM,25.914,100.000,,,,,
4434,06/22/19 07:25:00 PM,25.841,100.000,,,,,
4435,06/22/19 07:30:00 PM,25.793,100.000,,,,,
4436,06/22/19 07:35:00 PM,25.768,100.000,,,,,
4437,06/22/19 07:40:00 PM,25.768,100.000,,,,,
4438,06/22/19 07:45:00 PM,25.768,100.000,,,,,
4439,06/22/19 07:50:00 PM,25.768,100.000,,,,,
4440,06/22/19 07:55:00 PM,25.768,100.000,,,,,
4441,06/22/19 08:00:00 PM,25.793,100.000,,,,,
4442,06/22/19 08:05:00 PM,25.793,100.000,,,,,
4443,06/22/19 08:10:00 PM,25.793,100.000,,,,,
4444,06/22/19 08:15:00 PM,25.793,100.000,,,,,
4445,06/22/19 08:20:00 PM,25.793,100.000,,,,,
4446,06/22/19 08:25:00 PM,25.768,100.000,,,,,
4447,06/22/19 08:30:00 PM,25.744,100.000,,,,,
4448,06/22/19 08:35:00 PM,25.695,100.000,,,,,
4449,06/22/19 08:40:00 PM,25.647,100.000,,,,,
4450,06/22/19 08:45:00 PM,25.550,100.000,,,,,
4451,06/22/19 08:50:00 PM,25.453,100.000,,,,,
4452,06/22/19 08:55:00 PM,25.307,100.000,,,,,
4453,06/22/19 09:00:00 PM,25.162,100.000,,,,,
4454,06/22/19 09:05:00 PM,25.089,100.000,,,,,
4455,06/22/19 09:10:00 PM,24.992,100.000,,,,,
4456,06/22/19 09:15:00 PM,24.895,100.000,,,,,
4457,06/22/19 09:20:00 PM,24.823,100.000,,,,,
4458,06/22/19 09:25:00 PM,24.750,100.000,,,,,
4459,06/22/19 09:30:00 PM,24.726,100.000,,,,,
4460,06/22/19 09:35:00 PM,24.653,100.000,,,,,
4461,06/22/19 09:40:00 PM,24.557,100.000,,,,,
4462,06/22/19 09:45:00 PM,24.484,100.000,,,,,
4463,06/22/19 09:50:00 PM,24.412,100.000,,,,,
4464,06/22/19 09:55:00 PM,24.363,100.000,,,,,
4465,06/22/19 10:00:00 PM,24.363,100.000,,,,,
4466,06/22/19 10:05:00 PM,24.315,100.000,,,,,
4467,06/22/19 10:10:00 PM,24.267,100.000,,,,,
4468,06/22/19 10:15:00 PM,24.219,100.000,,,,,
4469,06/22/19 10:20:00 PM,24.195,100.000,,,,,
4470,06/22/19 10:25:00 PM,24.195,100.000,,,,,
4471,06/22/19 10:30:00 PM,24.195,100.000,,,,,
4472,06/22/19 10:35:00 PM,24.146,100.000,,,,,
4473,06/22/19 10:40:00 PM,24.098,100.000,,,,,
4474,06/22/19 10:45:00 PM,24.122,100.000,,,,,
4475,06/22/19 10:50:00 PM,24.098,100.000,,,,,
4476,06/22/19 10:55:00 PM,24.050,100.000,,,,,
4477,06/22/19 11:00:00 PM,24.026,100.000,,,,,
4478,06/22/19 11:05:00 PM,24.002,100.000,,,,,
4479,06/22/19 11:10:00 PM,23.978,100.000,,,,,
4480,06/22/19 11:15:00 PM,23.954,100.000,,,,,
4481,06/22/19 11:20:00 PM,23.978,100.000,,,,,
4482,06/22/19 11:25:00 PM,23.954,100.000,,,,,
4483,06/22/19 11:30:00 PM,23.905,100.000,,,,,
4484,06/22/19 11:35:00 PM,23.881,100.000,,,,,
4485,06/22/19 11:40:00 PM,23.857,100.000,,,,,
4486,06/22/19 11:45:00 PM,23.833,100.000,,,,,
4487,06/22/19 11:50:00 PM,23.833,100.000,,,,,
4488,06/22/19 11:55:00 PM,23.809,100.000,,,,,
4489,06/23/19 12:00:00 AM,23.809,100.000,,,,,
4490,06/23/19 12:05:00 AM,23.761,100.000,,,,,
4491,06/23/19 12:10:00 AM,23.761,100.000,,,,,
4492,06/23/19 12:15:00 AM,23.761,100.000,,,,,
4493,06/23/19 12:20:00 AM,23.761,100.000,,,,,
4494,06/23/19 12:25:00 AM,23.761,100.000,,,,,
4495,06/23/19 12:30:00 AM,23.761,100.000,,,,,
4496,06/23/19 12:35:00 AM,23.785,100.000,,,,,
4497,06/23/19 12:40:00 AM,23.785,100.000,,,,,
4498,06/23/19 12:45:00 AM,23.761,100.000,,,,,
4499,06/23/19 12:50:00 AM,23.857,100.000,,,,,
4500,06/23/19 12:55:00 AM,23.905,100.000,,,,,
4501,06/23/19 01:00:00 AM,24.002,100.000,,,,,
4502,06/23/19 01:05:00 AM,24.050,100.000,,,,,
4503,06/23/19 01:10:00 AM,24.122,100.000,,,,,
4504,06/23/19 01:15:00 AM,24.219,100.000,,,,,
4505,06/23/19 01:20:00 AM,24.315,100.000,,,,,
4506,06/23/19 01:25:00 AM,24.339,100.000,,,,,
4507,06/23/19 01:30:00 AM,24.315,100.000,,,,,
4508,06/23/19 01:35:00 AM,24.315,100.000,,,,,
4509,06/23/19 01:40:00 AM,24.339,100.000,,,,,
4510,06/23/19 01:45:00 AM,24.315,100.000,,,,,
4511,06/23/19 01:50:00 AM,24.267,100.000,,,,,
4512,06/23/19 01:55:00 AM,24.219,100.000,,,,,
4513,06/23/19 02:00:00 AM,24.171,100.000,,,,,
4514,06/23/19 02:05:00 AM,24.098,100.000,,,,,
4515,06/23/19 02:10:00 AM,24.002,100.000,,,,,
4516,06/23/19 02:15:00 AM,23.930,100.000,,,,,
4517,06/23/19 02:20:00 AM,23.857,100.000,,,,,
4518,06/23/19 02:25:00 AM,23.785,100.000,,,,,
4519,06/23/19 02:30:00 AM,23.689,100.000,,,,,
4520,06/23/19 02:35:00 AM,23.641,100.000,,,,,
4521,06/23/19 02:40:00 AM,23.617,100.000,,,,,
4522,06/23/19 02:45:00 AM,23.569,100.000,,,,,
4523,06/23/19 02:50:00 AM,23.569,100.000,,,,,
4524,06/23/19 02:55:00 AM,23.521,100.000,,,,,
4525,06/23/19 03:00:00 AM,23.472,100.000,,,,,
4526,06/23/19 03:05:00 AM,23.448,100.000,,,,,
4527,06/23/19 03:10:00 AM,23.400,100.000,,,,,
4528,06/23/19 03:15:00 AM,23.400,100.000,,,,,
4529,06/23/19 03:20:00 AM,23.376,100.000,,,,,
4530,06/23/19 03:25:00 AM,23.280,100.000,,,,,
4531,06/23/19 03:30:00 AM,23.232,100.000,,,,,
4532,06/23/19 03:35:00 AM,23.208,100.000,,,,,
4533,06/23/19 03:40:00 AM,23.184,100.000,,,,,
4534,06/23/19 03:45:00 AM,23.184,100.000,,,,,
4535,06/23/19 03:50:00 AM,23.208,100.000,,,,,
4536,06/23/19 03:55:00 AM,23.160,100.000,,,,,
4537,06/23/19 04:00:00 AM,23.136,100.000,,,,,
4538,06/23/19 04:05:00 AM,23.064,100.000,,,,,
4539,06/23/19 04:10:00 AM,22.968,100.000,,,,,
4540,06/23/19 04:15:00 AM,22.920,100.000,,,,,
4541,06/23/19 04:20:00 AM,22.896,100.000,,,,,
4542,06/23/19 04:25:00 AM,22.848,100.000,,,,,
4543,06/23/19 04:30:00 AM,22.848,100.000,,,,,
4544,06/23/19 04:35:00 AM,22.848,100.000,,,,,
4545,06/23/19 04:40:00 AM,22.800,100.000,,,,,
4546,06/23/19 04:45:00 AM,22.753,100.000,,,,,
4547,06/23/19 04:50:00 AM,22.753,100.000,,,,,
4548,06/23/19 04:55:00 AM,22.705,100.000,,,,,
4549,06/23/19 05:00:00 AM,22.705,100.000,,,,,
4550,06/23/19 05:05:00 AM,22.657,100.000,,,,,
4551,06/23/19 05:10:00 AM,22.561,100.000,,,,,
4552,06/23/19 05:15:00 AM,22.489,100.000,,,,,
4553,06/23/19 05:20:00 AM,22.489,100.000,,,,,
4554,06/23/19 05:25:00 AM,22.417,100.000,,,,,
4555,06/23/19 05:30:00 AM,22.369,100.000,,,,,
4556,06/23/19 05:35:00 AM,22.321,100.000,,,,,
4557,06/23/19 05:40:00 AM,22.274,100.000,,,,,
4558,06/23/19 05:45:00 AM,22.274,100.000,,,,,
4559,06/23/19 05:50:00 AM,22.369,100.000,,,,,
4560,06/23/19 05:55:00 AM,22.369,100.000,,,,,
4561,06/23/19 06:00:00 AM,22.321,100.000,,,,,
4562,06/23/19 06:05:00 AM,22.274,100.000,,,,,
4563,06/23/19 06:10:00 AM,22.226,100.000,,,,,
4564,06/23/19 06:15:00 AM,22.178,100.000,,,,,
4565,06/23/19 06:20:00 AM,22.154,100.000,,,,,
4566,06/23/19 06:25:00 AM,22.154,100.000,,,,,
4567,06/23/19 06:30:00 AM,22.130,100.000,,,,,
4568,06/23/19 06:35:00 AM,22.154,100.000,,,,,
4569,06/23/19 06:40:00 AM,22.226,100.000,,,,,
4570,06/23/19 06:45:00 AM,22.178,100.000,,,,,
4571,06/23/19 06:50:00 AM,22.130,100.000,,,,,
4572,06/23/19 06:55:00 AM,22.082,100.000,,,,,
4573,06/23/19 07:00:00 AM,22.082,100.000,,,,,
4574,06/23/19 07:05:00 AM,22.082,100.000,,,,,
4575,06/23/19 07:10:00 AM,22.082,100.000,,,,,
4576,06/23/19 07:15:00 AM,22.130,100.000,,,,,
4577,06/23/19 07:20:00 AM,22.178,100.000,,,,,
4578,06/23/19 07:25:00 AM,22.178,100.000,,,,,
4579,06/23/19 07:30:00 AM,22.178,100.000,,,,,
4580,06/23/19 07:35:00 AM,22.274,100.000,,,,,
4581,06/23/19 07:40:00 AM,22.369,100.000,,,,,
4582,06/23/19 07:45:00 AM,22.441,100.000,,,,,
4583,06/23/19 07:50:00 AM,22.513,100.000,,,,,
4584,06/23/19 07:55:00 AM,22.585,100.000,,,,,
4585,06/23/19 08:00:00 AM,22.681,100.000,,,,,
4586,06/23/19 08:05:00 AM,22.776,100.000,,,,,
4587,06/23/19 08:10:00 AM,22.848,100.000,,,,,
4588,06/23/19 08:15:00 AM,22.968,100.000,,,,,
4589,06/23/19 08:20:00 AM,23.112,100.000,,,,,
4590,06/23/19 08:25:00 AM,23.256,100.000,,,,,
4591,06/23/19 08:30:00 AM,23.448,100.000,,,,,
4592,06/23/19 08:35:00 AM,23.641,100.000,,,,,
4593,06/23/19 08:40:00 AM,23.833,100.000,,,,,
4594,06/23/19 08:45:00 AM,24.002,100.000,,,,,
4595,06/23/19 08:50:00 AM,24.122,100.000,,,,,
4596,06/23/19 08:55:00 AM,24.219,100.000,,,,,
4597,06/23/19 09:00:00 AM,24.315,100.000,,,,,
4598,06/23/19 09:05:00 AM,24.436,100.000,,,,,
4599,06/23/19 09:10:00 AM,24.605,100.000,,,,,
4600,06/23/19 09:15:00 AM,24.726,100.000,,,,,
4601,06/23/19 09:20:00 AM,24.847,100.000,,,,,
4602,06/23/19 09:25:00 AM,24.968,100.000,,,,,
4603,06/23/19 09:30:00 AM,25.089,100.000,,,,,
4604,06/23/19 09:35:00 AM,25.234,100.000,,,,,
4605,06/23/19 09:40:00 AM,25.380,100.000,,,,,
4606,06/23/19 09:45:00 AM,25.453,100.000,,,,,
4607,06/23/19 09:50:00 AM,25.598,100.000,,,,,
4608,06/23/19 09:55:00 AM,25.744,100.000,,,,,
4609,06/23/19 10:00:00 AM,25.914,100.000,,,,,
4610,06/23/19 10:05:00 AM,26.085,100.000,,,,,
4611,06/23/19 10:10:00 AM,26.207,100.000,,,,,
4612,06/23/19 10:15:00 AM,26.378,100.000,,,,,
4613,06/23/19 10:20:00 AM,26.598,100.000,,,,,
4614,06/23/19 10:25:00 AM,26.842,100.000,,,,,
4615,06/23/19 10:30:00 AM,27.014,100.000,,,,,
4616,06/23/19 10:35:00 AM,27.087,100.000,,,,,
4617,06/23/19 10:40:00 AM,27.161,100.000,,,,,
4618,06/23/19 10:45:00 AM,27.259,100.000,,,,,
4619,06/23/19 10:50:00 AM,27.333,100.000,,,,,
4620,06/23/19 10:55:00 AM,27.431,100.000,,,,,
4621,06/23/19 11:00:00 AM,27.554,100.000,,,,,
4622,06/23/19 11:05:00 AM,27.677,100.000,,,,,
4623,06/23/19 11:10:00 AM,27.751,100.000,,,,,
4624,06/23/19 11:15:00 AM,27.850,100.000,,,,,
4625,06/23/19 11:20:00 AM,27.949,100.000,,,,,
4626,06/23/19 11:25:00 AM,27.949,100.000,,,,,
4627,06/23/19 11:30:00 AM,28.072,100.000,,,,,
4628,06/23/19 11:35:00 AM,28.221,100.000,,,,,
4629,06/23/19 11:40:00 AM,28.394,100.000,,,,,
4630,06/23/19 11:45:00 AM,28.692,100.000,,,,,
4631,06/23/19 11:50:00 AM,29.090,100.000,,,,,
4632,06/23/19 11:55:00 AM,29.215,100.000,,,,,
4633,06/23/19 12:00:00 PM,29.215,100.000,,,,,
4634,06/23/19 12:05:00 PM,29.215,100.000,,,,,
4635,06/23/19 12:10:00 PM,29.190,100.000,,,,,
4636,06/23/19 12:15:00 PM,29.190,99.310,,,,,
4637,06/23/19 12:20:00 PM,29.240,98.324,,,,,
4638,06/23/19 12:25:00 PM,29.290,97.796,,,,,
4639,06/23/19 12:30:00 PM,29.290,97.253,,,,,
4640,06/23/19 12:35:00 PM,29.365,97.082,,,,,
4641,06/23/19 12:40:00 PM,29.439,96.310,,,,,
4642,06/23/19 12:45:00 PM,29.515,95.837,,,,,
4643,06/23/19 12:50:00 PM,29.640,95.924,,,,,
4644,06/23/19 12:55:00 PM,29.715,95.120,,,,,
4645,06/23/19 01:00:00 PM,29.740,94.961,,,,,
4646,06/23/19 01:05:00 PM,29.865,94.607,,,,,
4647,06/23/19 01:10:00 PM,29.966,94.080,,,,,
4648,06/23/19 01:15:00 PM,30.091,93.530,,,,,
4649,06/23/19 01:20:00 PM,30.268,93.491,,,,,
4650,06/23/19 01:25:00 PM,30.394,93.189,,,,,
4651,06/23/19 01:30:00 PM,30.545,92.836,,,,,
4652,06/23/19 01:35:00 PM,30.646,92.527,,,,,
4653,06/23/19 01:40:00 PM,30.798,92.061,,,,,
4654,06/23/19 01:45:00 PM,30.950,92.154,,,,,
4655,06/23/19 01:50:00 PM,31.052,91.394,,,,,
4656,06/23/19 01:55:00 PM,31.026,91.332,,,,,
4657,06/23/19 02:00:00 PM,30.874,90.931,,,,,
4658,06/23/19 02:05:00 PM,31.052,90.016,,,,,
4659,06/23/19 02:10:00 PM,31.052,90.523,,,,,
4660,06/23/19 02:15:00 PM,31.230,89.662,,,,,
4661,06/23/19 02:20:00 PM,31.433,89.766,,,,,
4662,06/23/19 02:25:00 PM,31.484,88.275,,,,,
4663,06/23/19 02:30:00 PM,31.919,87.033,,,,,
4664,06/23/19 02:35:00 PM,32.458,85.169,,,,,
4665,06/23/19 02:40:00 PM,32.872,85.520,,,,,
4666,06/23/19 02:45:00 PM,32.872,85.925,,,,,
4667,06/23/19 02:50:00 PM,32.794,85.619,,,,,
4668,06/23/19 02:55:00 PM,32.949,84.379,,,,,
4669,06/23/19 03:00:00 PM,33.131,83.982,,,,,
4670,06/23/19 03:05:00 PM,33.574,83.903,,,,,
4671,06/23/19 03:10:00 PM,34.124,82.059,,,,,
4672,06/23/19 03:15:00 PM,34.466,81.808,,,,,
4673,06/23/19 03:20:00 PM,34.572,81.299,,,,,
4674,06/23/19 03:25:00 PM,34.440,80.917,,,,,
4675,06/23/19 03:30:00 PM,34.019,82.067,,,,,
4676,06/23/19 03:35:00 PM,33.443,82.473,,,,,
4677,06/23/19 03:40:00 PM,33.053,83.325,,,,,
4678,06/23/19 03:45:00 PM,32.949,83.594,,,,,
4679,06/23/19 03:50:00 PM,32.820,83.566,,,,,
4680,06/23/19 03:55:00 PM,32.717,84.299,,,,,
4681,06/23/19 04:00:00 PM,32.639,84.398,,,,,
4682,06/23/19 04:05:00 PM,32.665,84.838,,,,,
4683,06/23/19 04:10:00 PM,32.742,84.537,,,,,
4684,06/23/19 04:15:00 PM,32.717,84.357,,,,,
4685,06/23/19 04:20:00 PM,32.717,84.357,,,,,
4686,06/23/19 04:25:00 PM,32.665,84.867,,,,,
4687,06/23/19 04:30:00 PM,32.587,84.763,,,,,
4688,06/23/19 04:35:00 PM,32.484,84.683,,,,,
4689,06/23/19 04:40:00 PM,32.433,84.556,,,,,
4690,06/23/19 04:45:00 PM,32.407,84.897,,,,,
4691,06/23/19 04:50:00 PM,32.278,84.956,,,,,
4692,06/23/19 04:55:00 PM,32.253,84.892,,,,,
4693,06/23/19 05:00:00 PM,32.330,85.660,,,,,
4694,06/23/19 05:05:00 PM,32.433,85.365,,,,,
4695,06/23/19 05:10:00 PM,32.562,85.278,,,,,
4696,06/23/19 05:15:00 PM,32.742,85.578,,,,,
4697,06/23/19 05:20:00 PM,32.924,85.907,,,,,
4698,06/23/19 05:25:00 PM,33.053,85.792,,,,,
4699,06/23/19 05:30:00 PM,33.209,85.421,,,,,
4700,06/23/19 05:35:00 PM,33.105,85.196,,,,,
4701,06/23/19 05:40:00 PM,32.691,85.798,,,,,
4702,06/23/19 05:45:00 PM,32.227,86.558,,,,,
4703,06/23/19 05:50:00 PM,32.021,87.657,,,,,
4704,06/23/19 05:55:00 PM,32.047,87.777,,,,,
4705,06/23/19 06:00:00 PM,32.124,87.909,,,,,
4706,06/23/19 06:05:00 PM,32.124,87.909,,,,,
4707,06/23/19 06:10:00 PM,32.098,87.674,,,,,
4708,06/23/19 06:15:00 PM,31.919,88.090,,,,,
4709,06/23/19 06:20:00 PM,31.663,88.430,,,,,
4710,06/23/19 06:25:00 PM,31.331,89.148,,,,,
4711,06/23/19 06:30:00 PM,31.001,89.580,,,,,
4712,06/23/19 06:35:00 PM,30.722,90.135,,,,,
4713,06/23/19 06:40:00 PM,30.444,90.688,,,,,
4714,06/23/19 06:45:00 PM,30.217,91.306,,,,,
4715,06/23/19 06:50:00 PM,30.016,91.705,,,,,
4716,06/23/19 06:55:00 PM,29.840,92.164,,,,,
4717,06/23/19 07:00:00 PM,29.690,92.572,,,,,
4718,06/23/19 07:05:00 PM,29.590,92.881,,,,,
4719,06/23/19 07:10:00 PM,29.515,93.112,,,,,
4720,06/23/19 07:15:00 PM,29.414,93.419,,,,,
4721,06/23/19 07:20:00 PM,29.340,93.732,,,,,
4722,06/23/19 07:25:00 PM,28.891,92.766,,,,,
4723,06/23/19 07:30:00 PM,28.394,93.196,,,,,
4724,06/23/19 07:35:00 PM,27.850,93.776,,,,,
4725,06/23/19 07:40:00 PM,27.407,94.841,,,,,
4726,06/23/19 07:45:00 PM,27.063,96.031,,,,,
4727,06/23/19 07:50:00 PM,26.769,96.145,,,,,
4728,06/23/19 07:55:00 PM,26.598,96.937,,,,,
4729,06/23/19 08:00:00 PM,26.475,96.959,,,,,
4730,06/23/19 08:05:00 PM,26.329,97.137,,,,,
4731,06/23/19 08:10:00 PM,26.231,97.138,,,,,
4732,06/23/19 08:15:00 PM,26.182,96.669,,,,,
4733,06/23/19 08:20:00 PM,26.134,97.274,,,,,
4734,06/23/19 08:25:00 PM,26.158,97.682,,,,,
4735,06/23/19 08:30:00 PM,26.207,97.695,,,,,
4736,06/23/19 08:35:00 PM,26.231,97.272,,,,,
4737,06/23/19 08:40:00 PM,26.207,97.749,,,,,
4738,06/23/19 08:45:00 PM,26.207,98.070,,,,,
4739,06/23/19 08:50:00 PM,26.182,98.117,,,,,
4740,06/23/19 08:55:00 PM,26.182,98.331,,,,,
4741,06/23/19 09:00:00 PM,26.182,98.598,,,,,
4742,06/23/19 09:05:00 PM,26.134,98.638,,,,,
4743,06/23/19 09:10:00 PM,26.061,98.779,,,,,
4744,06/23/19 09:15:00 PM,26.012,98.899,,,,,
4745,06/23/19 09:20:00 PM,25.987,99.079,,,,,
4746,06/23/19 09:25:00 PM,25.914,99.059,,,,,
4747,06/23/19 09:30:00 PM,25.841,99.093,,,,,
4748,06/23/19 09:35:00 PM,25.793,99.213,,,,,
4749,06/23/19 09:40:00 PM,25.744,99.333,,,,,
4750,06/23/19 09:45:00 PM,25.744,99.466,,,,,
4751,06/23/19 09:50:00 PM,25.720,99.645,,,,,
4752,06/23/19 09:55:00 PM,25.671,99.685,,,,,
4753,06/23/19 10:00:00 PM,25.598,99.745,,,,,
4754,06/23/19 10:05:00 PM,25.574,99.870,,,,,
4755,06/23/19 10:10:00 PM,25.550,100.000,,,,,
4756,06/23/19 10:15:00 PM,25.525,100.000,,,,,
4757,06/23/19 10:20:00 PM,25.477,100.000,,,,,
4758,06/23/19 10:25:00 PM,25.453,100.000,,,,,
4759,06/23/19 10:30:00 PM,25.428,100.000,,,,,
4760,06/23/19 10:35:00 PM,25.380,100.000,,,,,
4761,06/23/19 10:40:00 PM,25.331,100.000,,,,,
4762,06/23/19 10:45:00 PM,25.307,100.000,,,,,
4763,06/23/19 10:50:00 PM,25.234,100.000,,,,,
4764,06/23/19 10:55:00 PM,25.186,100.000,,,,,
4765,06/23/19 11:00:00 PM,25.137,100.000,,,,,
4766,06/23/19 11:05:00 PM,25.137,100.000,,,,,
4767,06/23/19 11:10:00 PM,25.089,100.000,,,,,
4768,06/23/19 11:15:00 PM,25.040,100.000,,,,,
4769,06/23/19 11:20:00 PM,25.016,100.000,,,,,
4770,06/23/19 11:25:00 PM,24.992,100.000,,,,,
4771,06/23/19 11:30:00 PM,24.895,100.000,,,,,
4772,06/23/19 11:35:00 PM,24.871,100.000,,,,,
4773,06/23/19 11:40:00 PM,24.823,100.000,,,,,
4774,06/23/19 11:45:00 PM,24.774,100.000,,,,,
4775,06/23/19 11:50:00 PM,24.726,100.000,,,,,
4776,06/23/19 11:55:00 PM,24.702,100.000,,,,,
4777,06/24/19 12:00:00 AM,24.677,100.000,,,,,
4778,06/24/19 12:05:00 AM,24.653,100.000,,,,,
4779,06/24/19 12:10:00 AM,24.653,100.000,,,,,
4780,06/24/19 12:15:00 AM,24.629,100.000,,,,,
4781,06/24/19 12:20:00 AM,24.581,100.000,,,,,
4782,06/24/19 12:25:00 AM,24.581,100.000,,,,,
4783,06/24/19 12:30:00 AM,24.557,100.000,,,,,
4784,06/24/19 12:35:00 AM,24.557,100.000,,,,,
4785,06/24/19 12:40:00 AM,24.557,100.000,,,,,
4786,06/24/19 12:45:00 AM,24.557,100.000,,,,,
4787,06/24/19 12:50:00 AM,24.532,100.000,,,,,
4788,06/24/19 12:55:00 AM,24.484,100.000,,,,,
4789,06/24/19 01:00:00 AM,24.484,100.000,,,,,
4790,06/24/19 01:05:00 AM,24.484,100.000,,,,,
4791,06/24/19 01:10:00 AM,24.484,100.000,,,,,
4792,06/24/19 01:15:00 AM,24.484,100.000,,,,,
4793,06/24/19 01:20:00 AM,24.436,100.000,,,,,
4794,06/24/19 01:25:00 AM,24.412,100.000,,,,,
4795,06/24/19 01:30:00 AM,24.412,100.000,,,,,
4796,06/24/19 01:35:00 AM,24.363,100.000,,,,,
4797,06/24/19 01:40:00 AM,24.315,100.000,,,,,
4798,06/24/19 01:45:00 AM,24.315,100.000,,,,,
4799,06/24/19 01:50:00 AM,24.291,100.000,,,,,
4800,06/24/19 01:55:00 AM,24.243,100.000,,,,,
4801,06/24/19 02:00:00 AM,24.219,100.000,,,,,
4802,06/24/19 02:05:00 AM,24.195,100.000,,,,,
4803,06/24/19 02:10:00 AM,24.146,100.000,,,,,
4804,06/24/19 02:15:00 AM,24.122,100.000,,,,,
4805,06/24/19 02:20:00 AM,24.098,100.000,,,,,
4806,06/24/19 02:25:00 AM,24.098,100.000,,,,,
4807,06/24/19 02:30:00 AM,24.074,100.000,,,,,
4808,06/24/19 02:35:00 AM,24.050,100.000,,,,,
4809,06/24/19 02:40:00 AM,24.050,100.000,,,,,
4810,06/24/19 02:45:00 AM,24.026,100.000,,,,,
4811,06/24/19 02:50:00 AM,23.954,100.000,,,,,
4812,06/24/19 02:55:00 AM,23.905,100.000,,,,,
4813,06/24/19 03:00:00 AM,23.857,100.000,,,,,
4814,06/24/19 03:05:00 AM,23.809,100.000,,,,,
4815,06/24/19 03:10:00 AM,23.761,100.000,,,,,
4816,06/24/19 03:15:00 AM,23.761,100.000,,,,,
4817,06/24/19 03:20:00 AM,23.761,100.000,,,,,
4818,06/24/19 03:25:00 AM,23.761,100.000,,,,,
4819,06/24/19 03:30:00 AM,23.761,100.000,,,,,
4820,06/24/19 03:35:00 AM,23.737,100.000,,,,,
4821,06/24/19 03:40:00 AM,23.713,100.000,,,,,
4822,06/24/19 03:45:00 AM,23.713,100.000,,,,,
4823,06/24/19 03:50:00 AM,23.665,100.000,,,,,
4824,06/24/19 03:55:00 AM,23.665,100.000,,,,,
4825,06/24/19 04:00:00 AM,23.641,100.000,,,,,
4826,06/24/19 04:05:00 AM,23.617,100.000,,,,,
4827,06/24/19 04:10:00 AM,23.593,100.000,,,,,
4828,06/24/19 04:15:00 AM,23.569,100.000,,,,,
4829,06/24/19 04:20:00 AM,23.569,100.000,,,,,
4830,06/24/19 04:25:00 AM,23.545,100.000,,,,,
4831,06/24/19 04:30:00 AM,23.521,100.000,,,,,
4832,06/24/19 04:35:00 AM,23.497,100.000,,,,,
4833,06/24/19 04:40:00 AM,23.448,100.000,,,,,
4834,06/24/19 04:45:00 AM,23.376,100.000,,,,,
4835,06/24/19 04:50:00 AM,23.328,100.000,,,,,
4836,06/24/19 04:55:00 AM,23.256,100.000,,,,,
4837,06/24/19 05:00:00 AM,23.232,100.000,,,,,
4838,06/24/19 05:05:00 AM,23.184,100.000,,,,,
4839,06/24/19 05:10:00 AM,23.184,100.000,,,,,
4840,06/24/19 05:15:00 AM,23.160,100.000,,,,,
4841,06/24/19 05:20:00 AM,23.160,100.000,,,,,
4842,06/24/19 05:25:00 AM,23.184,100.000,,,,,
4843,06/24/19 05:30:00 AM,23.232,100.000,,,,,
4844,06/24/19 05:35:00 AM,23.280,100.000,,,,,
4845,06/24/19 05:40:00 AM,23.256,100.000,,,,,
4846,06/24/19 05:45:00 AM,23.184,100.000,,,,,
4847,06/24/19 05:50:00 AM,23.208,100.000,,,,,
4848,06/24/19 05:55:00 AM,23.232,100.000,,,,,
4849,06/24/19 06:00:00 AM,23.160,100.000,,,,,
4850,06/24/19 06:05:00 AM,23.136,100.000,,,,,
4851,06/24/19 06:10:00 AM,23.088,100.000,,,,,
4852,06/24/19 06:15:00 AM,23.064,100.000,,,,,
4853,06/24/19 06:20:00 AM,23.088,100.000,,,,,
4854,06/24/19 06:25:00 AM,23.064,100.000,,,,,
4855,06/24/19 06:30:00 AM,23.064,100.000,,,,,
4856,06/24/19 06:35:00 AM,23.040,100.000,,,,,
4857,06/24/19 06:40:00 AM,22.968,100.000,,,,,
4858,06/24/19 06:45:00 AM,22.896,100.000,,,,,
4859,06/24/19 06:50:00 AM,22.848,100.000,,,,,
4860,06/24/19 06:55:00 AM,22.872,100.000,,,,,
4861,06/24/19 07:00:00 AM,22.944,100.000,,,,,
4862,06/24/19 07:05:00 AM,22.944,100.000,,,,,
4863,06/24/19 07:10:00 AM,22.944,100.000,,,,,
4864,06/24/19 07:15:00 AM,22.896,100.000,,,,,
4865,06/24/19 07:20:00 AM,22.896,100.000,,,,,
4866,06/24/19 07:25:00 AM,22.920,100.000,,,,,
4867,06/24/19 07:30:00 AM,22.992,100.000,,,,,
4868,06/24/19 07:35:00 AM,23.040,100.000,,,,,
4869,06/24/19 07:40:00 AM,23.136,100.000,,,,,
4870,06/24/19 07:45:00 AM,23.232,100.000,,,,,
4871,06/24/19 07:50:00 AM,23.304,100.000,,,,,
4872,06/24/19 07:55:00 AM,23.400,100.000,,,,,
4873,06/24/19 08:00:00 AM,23.497,100.000,,,,,
4874,06/24/19 08:05:00 AM,23.593,100.000,,,,,
4875,06/24/19 08:10:00 AM,23.713,100.000,,,,,
4876,06/24/19 08:15:00 AM,23.833,100.000,,,,,
4877,06/24/19 08:20:00 AM,23.978,100.000,,,,,
4878,06/24/19 08:25:00 AM,24.146,100.000,,,,,
4879,06/24/19 08:30:00 AM,24.291,100.000,,,,,
4880,06/24/19 08:35:00 AM,24.460,100.000,,,,,
4881,06/24/19 08:40:00 AM,24.581,100.000,,,,,
4882,06/24/19 08:45:00 AM,24.726,100.000,,,,,
4883,06/24/19 08:50:00 AM,24.871,100.000,,,,,
4884,06/24/19 08:55:00 AM,24.992,100.000,,,,,
4885,06/24/19 09:00:00 AM,25.137,100.000,,,,,
4886,06/24/19 09:05:00 AM,25.283,100.000,,,,,
4887,06/24/19 09:10:00 AM,25.453,100.000,,,,,
4888,06/24/19 09:15:00 AM,25.623,100.000,,,,,
4889,06/24/19 09:20:00 AM,25.817,100.000,,,,,
4890,06/24/19 09:25:00 AM,25.963,100.000,,,,,
4891,06/24/19 09:30:00 AM,26.085,100.000,,,,,
4892,06/24/19 09:35:00 AM,26.231,100.000,,,,,
4893,06/24/19 09:40:00 AM,26.402,100.000,,,,,
4894,06/24/19 09:45:00 AM,26.451,100.000,,,,,
4895,06/24/19 09:50:00 AM,26.524,100.000,,,,,
4896,06/24/19 09:55:00 AM,26.573,100.000,,,,,
4897,06/24/19 10:00:00 AM,26.671,100.000,,,,,
4898,06/24/19 10:05:00 AM,26.793,100.000,,,,,
4899,06/24/19 10:10:00 AM,26.842,100.000,,,,,
4900,06/24/19 10:15:00 AM,26.989,100.000,,,,,
4901,06/24/19 10:20:00 AM,27.112,100.000,,,,,
4902,06/24/19 10:25:00 AM,27.210,100.000,,,,,
4903,06/24/19 10:30:00 AM,27.284,100.000,,,,,
4904,06/24/19 10:35:00 AM,27.382,100.000,,,,,
4905,06/24/19 10:40:00 AM,27.530,100.000,,,,,
4906,06/24/19 10:45:00 AM,27.604,100.000,,,,,
4907,06/24/19 10:50:00 AM,27.653,100.000,,,,,
4908,06/24/19 10:55:00 AM,27.727,100.000,,,,,
4909,06/24/19 11:00:00 AM,27.850,100.000,,,,,
4910,06/24/19 11:05:00 AM,27.998,100.000,,,,,
4911,06/24/19 11:10:00 AM,28.072,100.000,,,,,
4912,06/24/19 11:15:00 AM,28.221,100.000,,,,,
4913,06/24/19 11:20:00 AM,28.444,99.516,,,,,
4914,06/24/19 11:25:00 AM,28.593,98.937,,,,,
4915,06/24/19 11:30:00 AM,28.717,98.566,,,,,
4916,06/24/19 11:35:00 AM,28.866,97.902,,,,,
4917,06/24/19 11:40:00 AM,29.015,97.372,,,,,
4918,06/24/19 11:45:00 AM,29.165,96.513,,,,,
4919,06/24/19 11:50:00 AM,29.365,96.455,,,,,
4920,06/24/19 11:55:00 AM,29.439,95.763,,,,,
4921,06/24/19 12:00:00 PM,29.490,95.338,,,,,
4922,06/24/19 12:05:00 PM,29.590,95.006,,,,,
4923,06/24/19 12:10:00 PM,29.715,94.900,,,,,
4924,06/24/19 12:15:00 PM,29.840,94.325,,,,,
4925,06/24/19 12:20:00 PM,29.991,94.197,,,,,
4926,06/24/19 12:25:00 PM,30.142,93.764,,,,,
4927,06/24/19 12:30:00 PM,30.268,93.712,,,,,
4928,06/24/19 12:35:00 PM,30.444,93.118,,,,,
4929,06/24/19 12:40:00 PM,30.545,92.558,,,,,
4930,06/24/19 12:45:00 PM,30.621,92.018,,,,,
4931,06/24/19 12:50:00 PM,30.646,91.577,,,,,
4932,06/24/19 12:55:00 PM,30.697,91.533,,,,,
4933,06/24/19 01:00:00 PM,30.748,90.367,,,,,
4934,06/24/19 01:05:00 PM,30.773,90.935,,,,,
4935,06/24/19 01:10:00 PM,30.900,90.796,,,,,
4936,06/24/19 01:15:00 PM,31.001,90.370,,,,,
4937,06/24/19 01:20:00 PM,31.077,89.909,,,,,
4938,06/24/19 01:25:00 PM,31.153,89.333,,,,,
4939,06/24/19 01:30:00 PM,31.357,88.814,,,,,
4940,06/24/19 01:35:00 PM,31.535,88.458,,,,,
4941,06/24/19 01:40:00 PM,31.561,88.520,,,,,
4942,06/24/19 01:45:00 PM,31.510,88.309,,,,,
4943,06/24/19 01:50:00 PM,31.637,87.626,,,,,
4944,06/24/19 01:55:00 PM,31.868,86.534,,,,,
4945,06/24/19 02:00:00 PM,31.842,86.729,,,,,
4946,06/24/19 02:05:00 PM,31.663,87.118,,,,,
4947,06/24/19 02:10:00 PM,31.765,87.313,,,,,
4948,06/24/19 02:15:00 PM,32.278,86.224,,,,,
4949,06/24/19 02:20:00 PM,32.794,84.142,,,,,
4950,06/24/19 02:25:00 PM,32.975,83.483,,,,,
4951,06/24/19 02:30:00 PM,33.079,83.447,,,,,
4952,06/24/19 02:35:00 PM,33.469,81.422,,,,,
4953,06/24/19 02:40:00 PM,34.097,80.254,,,,,
4954,06/24/19 02:45:00 PM,34.466,79.796,,,,,
4955,06/24/19 02:50:00 PM,34.810,78.884,,,,,
4956,06/24/19 02:55:00 PM,35.049,77.647,,,,,
4957,06/24/19 03:00:00 PM,35.422,76.608,,,,,
4958,06/24/19 03:05:00 PM,35.689,75.936,,,,,
4959,06/24/19 03:10:00 PM,35.475,75.683,,,,,
4960,06/24/19 03:15:00 PM,35.128,76.340,,,,,
4961,06/24/19 03:20:00 PM,35.208,76.386,,,,,
4962,06/24/19 03:25:00 PM,35.342,76.201,,,,,
4963,06/24/19 03:30:00 PM,35.342,75.959,,,,,
4964,06/24/19 03:35:00 PM,35.235,76.331,,,,,
4965,06/24/19 03:40:00 PM,35.155,75.803,,,,,
4966,06/24/19 03:45:00 PM,35.049,76.264,,,,,
4967,06/24/19 03:50:00 PM,34.810,76.458,,,,,
4968,06/24/19 03:55:00 PM,34.651,77.747,,,,,
4969,06/24/19 04:00:00 PM,34.492,77.237,,,,,
4970,06/24/19 04:05:00 PM,34.334,77.624,,,,,
4971,06/24/19 04:10:00 PM,34.229,77.753,,,,,
4972,06/24/19 04:15:00 PM,33.861,78.871,,,,,
4973,06/24/19 04:20:00 PM,33.600,79.056,,,,,
4974,06/24/19 04:25:00 PM,33.495,79.420,,,,,
4975,06/24/19 04:30:00 PM,33.600,79.737,,,,,
4976,06/24/19 04:35:00 PM,33.600,78.937,,,,,
4977,06/24/19 04:40:00 PM,33.626,78.556,,,,,
4978,06/24/19 04:45:00 PM,33.600,79.085,,,,,
4979,06/24/19 04:50:00 PM,33.678,79.339,,,,,
4980,06/24/19 04:55:00 PM,33.626,80.039,,,,,
4981,06/24/19 05:00:00 PM,33.391,79.990,,,,,
4982,06/24/19 05:05:00 PM,33.391,80.108,,,,,
4983,06/24/19 05:10:00 PM,33.548,80.141,,,,,
4984,06/24/19 05:15:00 PM,33.678,79.753,,,,,
4985,06/24/19 05:20:00 PM,33.809,79.721,,,,,
4986,06/24/19 05:25:00 PM,33.730,79.942,,,,,
4987,06/24/19 05:30:00 PM,33.548,79.934,,,,,
4988,06/24/19 05:35:00 PM,33.600,80.476,,,,,
4989,06/24/19 05:40:00 PM,33.730,79.912,,,,,
4990,06/24/19 05:45:00 PM,33.835,78.836,,,,,
4991,06/24/19 05:50:00 PM,33.887,80.063,,,,,
4992,06/24/19 05:55:00 PM,33.861,80.205,,,,,
4993,06/24/19 06:00:00 PM,33.704,80.025,,,,,
4994,06/24/19 06:05:00 PM,33.469,80.567,,,,,
4995,06/24/19 06:10:00 PM,33.209,81.308,,,,,
4996,06/24/19 06:15:00 PM,32.949,82.251,,,,,
4997,06/24/19 06:20:00 PM,32.820,82.633,,,,,
4998,06/24/19 06:25:00 PM,32.691,82.897,,,,,
4999,06/24/19 06:30:00 PM,32.484,83.377,,,,,
5000,06/24/19 06:35:00 PM,32.304,84.006,,,,,
5001,06/24/19 06:40:00 PM,32.124,84.575,,,,,
5002,06/24/19 06:45:00 PM,31.944,85.084,,,,,
5003,06/24/19 06:50:00 PM,31.714,84.832,,,,,
5004,06/24/19 06:55:00 PM,31.459,85.725,,,,,
5005,06/24/19 07:00:00 PM,31.331,86.299,,,,,
5006,06/24/19 07:05:00 PM,31.255,86.740,,,,,
5007,06/24/19 07:10:00 PM,31.153,87.031,,,,,
5008,06/24/19 07:15:00 PM,31.052,87.179,,,,,
5009,06/24/19 07:20:00 PM,30.900,87.316,,,,,
5010,06/24/19 07:25:00 PM,30.748,87.680,,,,,
5011,06/24/19 07:30:00 PM,30.621,87.793,,,,,
5012,06/24/19 07:35:00 PM,30.469,87.985,,,,,
5013,06/24/19 07:40:00 PM,30.318,88.630,,,,,
5014,06/24/19 07:45:00 PM,30.167,88.793,,,,,
5015,06/24/19 07:50:00 PM,30.066,89.305,,,,,
5016,06/24/19 07:55:00 PM,29.941,89.614,,,,,
5017,06/24/19 08:00:00 PM,29.840,90.096,,,,,
5018,06/24/19 08:05:00 PM,29.765,90.471,,,,,
5019,06/24/19 08:10:00 PM,29.715,90.487,,,,,
5020,06/24/19 08:15:00 PM,29.640,90.777,,,,,
5021,06/24/19 08:20:00 PM,29.590,91.128,,,,,
5022,06/24/19 08:25:00 PM,29.490,91.244,,,,,
5023,06/24/19 08:30:00 PM,29.414,91.560,,,,,
5024,06/24/19 08:35:00 PM,29.340,91.904,,,,,
5025,06/24/19 08:40:00 PM,29.240,92.074,,,,,
5026,06/24/19 08:45:00 PM,29.140,92.466,,,,,
5027,06/24/19 08:50:00 PM,29.040,92.719,,,,,
5028,06/24/19 08:55:00 PM,28.941,92.944,,,,,
5029,06/24/19 09:00:00 PM,28.841,93.195,,,,,
5030,06/24/19 09:05:00 PM,28.717,93.358,,,,,
5031,06/24/19 09:10:00 PM,28.642,93.588,,,,,
5032,06/24/19 09:15:00 PM,28.543,93.756,,,,,
5033,06/24/19 09:20:00 PM,28.444,93.951,,,,,
5034,06/24/19 09:25:00 PM,28.345,94.283,,,,,
5035,06/24/19 09:30:00 PM,28.245,94.478,,,,,
5036,06/24/19 09:35:00 PM,28.171,94.678,,,,,
5037,06/24/19 09:40:00 PM,28.122,94.939,,,,,
5038,06/24/19 09:45:00 PM,28.072,95.091,,,,,
5039,06/24/19 09:50:00 PM,28.023,95.242,,,,,
5040,06/24/19 09:55:00 PM,27.998,95.399,,,,,
5041,06/24/19 10:00:00 PM,27.949,95.550,,,,,
5042,06/24/19 10:05:00 PM,27.899,95.646,,,,,
5043,06/24/19 10:10:00 PM,27.850,95.797,,,,,
5044,06/24/19 10:15:00 PM,27.751,95.935,,,,,
5045,06/24/19 10:20:00 PM,27.702,96.086,,,,,
5046,06/24/19 10:25:00 PM,27.653,96.236,,,,,
5047,06/24/19 10:30:00 PM,27.628,96.365,,,,,
5048,06/24/19 10:35:00 PM,27.554,96.482,,,,,
5049,06/24/19 10:40:00 PM,27.505,96.604,,,,,
5050,06/24/19 10:45:00 PM,27.456,96.727,,,,,
5051,06/24/19 10:50:00 PM,27.431,96.856,,,,,
5052,06/24/19 10:55:00 PM,27.407,96.957,,,,,
5053,06/24/19 11:00:00 PM,27.382,97.005,,,,,
5054,06/24/19 11:05:00 PM,27.333,97.127,,,,,
5055,06/24/19 11:10:00 PM,27.284,97.222,,,,,
5056,06/24/19 11:15:00 PM,27.235,97.318,,,,,
5057,06/24/19 11:20:00 PM,27.210,97.446,,,,,
5058,06/24/19 11:25:00 PM,27.161,97.541,,,,,
5059,06/24/19 11:30:00 PM,27.136,97.642,,,,,
5060,06/24/19 11:35:00 PM,27.112,97.716,,,,,
5061,06/24/19 11:40:00 PM,27.063,97.811,,,,,
5062,06/24/19 11:45:00 PM,27.038,97.912,,,,,
5063,06/24/19 11:50:00 PM,27.014,97.986,,,,,
5064,06/24/19 11:55:00 PM,27.014,98.067,,,,,
5065,06/25/19 12:00:00 AM,26.965,98.134,,,,,
5066,06/25/19 12:05:00 AM,26.940,98.208,,,,,
5067,06/25/19 12:10:00 AM,26.916,98.309,,,,,
5068,06/25/19 12:15:00 AM,26.867,98.377,,,,,
5069,06/25/19 12:20:00 AM,26.818,98.444,,,,,
5070,06/25/19 12:25:00 AM,26.769,98.538,,,,,
5071,06/25/19 12:30:00 AM,26.720,98.686,,,,,
5072,06/25/19 12:35:00 AM,26.671,98.726,,,,,
5073,06/25/19 12:40:00 AM,26.622,98.820,,,,,
5074,06/25/19 12:45:00 AM,26.573,98.914,,,,,
5075,06/25/19 12:50:00 AM,26.524,99.008,,,,,
5076,06/25/19 12:55:00 AM,26.500,99.108,,,,,
5077,06/25/19 01:00:00 AM,26.451,99.175,,,,,
5078,06/25/19 01:05:00 AM,26.426,99.275,,,,,
5079,06/25/19 01:10:00 AM,26.378,99.342,,,,,
5080,06/25/19 01:15:00 AM,26.329,99.409,,,,,
5081,06/25/19 01:20:00 AM,26.304,99.509,,,,,
5082,06/25/19 01:25:00 AM,26.280,99.582,,,,,
5083,06/25/19 01:30:00 AM,26.256,99.628,,,,,
5084,06/25/19 01:35:00 AM,26.231,99.675,,,,,
5085,06/25/19 01:40:00 AM,26.207,99.775,,,,,
5086,06/25/19 01:45:00 AM,26.182,99.821,,,,,
5087,06/25/19 01:50:00 AM,26.134,99.861,,,,,
5088,06/25/19 01:55:00 AM,26.134,99.914,,,,,
5089,06/25/19 02:00:00 AM,26.109,99.987,,,,,
5090,06/25/19 02:05:00 AM,26.085,100.000,,,,,
5091,06/25/19 02:10:00 AM,26.061,100.000,,,,,
5092,06/25/19 02:15:00 AM,26.036,100.000,,,,,
5093,06/25/19 02:20:00 AM,25.987,100.000,,,,,
5094,06/25/19 02:25:00 AM,25.963,100.000,,,,,
5095,06/25/19 02:30:00 AM,25.939,100.000,,,,,
5096,06/25/19 02:35:00 AM,25.914,100.000,,,,,
5097,06/25/19 02:40:00 AM,25.890,100.000,,,,,
5098,06/25/19 02:45:00 AM,25.866,100.000,,,,,
5099,06/25/19 02:50:00 AM,25.817,100.000,,,,,
5100,06/25/19 02:55:00 AM,25.793,100.000,,,,,
5101,06/25/19 03:00:00 AM,25.744,100.000,,,,,
5102,06/25/19 03:05:00 AM,25.720,100.000,,,,,
5103,06/25/19 03:10:00 AM,25.695,100.000,,,,,
5104,06/25/19 03:15:00 AM,25.671,100.000,,,,,
5105,06/25/19 03:20:00 AM,25.647,100.000,,,,,
5106,06/25/19 03:25:00 AM,25.647,100.000,,,,,
5107,06/25/19 03:30:00 AM,25.647,100.000,,,,,
5108,06/25/19 03:35:00 AM,25.598,100.000,,,,,
5109,06/25/19 03:40:00 AM,25.598,100.000,,,,,
5110,06/25/19 03:45:00 AM,25.550,100.000,,,,,
5111,06/25/19 03:50:00 AM,25.525,100.000,,,,,
5112,06/25/19 03:55:00 AM,25.501,100.000,,,,,
5113,06/25/19 04:00:00 AM,25.477,100.000,,,,,
5114,06/25/19 04:05:00 AM,25.453,100.000,,,,,
5115,06/25/19 04:10:00 AM,25.453,100.000,,,,,
5116,06/25/19 04:15:00 AM,25.453,100.000,,,,,
5117,06/25/19 04:20:00 AM,25.453,100.000,,,,,
5118,06/25/19 04:25:00 AM,25.453,100.000,,,,,
5119,06/25/19 04:30:00 AM,25.453,100.000,,,,,
5120,06/25/19 04:35:00 AM,25.453,100.000,,,,,
5121,06/25/19 04:40:00 AM,25.453,100.000,,,,,
5122,06/25/19 04:45:00 AM,25.453,100.000,,,,,
5123,06/25/19 04:50:00 AM,25.453,100.000,,,,,
5124,06/25/19 04:55:00 AM,25.428,100.000,,,,,
5125,06/25/19 05:00:00 AM,25.428,100.000,,,,,
5126,06/25/19 05:05:00 AM,25.428,100.000,,,,,
5127,06/25/19 05:10:00 AM,25.404,100.000,,,,,
5128,06/25/19 05:15:00 AM,25.404,100.000,,,,,
5129,06/25/19 05:20:00 AM,25.404,100.000,,,,,
5130,06/25/19 05:25:00 AM,25.380,100.000,,,,,
5131,06/25/19 05:30:00 AM,25.380,100.000,,,,,
5132,06/25/19 05:35:00 AM,25.380,100.000,,,,,
5133,06/25/19 05:40:00 AM,25.355,100.000,,,,,
5134,06/25/19 05:45:00 AM,25.355,100.000,,,,,
5135,06/25/19 05:50:00 AM,25.331,100.000,,,,,
5136,06/25/19 05:55:00 AM,25.307,100.000,,,,,
5137,06/25/19 06:00:00 AM,25.283,100.000,,,,,
5138,06/25/19 06:05:00 AM,25.283,100.000,,,,,
5139,06/25/19 06:10:00 AM,25.283,100.000,,,,,
5140,06/25/19 06:15:00 AM,25.283,100.000,,,,,
5141,06/25/19 06:20:00 AM,25.307,100.000,,,,,
5142,06/25/19 06:25:00 AM,25.307,100.000,,,,,
5143,06/25/19 06:30:00 AM,25.307,100.000,,,,,
5144,06/25/19 06:35:00 AM,25.331,100.000,,,,,
5145,06/25/19 06:40:00 AM,25.331,100.000,,,,,
5146,06/25/19 06:45:00 AM,25.307,100.000,,,,,
5147,06/25/19 06:50:00 AM,25.331,100.000,,,,,
5148,06/25/19 06:55:00 AM,25.331,100.000,,,,,
5149,06/25/19 07:00:00 AM,25.331,100.000,,,,,
5150,06/25/19 07:05:00 AM,25.331,100.000,,,,,
5151,06/25/19 07:10:00 AM,25.307,100.000,,,,,
5152,06/25/19 07:15:00 AM,25.331,100.000,,,,,
5153,06/25/19 07:20:00 AM,25.355,100.000,,,,,
5154,06/25/19 07:25:00 AM,25.404,100.000,,,,,
5155,06/25/19 07:30:00 AM,25.428,100.000,,,,,
5156,06/25/19 07:35:00 AM,25.477,100.000,,,,,
5157,06/25/19 07:40:00 AM,25.525,100.000,,,,,
5158,06/25/19 07:45:00 AM,25.598,100.000,,,,,
5159,06/25/19 07:50:00 AM,25.647,100.000,,,,,
5160,06/25/19 07:55:00 AM,25.695,100.000,,,,,
5161,06/25/19 08:00:00 AM,25.768,100.000,,,,,
5162,06/25/19 08:05:00 AM,25.841,100.000,,,,,
5163,06/25/19 08:10:00 AM,25.939,100.000,,,,,
5164,06/25/19 08:15:00 AM,26.036,100.000,,,,,
5165,06/25/19 08:20:00 AM,26.134,100.000,,,,,
5166,06/25/19 08:25:00 AM,26.231,100.000,,,,,
5167,06/25/19 08:30:00 AM,26.329,100.000,,,,,
5168,06/25/19 08:35:00 AM,26.451,100.000,,,,,
5169,06/25/19 08:40:00 AM,26.549,100.000,,,,,
5170,06/25/19 08:45:00 AM,26.646,100.000,,,,,
5171,06/25/19 08:50:00 AM,26.769,100.000,,,,,
5172,06/25/19 08:55:00 AM,26.867,100.000,,,,,
5173,06/25/19 09:00:00 AM,26.965,100.000,,,,,
5174,06/25/19 09:05:00 AM,27.112,100.000,,,,,
5175,06/25/19 09:10:00 AM,27.259,100.000,,,,,
5176,06/25/19 09:15:00 AM,27.407,100.000,,,,,
5177,06/25/19 09:20:00 AM,27.505,100.000,,,,,
5178,06/25/19 09:25:00 AM,27.579,100.000,,,,,
5179,06/25/19 09:30:00 AM,27.677,100.000,,,,,
5180,06/25/19 09:35:00 AM,27.776,100.000,,,,,
5181,06/25/19 09:40:00 AM,27.875,99.954,,,,,
5182,06/25/19 09:45:00 AM,27.998,99.826,,,,,
5183,06/25/19 09:50:00 AM,28.122,99.591,,,,,
5184,06/25/19 09:55:00 AM,28.171,99.337,,,,,
5185,06/25/19 10:00:00 AM,28.270,99.309,,,,,
5186,06/25/19 10:05:00 AM,28.394,99.181,,,,,
5187,06/25/19 10:10:00 AM,28.468,98.878,,,,,
5188,06/25/19 10:15:00 AM,28.493,98.669,,,,,
5189,06/25/19 10:20:00 AM,28.543,98.574,,,,,
5190,06/25/19 10:25:00 AM,28.568,98.419,,,,,
5191,06/25/19 10:30:00 AM,28.593,98.156,,,,,
5192,06/25/19 10:35:00 AM,28.593,98.102,,,,,
5193,06/25/19 10:40:00 AM,28.617,97.946,,,,,
5194,06/25/19 10:45:00 AM,28.667,97.959,,,,,
5195,06/25/19 10:50:00 AM,28.717,97.647,,,,,
5196,06/25/19 10:55:00 AM,28.791,97.721,,,,,
5197,06/25/19 11:00:00 AM,28.891,97.367,,,,,
5198,06/25/19 11:05:00 AM,29.040,97.297,,,,,
5199,06/25/19 11:10:00 AM,29.240,97.077,,,,,
5200,06/25/19 11:15:00 AM,29.414,96.413,,,,,
5201,06/25/19 11:20:00 AM,29.590,96.130,,,,,
5202,06/25/19 11:25:00 AM,29.665,95.656,,,,,
5203,06/25/19 11:30:00 AM,29.690,95.443,,,,,
5204,06/25/19 11:35:00 AM,29.790,95.194,,,,,
5205,06/25/19 11:40:00 AM,29.941,94.874,,,,,
5206,06/25/19 11:45:00 AM,29.941,94.378,,,,,
5207,06/25/19 11:50:00 AM,30.016,94.314,,,,,
5208,06/25/19 11:55:00 AM,29.991,93.783,,,,,
5209,06/25/19 12:00:00 PM,30.016,93.982,,,,,
5210,06/25/19 12:05:00 PM,30.167,93.521,,,,,
5211,06/25/19 12:10:00 PM,30.192,92.834,,,,,
5212,06/25/19 12:15:00 PM,30.217,92.979,,,,,
5213,06/25/19 12:20:00 PM,30.293,92.830,,,,,
5214,06/25/19 12:25:00 PM,30.419,92.527,,,,,
5215,06/25/19 12:30:00 PM,30.545,92.195,,,,,
5216,06/25/19 12:35:00 PM,30.672,91.919,,,,,
5217,06/25/19 12:40:00 PM,30.798,91.165,,,,,
5218,06/25/19 12:45:00 PM,30.925,91.195,,,,,
5219,06/25/19 12:50:00 PM,31.026,90.714,,,,,
5220,06/25/19 12:55:00 PM,31.052,90.129,,,,,
5221,06/25/19 01:00:00 PM,31.077,90.247,,,,,
5222,06/25/19 01:05:00 PM,31.077,89.909,,,,,
5223,06/25/19 01:10:00 PM,31.128,89.412,,,,,
5224,06/25/19 01:15:00 PM,31.204,89.571,,,,,
5225,06/25/19 01:20:00 PM,31.357,88.814,,,,,
5226,06/25/19 01:25:00 PM,31.561,87.923,,,,,
5227,06/25/19 01:30:00 PM,31.612,88.191,,,,,
5228,06/25/19 01:35:00 PM,31.714,88.043,,,,,
5229,06/25/19 01:40:00 PM,31.816,87.553,,,,,
5230,06/25/19 01:45:00 PM,31.740,87.650,,,,,
5231,06/25/19 01:50:00 PM,31.637,87.512,,,,,
5232,06/25/19 01:55:00 PM,31.791,87.947,,,,,
5233,06/25/19 02:00:00 PM,32.098,86.471,,,,,
5234,06/25/19 02:05:00 PM,32.330,86.092,,,,,
5235,06/25/19 02:10:00 PM,32.433,85.798,,,,,
5236,06/25/19 02:15:00 PM,32.717,85.226,,,,,
5237,06/25/19 02:20:00 PM,32.872,84.507,,,,,
5238,06/25/19 02:25:00 PM,33.131,83.575,,,,,
5239,06/25/19 02:30:00 PM,33.495,83.507,,,,,
5240,06/25/19 02:35:00 PM,33.992,81.943,,,,,
5241,06/25/19 02:40:00 PM,34.387,81.260,,,,,
5242,06/25/19 02:45:00 PM,34.519,80.252,,,,,
5243,06/25/19 02:50:00 PM,34.229,80.784,,,,,
5244,06/25/19 02:55:00 PM,34.281,80.174,,,,,
5245,06/25/19 03:00:00 PM,34.019,79.912,,,,,
5246,06/25/19 03:05:00 PM,33.887,80.152,,,,,
5247,06/25/19 03:10:00 PM,33.940,80.133,,,,,
5248,06/25/19 03:15:00 PM,34.019,80.031,,,,,
5249,06/25/19 03:20:00 PM,34.150,79.672,,,,,
5250,06/25/19 03:25:00 PM,34.308,79.170,,,,,
5251,06/25/19 03:30:00 PM,34.519,78.796,,,,,
5252,06/25/19 03:35:00 PM,34.651,78.524,,,,,
5253,06/25/19 03:40:00 PM,34.440,79.077,,,,,
5254,06/25/19 03:45:00 PM,34.150,78.513,,,,,
5255,06/25/19 03:50:00 PM,34.019,79.467,,,,,
5256,06/25/19 03:55:00 PM,33.966,79.724,,,,,
5257,06/25/19 04:00:00 PM,33.783,80.100,,,,,
5258,06/25/19 04:05:00 PM,33.495,80.543,,,,,
5259,06/25/19 04:10:00 PM,33.157,81.444,,,,,
5260,06/25/19 04:15:00 PM,32.717,82.610,,,,,
5261,06/25/19 04:20:00 PM,32.330,83.634,,,,,
5262,06/25/19 04:25:00 PM,32.227,83.438,,,,,
5263,06/25/19 04:30:00 PM,32.433,83.395,,,,,
5264,06/25/19 04:35:00 PM,32.768,82.621,,,,,
5265,06/25/19 04:40:00 PM,32.924,82.655,,,,,
5266,06/25/19 04:45:00 PM,32.691,83.072,,,,,
5267,06/25/19 04:50:00 PM,32.304,83.338,,,,,
5268,06/25/19 04:55:00 PM,31.919,84.588,,,,,
5269,06/25/19 05:00:00 PM,31.637,85.276,,,,,
5270,06/25/19 05:05:00 PM,31.535,85.771,,,,,
5271,06/25/19 05:10:00 PM,31.561,85.834,,,,,
5272,06/25/19 05:15:00 PM,31.663,86.029,,,,,
5273,06/25/19 05:20:00 PM,31.868,85.356,,,,,
5274,06/25/19 05:25:00 PM,32.150,84.349,,,,,
5275,06/25/19 05:30:00 PM,32.433,84.411,,,,,
5276,06/25/19 05:35:00 PM,32.330,84.504,,,,,
5277,06/25/19 05:40:00 PM,32.047,85.280,,,,,
5278,06/25/19 05:45:00 PM,31.689,85.920,,,,,
5279,06/25/19 05:50:00 PM,31.331,86.500,,,,,
5280,06/25/19 05:55:00 PM,31.026,87.516,,,,,
5281,06/25/19 06:00:00 PM,30.748,88.049,,,,,
5282,06/25/19 06:05:00 PM,30.469,88.665,,,,,
5283,06/25/19 06:10:00 PM,30.243,89.403,,,,,
5284,06/25/19 06:15:00 PM,30.091,90.015,,,,,
5285,06/25/19 06:20:00 PM,29.941,89.698,,,,,
5286,06/25/19 06:25:00 PM,29.690,89.752,,,,,
5287,06/25/19 06:30:00 PM,29.490,90.685,,,,,
5288,06/25/19 06:35:00 PM,29.315,90.979,,,,,
5289,06/25/19 06:40:00 PM,29.165,91.277,,,,,
5290,06/25/19 06:45:00 PM,29.040,91.637,,,,,
5291,06/25/19 06:50:00 PM,28.941,92.057,,,,,
5292,06/25/19 06:55:00 PM,28.841,92.200,,,,,
5293,06/25/19 07:00:00 PM,28.742,92.508,,,,,
5294,06/25/19 07:05:00 PM,28.692,92.717,,,,,
5295,06/25/19 07:10:00 PM,28.593,92.803,,,,,
5296,06/25/19 07:15:00 PM,28.518,93.089,,,,,
5297,06/25/19 07:20:00 PM,28.394,92.755,,,,,
5298,06/25/19 07:25:00 PM,28.295,92.979,,,,,
5299,06/25/19 07:30:00 PM,28.221,93.318,,,,,
5300,06/25/19 07:35:00 PM,28.196,93.477,,,,,
5301,06/25/19 07:40:00 PM,28.196,93.615,,,,,
5302,06/25/19 07:45:00 PM,28.171,93.664,,,,,
5303,06/25/19 07:50:00 PM,28.171,93.746,,,,,
5304,06/25/19 07:55:00 PM,28.122,93.899,,,,,
5305,06/25/19 08:00:00 PM,28.023,93.984,,,,,
5306,06/25/19 08:05:00 PM,27.850,94.105,,,,,
5307,06/25/19 08:10:00 PM,27.702,94.615,,,,,
5308,06/25/19 08:15:00 PM,27.579,94.803,,,,,
5309,06/25/19 08:20:00 PM,27.456,94.990,,,,,
5310,06/25/19 08:25:00 PM,27.308,95.306,,,,,
5311,06/25/19 08:30:00 PM,27.186,95.574,,,,,
5312,06/25/19 08:35:00 PM,27.087,95.549,,,,,
5313,06/25/19 08:40:00 PM,26.989,95.795,,,,,
5314,06/25/19 08:45:00 PM,26.916,96.101,,,,,
5315,06/25/19 08:50:00 PM,26.867,96.413,,,,,
5316,06/25/19 08:55:00 PM,26.769,96.388,,,,,
5317,06/25/19 09:00:00 PM,26.720,96.726,,,,,
5318,06/25/19 09:05:00 PM,26.646,96.734,,,,,
5319,06/25/19 09:10:00 PM,26.573,96.958,,,,,
5320,06/25/19 09:15:00 PM,26.475,96.933,,,,,
5321,06/25/19 09:20:00 PM,26.378,97.149,,,,,
5322,06/25/19 09:25:00 PM,26.280,97.339,,,,,
5323,06/25/19 09:30:00 PM,26.231,97.594,,,,,
5324,06/25/19 09:35:00 PM,26.134,97.756,,,,,
5325,06/25/19 09:40:00 PM,26.109,98.044,,,,,
5326,06/25/19 09:45:00 PM,26.012,98.019,,,,,
5327,06/25/19 09:50:00 PM,25.939,98.213,,,,,
5328,06/25/19 09:55:00 PM,25.866,98.301,,,,,
5329,06/25/19 10:00:00 PM,25.793,98.335,,,,,
5330,06/25/19 10:05:00 PM,25.768,98.542,,,,,
5331,06/25/19 10:10:00 PM,25.744,98.589,,,,,
5332,06/25/19 10:15:00 PM,25.744,98.695,,,,,
5333,06/25/19 10:20:00 PM,25.695,98.789,,,,,
5334,06/25/19 10:25:00 PM,25.720,98.822,,,,,
5335,06/25/19 10:30:00 PM,25.744,98.748,,,,,
5336,06/25/19 10:35:00 PM,25.768,98.781,,,,,
5337,06/25/19 10:40:00 PM,25.793,98.761,,,,,
5338,06/25/19 10:45:00 PM,25.744,98.695,,,,,
5339,06/25/19 10:50:00 PM,25.671,98.968,,,,,
5340,06/25/19 10:55:00 PM,25.501,98.764,,,,,
5341,06/25/19 11:00:00 PM,25.283,98.945,,,,,
5342,06/25/19 11:05:00 PM,25.040,99.357,,,,,
5343,06/25/19 11:10:00 PM,24.823,99.590,,,,,
5344,06/25/19 11:15:00 PM,24.653,99.940,,,,,
5345,06/25/19 11:20:00 PM,24.581,100.000,,,,,
5346,06/25/19 11:25:00 PM,24.532,100.000,,,,,
5347,06/25/19 11:30:00 PM,24.484,100.000,,,,,
5348,06/25/19 11:35:00 PM,24.412,100.000,,,,,
5349,06/25/19 11:40:00 PM,24.339,100.000,,,,,
5350,06/25/19 11:45:00 PM,24.291,100.000,,,,,
5351,06/25/19 11:50:00 PM,24.291,100.000,,,,,
5352,06/25/19 11:55:00 PM,24.219,100.000,,,,,
5353,06/26/19 12:00:00 AM,24.122,100.000,,,,,
5354,06/26/19 12:05:00 AM,24.098,100.000,,,,,
5355,06/26/19 12:10:00 AM,24.050,100.000,,,,,
5356,06/26/19 12:15:00 AM,24.050,100.000,,,,,
5357,06/26/19 12:20:00 AM,24.026,100.000,,,,,
5358,06/26/19 12:25:00 AM,24.002,100.000,,,,,
5359,06/26/19 12:30:00 AM,23.954,100.000,,,,,
5360,06/26/19 12:35:00 AM,23.930,100.000,,,,,
5361,06/26/19 12:40:00 AM,23.881,100.000,,,,,
5362,06/26/19 12:45:00 AM,23.857,100.000,,,,,
5363,06/26/19 12:50:00 AM,23.857,100.000,,,,,
5364,06/26/19 12:55:00 AM,23.809,100.000,,,,,
5365,06/26/19 01:00:00 AM,23.785,100.000,,,,,
5366,06/26/19 01:05:00 AM,23.737,100.000,,,,,
5367,06/26/19 01:10:00 AM,23.713,100.000,,,,,
5368,06/26/19 01:15:00 AM,23.737,100.000,,,,,
5369,06/26/19 01:20:00 AM,23.689,100.000,,,,,
5370,06/26/19 01:25:00 AM,23.713,100.000,,,,,
5371,06/26/19 01:30:00 AM,23.689,100.000,,,,,
5372,06/26/19 01:35:00 AM,23.713,100.000,,,,,
5373,06/26/19 01:40:00 AM,23.689,100.000,,,,,
5374,06/26/19 01:45:00 AM,23.713,100.000,,,,,
5375,06/26/19 01:50:00 AM,23.689,100.000,,,,,
5376,06/26/19 01:55:00 AM,23.689,100.000,,,,,
5377,06/26/19 02:00:00 AM,23.665,100.000,,,,,
5378,06/26/19 02:05:00 AM,23.665,100.000,,,,,
5379,06/26/19 02:10:00 AM,23.665,100.000,,,,,
5380,06/26/19 02:15:00 AM,23.641,100.000,,,,,
5381,06/26/19 02:20:00 AM,23.617,100.000,,,,,
5382,06/26/19 02:25:00 AM,23.665,100.000,,,,,
5383,06/26/19 02:30:00 AM,23.689,100.000,,,,,
5384,06/26/19 02:35:00 AM,23.665,100.000,,,,,
5385,06/26/19 02:40:00 AM,23.689,100.000,,,,,
5386,06/26/19 02:45:00 AM,23.713,100.000,,,,,
5387,06/26/19 02:50:00 AM,23.713,100.000,,,,,
5388,06/26/19 02:55:00 AM,23.689,100.000,,,,,
5389,06/26/19 03:00:00 AM,23.617,100.000,,,,,
5390,06/26/19 03:05:00 AM,23.569,100.000,,,,,
5391,06/26/19 03:10:00 AM,23.569,100.000,,,,,
5392,06/26/19 03:15:00 AM,23.569,100.000,,,,,
5393,06/26/19 03:20:00 AM,23.569,100.000,,,,,
5394,06/26/19 03:25:00 AM,23.617,100.000,,,,,
5395,06/26/19 03:30:00 AM,23.641,100.000,,,,,
5396,06/26/19 03:35:00 AM,23.569,100.000,,,,,
5397,06/26/19 03:40:00 AM,23.545,100.000,,,,,
5398,06/26/19 03:45:00 AM,23.521,100.000,,,,,
5399,06/26/19 03:50:00 AM,23.545,100.000,,,,,
5400,06/26/19 03:55:00 AM,23.521,100.000,,,,,
5401,06/26/19 04:00:00 AM,23.521,100.000,,,,,
5402,06/26/19 04:05:00 AM,23.521,100.000,,,,,
5403,06/26/19 04:10:00 AM,23.497,100.000,,,,,
5404,06/26/19 04:15:00 AM,23.472,100.000,,,,,
5405,06/26/19 04:20:00 AM,23.424,100.000,,,,,
5406,06/26/19 04:25:00 AM,23.424,100.000,,,,,
5407,06/26/19 04:30:00 AM,23.472,100.000,,,,,
5408,06/26/19 04:35:00 AM,23.497,100.000,,,,,
5409,06/26/19 04:40:00 AM,23.497,100.000,,,,,
5410,06/26/19 04:45:00 AM,23.497,100.000,,,,,
5411,06/26/19 04:50:00 AM,23.521,100.000,,,,,
5412,06/26/19 04:55:00 AM,23.497,100.000,,,,,
5413,06/26/19 05:00:00 AM,23.497,100.000,,,,,
5414,06/26/19 05:05:00 AM,23.472,100.000,,,,,
5415,06/26/19 05:10:00 AM,23.448,100.000,,,,,
5416,06/26/19 05:15:00 AM,23.424,100.000,,,,,
5417,06/26/19 05:20:00 AM,23.424,100.000,,,,,
5418,06/26/19 05:25:00 AM,23.448,100.000,,,,,
5419,06/26/19 05:30:00 AM,23.400,100.000,,,,,
5420,06/26/19 05:35:00 AM,23.376,100.000,,,,,
5421,06/26/19 05:40:00 AM,23.328,100.000,,,,,
5422,06/26/19 05:45:00 AM,23.304,100.000,,,,,
5423,06/26/19 05:50:00 AM,23.352,100.000,,,,,
5424,06/26/19 05:55:00 AM,23.352,100.000,,,,,
5425,06/26/19 06:00:00 AM,23.328,100.000,,,,,
5426,06/26/19 06:05:00 AM,23.280,100.000,,,,,
5427,06/26/19 06:10:00 AM,23.232,100.000,,,,,
5428,06/26/19 06:15:00 AM,23.256,100.000,,,,,
5429,06/26/19 06:20:00 AM,23.232,100.000,,,,,
5430,06/26/19 06:25:00 AM,23.112,100.000,,,,,
5431,06/26/19 06:30:00 AM,23.088,100.000,,,,,
5432,06/26/19 06:35:00 AM,23.040,100.000,,,,,
5433,06/26/19 06:40:00 AM,23.040,100.000,,,,,
5434,06/26/19 06:45:00 AM,22.992,100.000,,,,,
5435,06/26/19 06:50:00 AM,22.944,100.000,,,,,
5436,06/26/19 06:55:00 AM,22.920,100.000,,,,,
5437,06/26/19 07:00:00 AM,22.920,100.000,,,,,
5438,06/26/19 07:05:00 AM,22.944,100.000,,,,,
5439,06/26/19 07:10:00 AM,22.992,100.000,,,,,
5440,06/26/19 07:15:00 AM,23.040,100.000,,,,,
5441,06/26/19 07:20:00 AM,23.088,100.000,,,,,
5442,06/26/19 07:25:00 AM,23.160,100.000,,,,,
5443,06/26/19 07:30:00 AM,23.208,100.000,,,,,
5444,06/26/19 07:35:00 AM,23.280,100.000,,,,,
5445,06/26/19 07:40:00 AM,23.400,100.000,,,,,
5446,06/26/19 07:45:00 AM,23.497,100.000,,,,,
5447,06/26/19 07:50:00 AM,23.593,100.000,,,,,
5448,06/26/19 07:55:00 AM,23.665,100.000,,,,,
5449,06/26/19 08:00:00 AM,23.761,100.000,,,,,
5450,06/26/19 08:05:00 AM,23.809,100.000,,,,,
5451,06/26/19 08:10:00 AM,23.881,100.000,,,,,
5452,06/26/19 08:15:00 AM,23.978,100.000,,,,,
5453,06/26/19 08:20:00 AM,24.074,100.000,,,,,
5454,06/26/19 08:25:00 AM,24.171,100.000,,,,,
5455,06/26/19 08:30:00 AM,24.267,100.000,,,,,
5456,06/26/19 08:35:00 AM,24.363,100.000,,,,,
5457,06/26/19 08:40:00 AM,24.460,100.000,,,,,
5458,06/26/19 08:45:00 AM,24.581,100.000,,,,,
5459,06/26/19 08:50:00 AM,24.677,100.000,,,,,
5460,06/26/19 08:55:00 AM,24.823,100.000,,,,,
5461,06/26/19 09:00:00 AM,24.968,100.000,,,,,
5462,06/26/19 09:05:00 AM,25.113,100.000,,,,,
5463,06/26/19 09:10:00 AM,25.234,100.000,,,,,
5464,06/26/19 09:15:00 AM,25.380,100.000,,,,,
5465,06/26/19 09:20:00 AM,25.550,100.000,,,,,
5466,06/26/19 09:25:00 AM,25.671,100.000,,,,,
5467,06/26/19 09:30:00 AM,25.768,100.000,,,,,
5468,06/26/19 09:35:00 AM,25.939,100.000,,,,,
5469,06/26/19 09:40:00 AM,26.158,100.000,,,,,
5470,06/26/19 09:45:00 AM,26.329,100.000,,,,,
5471,06/26/19 09:50:00 AM,26.426,100.000,,,,,
5472,06/26/19 09:55:00 AM,26.549,100.000,,,,,
5473,06/26/19 10:00:00 AM,26.671,100.000,,,,,
5474,06/26/19 10:05:00 AM,26.744,100.000,,,,,
5475,06/26/19 10:10:00 AM,26.891,100.000,,,,,
5476,06/26/19 10:15:00 AM,27.014,100.000,,,,,
5477,06/26/19 10:20:00 AM,27.112,100.000,,,,,
5478,06/26/19 10:25:00 AM,27.186,100.000,,,,,
5479,06/26/19 10:30:00 AM,27.308,100.000,,,,,
5480,06/26/19 10:35:00 AM,27.431,100.000,,,,,
5481,06/26/19 10:40:00 AM,27.554,100.000,,,,,
5482,06/26/19 10:45:00 AM,27.702,100.000,,,,,
5483,06/26/19 10:50:00 AM,27.825,99.486,,,,,
5484,06/26/19 10:55:00 AM,27.974,98.425,,,,,
5485,06/26/19 11:00:00 AM,28.171,97.776,,,,,
5486,06/26/19 11:05:00 AM,28.394,97.076,,,,,
5487,06/26/19 11:10:00 AM,28.617,96.264,,,,,
5488,06/26/19 11:15:00 AM,28.841,95.940,,,,,
5489,06/26/19 11:20:00 AM,29.040,95.005,,,,,
5490,06/26/19 11:25:00 AM,29.215,94.692,,,,,
5491,06/26/19 11:30:00 AM,29.365,94.180,,,,,
5492,06/26/19 11:35:00 AM,29.414,93.944,,,,,
5493,06/26/19 11:40:00 AM,29.414,93.944,,,,,
5494,06/26/19 11:45:00 AM,29.464,93.127,,,,,
5495,06/26/19 11:50:00 AM,29.665,92.788,,,,,
5496,06/26/19 11:55:00 AM,29.740,92.585,,,,,
5497,06/26/19 12:00:00 PM,29.890,92.732,,,,,
5498,06/26/19 12:05:00 PM,30.066,91.829,,,,,
5499,06/26/19 12:10:00 PM,30.142,89.999,,,,,
5500,06/26/19 12:15:00 PM,30.243,90.022,,,,,
5501,06/26/19 12:20:00 PM,30.268,90.674,,,,,
5502,06/26/19 12:25:00 PM,30.369,90.165,,,,,
5503,06/26/19 12:30:00 PM,30.469,90.301,,,,,
5504,06/26/19 12:35:00 PM,30.444,89.309,,,,,
5505,06/26/19 12:40:00 PM,30.369,89.348,,,,,
5506,06/26/19 12:45:00 PM,30.419,89.557,,,,,
5507,06/26/19 12:50:00 PM,30.469,89.230,,,,,
5508,06/26/19 12:55:00 PM,30.520,89.129,,,,,
5509,06/26/19 01:00:00 PM,30.545,89.305,,,,,
5510,06/26/19 01:05:00 PM,30.646,88.819,,,,,
5511,06/26/19 01:10:00 PM,30.773,87.372,,,,,
5512,06/26/19 01:15:00 PM,30.874,87.111,,,,,
5513,06/26/19 01:20:00 PM,31.026,86.460,,,,,
5514,06/26/19 01:25:00 PM,31.179,85.864,,,,,
5515,06/26/19 01:30:00 PM,31.255,85.737,,,,,
5516,06/26/19 01:35:00 PM,31.331,85.266,,,,,
5517,06/26/19 01:40:00 PM,31.459,84.804,,,,,
5518,06/26/19 01:45:00 PM,31.612,83.971,,,,,
5519,06/26/19 01:50:00 PM,31.714,83.443,,,,,
5520,06/26/19 01:55:00 PM,31.944,83.318,,,,,
5521,06/26/19 02:00:00 PM,32.227,81.395,,,,,
5522,06/26/19 02:05:00 PM,32.458,80.446,,,,,
5523,06/26/19 02:10:00 PM,32.794,80.044,,,,,
5524,06/26/19 02:15:00 PM,33.131,79.286,,,,,
5525,06/26/19 02:20:00 PM,32.949,77.289,,,,,
5526,06/26/19 02:25:00 PM,33.027,76.827,,,,,
5527,06/26/19 02:30:00 PM,33.417,76.216,,,,,
5528,06/26/19 02:35:00 PM,33.914,75.562,,,,,
5529,06/26/19 02:40:00 PM,33.992,73.675,,,,,
5530,06/26/19 02:45:00 PM,33.783,73.393,,,,,
5531,06/26/19 02:50:00 PM,33.548,73.198,,,,,
5532,06/26/19 02:55:00 PM,33.339,74.247,,,,,
5533,06/26/19 03:00:00 PM,33.313,75.536,,,,,
5534,06/26/19 03:05:00 PM,33.183,75.840,,,,,
5535,06/26/19 03:10:00 PM,33.001,75.025,,,,,
5536,06/26/19 03:15:00 PM,33.053,74.011,,,,,
5537,06/26/19 03:20:00 PM,33.131,73.966,,,,,
5538,06/26/19 03:25:00 PM,33.209,74.463,,,,,
5539,06/26/19 03:30:00 PM,33.495,74.246,,,,,
5540,06/26/19 03:35:00 PM,33.809,71.849,,,,,
5541,06/26/19 03:40:00 PM,33.992,72.096,,,,,
5542,06/26/19 03:45:00 PM,34.071,71.775,,,,,
5543,06/26/19 03:50:00 PM,34.176,71.306,,,,,
5544,06/26/19 03:55:00 PM,34.176,72.404,,,,,
5545,06/26/19 04:00:00 PM,34.124,73.276,,,,,
5546,06/26/19 04:05:00 PM,34.045,73.564,,,,,
5547,06/26/19 04:10:00 PM,33.809,73.186,,,,,
5548,06/26/19 04:15:00 PM,33.521,73.889,,,,,
5549,06/26/19 04:20:00 PM,33.339,74.428,,,,,
5550,06/26/19 04:25:00 PM,33.183,74.337,,,,,
5551,06/26/19 04:30:00 PM,33.183,74.548,,,,,
5552,06/26/19 04:35:00 PM,33.365,74.433,,,,,
5553,06/26/19 04:40:00 PM,33.417,74.623,,,,,
5554,06/26/19 04:45:00 PM,33.548,73.107,,,,,
5555,06/26/19 04:50:00 PM,33.495,72.855,,,,,
5556,06/26/19 04:55:00 PM,33.521,72.586,,,,,
5557,06/26/19 05:00:00 PM,33.600,73.117,,,,,
5558,06/26/19 05:05:00 PM,33.574,72.231,,,,,
5559,06/26/19 05:10:00 PM,33.521,72.799,,,,,
5560,06/26/19 05:15:00 PM,33.521,73.193,,,,,
5561,06/26/19 05:20:00 PM,33.704,74.286,,,,,
5562,06/26/19 05:25:00 PM,33.835,73.978,,,,,
5563,06/26/19 05:30:00 PM,33.940,72.391,,,,,
5564,06/26/19 05:35:00 PM,33.940,71.263,,,,,
5565,06/26/19 05:40:00 PM,33.861,71.493,,,,,
5566,06/26/19 05:45:00 PM,33.835,71.945,,,,,
5567,06/26/19 05:50:00 PM,33.757,73.994,,,,,
5568,06/26/19 05:55:00 PM,33.704,74.739,,,,,
5569,06/26/19 06:00:00 PM,33.574,73.868,,,,,
5570,06/26/19 06:05:00 PM,33.391,74.226,,,,,
5571,06/26/19 06:10:00 PM,33.261,74.533,,,,,
5572,06/26/19 06:15:00 PM,33.105,75.315,,,,,
5573,06/26/19 06:20:00 PM,32.975,74.719,,,,,
5574,06/26/19 06:25:00 PM,32.820,75.650,,,,,
5575,06/26/19 06:30:00 PM,32.691,76.402,,,,,
5576,06/26/19 06:35:00 PM,32.562,76.944,,,,,
5577,06/26/19 06:40:00 PM,32.407,77.776,,,,,
5578,06/26/19 06:45:00 PM,32.227,77.413,,,,,
5579,06/26/19 06:50:00 PM,32.021,77.402,,,,,
5580,06/26/19 06:55:00 PM,31.842,77.870,,,,,
5581,06/26/19 07:00:00 PM,31.663,78.898,,,,,
5582,06/26/19 07:05:00 PM,31.510,79.603,,,,,
5583,06/26/19 07:10:00 PM,31.306,80.119,,,,,
5584,06/26/19 07:15:00 PM,31.128,80.580,,,,,
5585,06/26/19 07:20:00 PM,30.950,81.244,,,,,
5586,06/26/19 07:25:00 PM,30.748,81.230,,,,,
5587,06/26/19 07:30:00 PM,30.495,82.020,,,,,
5588,06/26/19 07:35:00 PM,30.293,82.788,,,,,
5589,06/26/19 07:40:00 PM,30.066,83.346,,,,,
5590,06/26/19 07:45:00 PM,29.865,84.080,,,,,
5591,06/26/19 07:50:00 PM,29.665,84.352,,,,,
5592,06/26/19 07:55:00 PM,29.490,85.229,,,,,
5593,06/26/19 08:00:00 PM,29.340,85.681,,,,,
5594,06/26/19 08:05:00 PM,29.165,86.126,,,,,
5595,06/26/19 08:10:00 PM,29.015,86.461,,,,,
5596,06/26/19 08:15:00 PM,28.866,86.938,,,,,
5597,06/26/19 08:20:00 PM,28.717,87.582,,,,,
5598,06/26/19 08:25:00 PM,28.543,87.965,,,,,
5599,06/26/19 08:30:00 PM,28.419,88.471,,,,,
5600,06/26/19 08:35:00 PM,28.295,88.891,,,,,
5601,06/26/19 08:40:00 PM,28.171,89.534,,,,,
5602,06/26/19 08:45:00 PM,27.998,89.661,,,,,
5603,06/26/19 08:50:00 PM,27.850,90.016,,,,,
5604,06/26/19 08:55:00 PM,27.677,90.421,,,,,
5605,06/26/19 09:00:00 PM,27.530,90.885,,,,,
5606,06/26/19 09:05:00 PM,27.431,91.360,,,,,
5607,06/26/19 09:10:00 PM,27.308,91.717,,,,,
5608,06/26/19 09:15:00 PM,27.186,91.853,,,,,
5609,06/26/19 09:20:00 PM,27.063,92.181,,,,,
5610,06/26/19 09:25:00 PM,26.916,92.503,,,,,
5611,06/26/19 09:30:00 PM,26.818,92.808,,,,,
5612,06/26/19 09:35:00 PM,26.720,93.140,,,,,
5613,06/26/19 09:40:00 PM,26.622,93.362,,,,,
5614,06/26/19 09:45:00 PM,26.524,93.338,,,,,
5615,06/26/19 09:50:00 PM,26.451,93.866,,,,,
5616,06/26/19 09:55:00 PM,26.378,94.229,,,,,
5617,06/26/19 10:00:00 PM,26.329,94.461,,,,,
5618,06/26/19 10:05:00 PM,26.280,94.639,,,,,
5619,06/26/19 10:10:00 PM,26.256,94.904,,,,,
5620,06/26/19 10:15:00 PM,26.182,94.750,,,,,
5621,06/26/19 10:20:00 PM,26.085,94.536,,,,,
5622,06/26/19 10:25:00 PM,25.987,95.270,,,,,
5623,06/26/19 10:30:00 PM,25.890,95.623,,,,,
5624,06/26/19 10:35:00 PM,25.841,95.881,,,,,
5625,06/26/19 10:40:00 PM,25.793,95.841,,,,,
5626,06/26/19 10:45:00 PM,25.744,96.071,,,,,
5627,06/26/19 10:50:00 PM,25.695,96.543,,,,,
5628,06/26/19 10:55:00 PM,25.671,96.725,,,,,
5629,06/26/19 11:00:00 PM,25.598,96.625,,,,,
5630,06/26/19 11:05:00 PM,25.550,96.881,,,,,
5631,06/26/19 11:10:00 PM,25.453,96.856,,,,,
5632,06/26/19 11:15:00 PM,25.404,97.218,,,,,
5633,06/26/19 11:20:00 PM,25.380,97.479,,,,,
5634,06/26/19 11:25:00 PM,25.307,97.434,,,,,
5635,06/26/19 11:30:00 PM,25.234,97.655,,,,,
5636,06/26/19 11:35:00 PM,25.234,97.922,,,,,
5637,06/26/19 11:40:00 PM,25.210,97.862,,,,,
5638,06/26/19 11:45:00 PM,25.186,98.069,,,,,
5639,06/26/19 11:50:00 PM,25.137,98.109,,,,,
5640,06/26/19 11:55:00 PM,25.065,98.196,,,,,
5641,06/27/19 12:00:00 AM,24.992,98.284,,,,,
5642,06/27/19 12:05:00 AM,24.944,98.404,,,,,
5643,06/27/19 12:10:00 AM,24.895,98.524,,,,,
5644,06/27/19 12:15:00 AM,24.871,98.597,,,,,
5645,06/27/19 12:20:00 AM,24.871,98.836,,,,,
5646,06/27/19 12:25:00 AM,24.823,98.849,,,,,
5647,06/27/19 12:30:00 AM,24.774,98.889,,,,,
5648,06/27/19 12:35:00 AM,24.677,99.022,,,,,
5649,06/27/19 12:40:00 AM,24.629,99.195,,,,,
5650,06/27/19 12:45:00 AM,24.605,99.294,,,,,
5651,06/27/19 12:50:00 AM,24.557,99.360,,,,,
5652,06/27/19 12:55:00 AM,24.532,99.486,,,,,
5653,06/27/19 01:00:00 AM,24.532,99.538,,,,,
5654,06/27/19 01:05:00 AM,24.484,99.578,,,,,
5655,06/27/19 01:10:00 AM,24.436,99.618,,,,,
5656,06/27/19 01:15:00 AM,24.436,99.671,,,,,
5657,06/27/19 01:20:00 AM,24.412,99.717,,,,,
5658,06/27/19 01:25:00 AM,24.388,99.921,,,,,
5659,06/27/19 01:30:00 AM,24.339,100.000,,,,,
5660,06/27/19 01:35:00 AM,24.267,99.941,,,,,
5661,06/27/19 01:40:00 AM,24.219,99.981,,,,,
5662,06/27/19 01:45:00 AM,24.195,100.000,,,,,
5663,06/27/19 01:50:00 AM,24.195,100.000,,,,,
5664,06/27/19 01:55:00 AM,24.219,100.000,,,,,
5665,06/27/19 02:00:00 AM,24.219,100.000,,,,,
5666,06/27/19 02:05:00 AM,24.219,100.000,,,,,
5667,06/27/19 02:10:00 AM,24.219,100.000,,,,,
5668,06/27/19 02:15:00 AM,24.146,100.000,,,,,
5669,06/27/19 02:20:00 AM,24.050,100.000,,,,,
5670,06/27/19 02:25:00 AM,24.002,100.000,,,,,
5671,06/27/19 02:30:00 AM,23.930,100.000,,,,,
5672,06/27/19 02:35:00 AM,23.930,100.000,,,,,
5673,06/27/19 02:40:00 AM,23.930,100.000,,,,,
5674,06/27/19 02:45:00 AM,23.905,100.000,,,,,
5675,06/27/19 02:50:00 AM,23.857,100.000,,,,,
5676,06/27/19 02:55:00 AM,23.833,100.000,,,,,
5677,06/27/19 03:00:00 AM,23.857,100.000,,,,,
5678,06/27/19 03:05:00 AM,23.857,100.000,,,,,
5679,06/27/19 03:10:00 AM,23.857,100.000,,,,,
5680,06/27/19 03:15:00 AM,23.905,100.000,,,,,
5681,06/27/19 03:20:00 AM,23.930,100.000,,,,,
5682,06/27/19 03:25:00 AM,23.954,100.000,,,,,
5683,06/27/19 03:30:00 AM,24.002,100.000,,,,,
5684,06/27/19 03:35:00 AM,24.002,100.000,,,,,
5685,06/27/19 03:40:00 AM,24.050,100.000,,,,,
5686,06/27/19 03:45:00 AM,24.050,100.000,,,,,
5687,06/27/19 03:50:00 AM,23.978,100.000,,,,,
5688,06/27/19 03:55:00 AM,23.954,100.000,,,,,
5689,06/27/19 04:00:00 AM,24.002,100.000,,,,,
5690,06/27/19 04:05:00 AM,24.002,100.000,,,,,
5691,06/27/19 04:10:00 AM,24.050,100.000,,,,,
5692,06/27/19 04:15:00 AM,24.074,100.000,,,,,
5693,06/27/19 04:20:00 AM,24.098,100.000,,,,,
5694,06/27/19 04:25:00 AM,24.122,100.000,,,,,
5695,06/27/19 04:30:00 AM,24.146,100.000,,,,,
5696,06/27/19 04:35:00 AM,24.195,100.000,,,,,
5697,06/27/19 04:40:00 AM,23.978,100.000,,,,,
5698,06/27/19 04:45:00 AM,23.665,100.000,,,,,
5699,06/27/19 04:50:00 AM,23.424,100.000,,,,,
5700,06/27/19 04:55:00 AM,23.328,100.000,,,,,
5701,06/27/19 05:00:00 AM,23.280,100.000,,,,,
5702,06/27/19 05:05:00 AM,23.256,100.000,,,,,
5703,06/27/19 05:10:00 AM,23.280,100.000,,,,,
5704,06/27/19 05:15:00 AM,23.328,100.000,,,,,
5705,06/27/19 05:20:00 AM,23.352,100.000,,,,,
5706,06/27/19 05:25:00 AM,23.376,100.000,,,,,
5707,06/27/19 05:30:00 AM,23.424,100.000,,,,,
5708,06/27/19 05:35:00 AM,23.424,100.000,,,,,
5709,06/27/19 05:40:00 AM,23.448,100.000,,,,,
5710,06/27/19 05:45:00 AM,23.497,100.000,,,,,
5711,06/27/19 05:50:00 AM,23.545,100.000,,,,,
5712,06/27/19 05:55:00 AM,23.593,100.000,,,,,
5713,06/27/19 06:00:00 AM,23.593,100.000,,,,,
5714,06/27/19 06:05:00 AM,23.593,100.000,,,,,
5715,06/27/19 06:10:00 AM,23.569,100.000,,,,,
5716,06/27/19 06:15:00 AM,23.545,100.000,,,,,
5717,06/27/19 06:20:00 AM,23.497,100.000,,,,,
5718,06/27/19 06:25:00 AM,23.448,100.000,,,,,
5719,06/27/19 06:30:00 AM,23.448,100.000,,,,,
5720,06/27/19 06:35:00 AM,23.448,100.000,,,,,
5721,06/27/19 06:40:00 AM,23.424,100.000,,,,,
5722,06/27/19 06:45:00 AM,23.424,100.000,,,,,
5723,06/27/19 06:50:00 AM,23.424,100.000,,,,,
5724,06/27/19 06:55:00 AM,23.424,100.000,,,,,
5725,06/27/19 07:00:00 AM,23.376,100.000,,,,,
5726,06/27/19 07:05:00 AM,23.376,100.000,,,,,
5727,06/27/19 07:10:00 AM,23.352,100.000,,,,,
5728,06/27/19 07:15:00 AM,23.328,100.000,,,,,
5729,06/27/19 07:20:00 AM,23.328,100.000,,,,,
5730,06/27/19 07:25:00 AM,23.352,100.000,,,,,
5731,06/27/19 07:30:00 AM,23.400,100.000,,,,,
5732,06/27/19 07:35:00 AM,23.376,100.000,,,,,
5733,06/27/19 07:40:00 AM,23.376,100.000,,,,,
5734,06/27/19 07:45:00 AM,23.424,100.000,,,,,
5735,06/27/19 07:50:00 AM,23.400,100.000,,,,,
5736,06/27/19 07:55:00 AM,23.424,100.000,,,,,
5737,06/27/19 08:00:00 AM,23.424,100.000,,,,,
5738,06/27/19 08:05:00 AM,23.400,100.000,,,,,
5739,06/27/19 08:10:00 AM,23.424,100.000,,,,,
5740,06/27/19 08:15:00 AM,23.448,100.000,,,,,
5741,06/27/19 08:20:00 AM,23.497,100.000,,,,,
5742,06/27/19 08:25:00 AM,23.569,100.000,,,,,
5743,06/27/19 08:30:00 AM,23.641,100.000,,,,,
5744,06/27/19 08:35:00 AM,23.665,100.000,,,,,
5745,06/27/19 08:40:00 AM,23.665,100.000,,,,,
5746,06/27/19 08:45:00 AM,23.665,100.000,,,,,
5747,06/27/19 08:50:00 AM,23.737,100.000,,,,,
5748,06/27/19 08:55:00 AM,23.761,100.000,,,,,
5749,06/27/19 09:00:00 AM,23.857,100.000,,,,,
5750,06/27/19 09:05:00 AM,23.905,100.000,,,,,
5751,06/27/19 09:10:00 AM,24.002,100.000,,,,,
5752,06/27/19 09:15:00 AM,24.026,100.000,,,,,
5753,06/27/19 09:20:00 AM,24.195,100.000,,,,,
5754,06/27/19 09:25:00 AM,24.339,100.000,,,,,
5755,06/27/19 09:30:00 AM,24.339,100.000,,,,,
5756,06/27/19 09:35:00 AM,24.363,100.000,,,,,
5757,06/27/19 09:40:00 AM,24.388,100.000,,,,,
5758,06/27/19 09:45:00 AM,24.484,100.000,,,,,
5759,06/27/19 09:50:00 AM,24.581,100.000,,,,,
5760,06/27/19 09:55:00 AM,24.605,100.000,,,,,
5761,06/27/19 10:00:00 AM,24.677,100.000,,,,,
5762,06/27/19 10:05:00 AM,24.726,100.000,,,,,
5763,06/27/19 10:10:00 AM,24.581,100.000,,,,,
5764,06/27/19 10:15:00 AM,24.653,100.000,,,,,
5765,06/27/19 10:20:00 AM,24.629,100.000,,,,,
5766,06/27/19 10:25:00 AM,24.629,100.000,,,,,
5767,06/27/19 10:30:00 AM,24.798,100.000,,,,,
5768,06/27/19 10:35:00 AM,24.919,100.000,,,,,
5769,06/27/19 10:40:00 AM,24.919,100.000,,,,,
5770,06/27/19 10:45:00 AM,24.968,100.000,,,,,
5771,06/27/19 10:50:00 AM,25.040,100.000,,,,,
5772,06/27/19 10:55:00 AM,25.210,100.000,,,,,
5773,06/27/19 11:00:00 AM,25.283,100.000,,,,,
5774,06/27/19 11:05:00 AM,25.283,100.000,,,,,
5775,06/27/19 11:10:00 AM,25.380,100.000,,,,,
5776,06/27/19 11:15:00 AM,25.501,100.000,,,,,
5777,06/27/19 11:20:00 AM,25.744,100.000,,,,,
5778,06/27/19 11:25:00 AM,25.793,100.000,,,,,
5779,06/27/19 11:30:00 AM,25.793,100.000,,,,,
5780,06/27/19 11:35:00 AM,25.793,100.000,,,,,
5781,06/27/19 11:40:00 AM,25.890,100.000,,,,,
5782,06/27/19 11:45:00 AM,26.085,100.000,,,,,
5783,06/27/19 11:50:00 AM,26.304,100.000,,,,,
5784,06/27/19 11:55:00 AM,26.573,100.000,,,,,
5785,06/27/19 12:00:00 PM,26.695,100.000,,,,,
5786,06/27/19 12:05:00 PM,26.671,100.000,,,,,
5787,06/27/19 12:10:00 PM,26.256,100.000,,,,,
5788,06/27/19 12:15:00 PM,26.085,100.000,,,,,
5789,06/27/19 12:20:00 PM,25.963,100.000,,,,,
5790,06/27/19 12:25:00 PM,26.012,100.000,,,,,
5791,06/27/19 12:30:00 PM,26.353,100.000,,,,,
5792,06/27/19 12:35:00 PM,26.769,100.000,,,,,
5793,06/27/19 12:40:00 PM,27.136,100.000,,,,,
5794,06/27/19 12:45:00 PM,27.407,100.000,,,,,
5795,06/27/19 12:50:00 PM,27.604,100.000,,,,,
5796,06/27/19 12:55:00 PM,27.702,100.000,,,,,
5797,06/27/19 01:00:00 PM,27.825,100.000,,,,,
5798,06/27/19 01:05:00 PM,27.998,100.000,,,,,
5799,06/27/19 01:10:00 PM,27.924,100.000,,,,,
5800,06/27/19 01:15:00 PM,27.924,100.000,,,,,
5801,06/27/19 01:20:00 PM,27.924,100.000,,,,,
5802,06/27/19 01:25:00 PM,27.899,99.960,,,,,
5803,06/27/19 01:30:00 PM,27.949,99.920,,,,,
5804,06/27/19 01:35:00 PM,27.924,99.619,,,,,
5805,06/27/19 01:40:00 PM,27.801,99.479,,,,,
5806,06/27/19 01:45:00 PM,27.677,99.527,,,,,
5807,06/27/19 01:50:00 PM,27.456,99.468,,,,,
5808,06/27/19 01:55:00 PM,27.308,99.536,,,,,
5809,06/27/19 02:00:00 PM,27.136,99.544,,,,,
5810,06/27/19 02:05:00 PM,26.916,99.805,,,,,
5811,06/27/19 02:10:00 PM,26.329,100.000,,,,,
5812,06/27/19 02:15:00 PM,25.525,100.000,,,,,
5813,06/27/19 02:20:00 PM,24.944,100.000,,,,,
5814,06/27/19 02:25:00 PM,24.629,100.000,,,,,
5815,06/27/19 02:30:00 PM,24.484,100.000,,,,,
5816,06/27/19 02:35:00 PM,24.243,100.000,,,,,
5817,06/27/19 02:40:00 PM,24.050,100.000,,,,,
5818,06/27/19 02:45:00 PM,24.050,100.000,,,,,
5819,06/27/19 02:50:00 PM,24.122,100.000,,,,,
5820,06/27/19 02:55:00 PM,24.195,100.000,,,,,
5821,06/27/19 03:00:00 PM,24.339,100.000,,,,,
5822,06/27/19 03:05:00 PM,24.726,100.000,,,,,
5823,06/27/19 03:10:00 PM,24.968,100.000,,,,,
5824,06/27/19 03:15:00 PM,25.210,100.000,,,,,
5825,06/27/19 03:20:00 PM,25.428,100.000,,,,,
5826,06/27/19 03:25:00 PM,25.525,100.000,,,,,
5827,06/27/19 03:30:00 PM,25.574,100.000,,,,,
5828,06/27/19 03:35:00 PM,25.768,100.000,,,,,
5829,06/27/19 03:40:00 PM,25.866,100.000,,,,,
5830,06/27/19 03:45:00 PM,26.256,100.000,,,,,
5831,06/27/19 03:50:00 PM,26.353,100.000,,,,,
5832,06/27/19 03:55:00 PM,26.182,100.000,,,,,
5833,06/27/19 04:00:00 PM,26.134,100.000,,,,,
5834,06/27/19 04:05:00 PM,26.182,100.000,,,,,
5835,06/27/19 04:10:00 PM,26.353,100.000,,,,,
5836,06/27/19 04:15:00 PM,26.158,100.000,,,,,
5837,06/27/19 04:20:00 PM,25.987,100.000,,,,,
5838,06/27/19 04:25:00 PM,25.963,100.000,,,,,
5839,06/27/19 04:30:00 PM,26.109,100.000,,,,,
5840,06/27/19 04:35:00 PM,26.182,100.000,,,,,
5841,06/27/19 04:40:00 PM,26.182,100.000,,,,,
5842,06/27/19 04:45:00 PM,26.207,100.000,,,,,
5843,06/27/19 04:50:00 PM,26.134,100.000,,,,,
5844,06/27/19 04:55:00 PM,26.134,100.000,,,,,
5845,06/27/19 05:00:00 PM,26.085,100.000,,,,,
5846,06/27/19 05:05:00 PM,26.061,100.000,,,,,
5847,06/27/19 05:10:00 PM,25.987,100.000,,,,,
5848,06/27/19 05:15:00 PM,25.939,100.000,,,,,
5849,06/27/19 05:20:00 PM,25.793,100.000,,,,,
5850,06/27/19 05:25:00 PM,25.695,100.000,,,,,
5851,06/27/19 05:30:00 PM,25.647,100.000,,,,,
5852,06/27/19 05:35:00 PM,25.623,100.000,,,,,
5853,06/27/19 05:40:00 PM,25.550,100.000,,,,,
5854,06/27/19 05:45:00 PM,25.501,100.000,,,,,
5855,06/27/19 05:50:00 PM,25.477,100.000,,,,,
5856,06/27/19 05:55:00 PM,25.453,100.000,,,,,
5857,06/27/19 06:00:00 PM,25.453,100.000,,,,,
5858,06/27/19 06:05:00 PM,25.453,100.000,,,,,
5859,06/27/19 06:10:00 PM,25.501,100.000,,,,,
5860,06/27/19 06:15:00 PM,25.574,100.000,,,,,
5861,06/27/19 06:20:00 PM,25.623,100.000,,,,,
5862,06/27/19 06:25:00 PM,25.647,100.000,,,,,
5863,06/27/19 06:30:00 PM,25.671,100.000,,,,,
5864,06/27/19 06:35:00 PM,25.671,100.000,,,,,
5865,06/27/19 06:40:00 PM,25.647,100.000,,,,,
5866,06/27/19 06:45:00 PM,25.647,100.000,,,,,
5867,06/27/19 06:50:00 PM,25.671,100.000,,,,,
5868,06/27/19 06:55:00 PM,25.695,100.000,,,,,
5869,06/27/19 07:00:00 PM,25.695,100.000,,,,,
5870,06/27/19 07:05:00 PM,25.695,100.000,,,,,
5871,06/27/19 07:10:00 PM,25.695,100.000,,,,,
5872,06/27/19 07:15:00 PM,25.695,100.000,,,,,
5873,06/27/19 07:20:00 PM,25.695,100.000,,,,,
5874,06/27/19 07:25:00 PM,25.695,100.000,,,,,
5875,06/27/19 07:30:00 PM,25.720,100.000,,,,,
5876,06/27/19 07:35:00 PM,25.695,100.000,,,,,
5877,06/27/19 07:40:00 PM,25.695,100.000,,,,,
5878,06/27/19 07:45:00 PM,25.671,100.000,,,,,
5879,06/27/19 07:50:00 PM,25.647,100.000,,,,,
5880,06/27/19 07:55:00 PM,25.598,100.000,,,,,
5881,06/27/19 08:00:00 PM,25.574,100.000,,,,,
5882,06/27/19 08:05:00 PM,25.550,100.000,,,,,
5883,06/27/19 08:10:00 PM,25.550,100.000,,,,,
5884,06/27/19 08:15:00 PM,25.525,100.000,,,,,
5885,06/27/19 08:20:00 PM,25.501,100.000,,,,,
5886,06/27/19 08:25:00 PM,25.501,100.000,,,,,
5887,06/27/19 08:30:00 PM,25.477,100.000,,,,,
5888,06/27/19 08:35:00 PM,25.453,100.000,,,,,
5889,06/27/19 08:40:00 PM,25.453,100.000,,,,,
5890,06/27/19 08:45:00 PM,25.428,100.000,,,,,
5891,06/27/19 08:50:00 PM,25.404,100.000,,,,,
5892,06/27/19 08:55:00 PM,25.404,100.000,,,,,
5893,06/27/19 09:00:00 PM,25.380,100.000,,,,,
5894,06/27/19 09:05:00 PM,25.355,100.000,,,,,
5895,06/27/19 09:10:00 PM,25.331,100.000,,,,,
5896,06/27/19 09:15:00 PM,25.283,100.000,,,,,
5897,06/27/19 09:20:00 PM,25.307,100.000,,,,,
5898,06/27/19 09:25:00 PM,25.307,100.000,,,,,
5899,06/27/19 09:30:00 PM,25.331,100.000,,,,,
5900,06/27/19 09:35:00 PM,25.331,100.000,,,,,
5901,06/27/19 09:40:00 PM,25.307,100.000,,,,,
5902,06/27/19 09:45:00 PM,25.186,100.000,,,,,
5903,06/27/19 09:50:00 PM,25.016,100.000,,,,,
5904,06/27/19 09:55:00 PM,24.944,100.000,,,,,
5905,06/27/19 10:00:00 PM,24.944,100.000,,,,,
5906,06/27/19 10:05:00 PM,24.919,100.000,,,,,
5907,06/27/19 10:10:00 PM,24.871,100.000,,,,,
5908,06/27/19 10:15:00 PM,24.823,100.000,,,,,
5909,06/27/19 10:20:00 PM,24.702,100.000,,,,,
5910,06/27/19 10:25:00 PM,24.702,100.000,,,,,
5911,06/27/19 10:30:00 PM,24.677,100.000,,,,,
5912,06/27/19 10:35:00 PM,24.605,100.000,,,,,
5913,06/27/19 10:40:00 PM,24.581,100.000,,,,,
5914,06/27/19 10:45:00 PM,24.508,100.000,,,,,
5915,06/27/19 10:50:00 PM,24.484,100.000,,,,,
5916,06/27/19 10:55:00 PM,24.484,100.000,,,,,
5917,06/27/19 11:00:00 PM,24.460,100.000,,,,,
5918,06/27/19 11:05:00 PM,24.388,100.000,,,,,
5919,06/27/19 11:10:00 PM,24.363,100.000,,,,,
5920,06/27/19 11:15:00 PM,24.388,100.000,,,,,
5921,06/27/19 11:20:00 PM,24.339,100.000,,,,,
5922,06/27/19 11:25:00 PM,24.363,100.000,,,,,
5923,06/27/19 11:30:00 PM,24.315,100.000,,,,,
5924,06/27/19 11:35:00 PM,24.267,100.000,,,,,
5925,06/27/19 11:40:00 PM,24.243,100.000,,,,,
5926,06/27/19 11:45:00 PM,24.195,100.000,,,,,
5927,06/27/19 11:50:00 PM,24.195,100.000,,,,,
5928,06/27/19 11:55:00 PM,24.195,100.000,,,,,
5929,06/28/19 12:00:00 AM,24.122,100.000,,,,,
5930,06/28/19 12:05:00 AM,24.050,100.000,,,,,
5931,06/28/19 12:10:00 AM,24.002,100.000,,,,,
5932,06/28/19 12:15:00 AM,24.050,100.000,,,,,
5933,06/28/19 12:20:00 AM,24.026,100.000,,,,,
5934,06/28/19 12:25:00 AM,24.026,100.000,,,,,
5935,06/28/19 12:30:00 AM,24.074,100.000,,,,,
5936,06/28/19 12:35:00 AM,24.098,100.000,,,,,
5937,06/28/19 12:40:00 AM,24.050,100.000,,,,,
5938,06/28/19 12:45:00 AM,24.050,100.000,,,,,
5939,06/28/19 12:50:00 AM,23.930,100.000,,,,,
5940,06/28/19 12:55:00 AM,23.833,100.000,,,,,
5941,06/28/19 01:00:00 AM,23.761,100.000,,,,,
5942,06/28/19 01:05:00 AM,23.689,100.000,,,,,
5943,06/28/19 01:10:00 AM,23.737,100.000,,,,,
5944,06/28/19 01:15:00 AM,23.713,100.000,,,,,
5945,06/28/19 01:20:00 AM,23.641,100.000,,,,,
5946,06/28/19 01:25:00 AM,23.617,100.000,,,,,
5947,06/28/19 01:30:00 AM,23.641,100.000,,,,,
5948,06/28/19 01:35:00 AM,23.689,100.000,,,,,
5949,06/28/19 01:40:00 AM,23.737,100.000,,,,,
5950,06/28/19 01:45:00 AM,23.737,100.000,,,,,
5951,06/28/19 01:50:00 AM,23.737,100.000,,,,,
5952,06/28/19 01:55:00 AM,23.761,100.000,,,,,
5953,06/28/19 02:00:00 AM,23.737,100.000,,,,,
5954,06/28/19 02:05:00 AM,23.689,100.000,,,,,
5955,06/28/19 02:10:00 AM,23.641,100.000,,,,,
5956,06/28/19 02:15:00 AM,23.617,100.000,,,,,
5957,06/28/19 02:20:00 AM,23.569,100.000,,,,,
5958,06/28/19 02:25:00 AM,23.569,100.000,,,,,
5959,06/28/19 02:30:00 AM,23.521,100.000,,,,,
5960,06/28/19 02:35:00 AM,23.497,100.000,,,,,
5961,06/28/19 02:40:00 AM,23.521,100.000,,,,,
5962,06/28/19 02:45:00 AM,23.545,100.000,,,,,
5963,06/28/19 02:50:00 AM,23.545,100.000,,,,,
5964,06/28/19 02:55:00 AM,23.569,100.000,,,,,
5965,06/28/19 03:00:00 AM,23.617,100.000,,,,,
5966,06/28/19 03:05:00 AM,23.617,100.000,,,,,
5967,06/28/19 03:10:00 AM,23.665,100.000,,,,,
5968,06/28/19 03:15:00 AM,23.617,100.000,,,,,
5969,06/28/19 03:20:00 AM,23.569,100.000,,,,,
5970,06/28/19 03:25:00 AM,23.521,100.000,,,,,
5971,06/28/19 03:30:00 AM,23.472,100.000,,,,,
5972,06/28/19 03:35:00 AM,23.472,100.000,,,,,
5973,06/28/19 03:40:00 AM,23.472,100.000,,,,,
5974,06/28/19 03:45:00 AM,23.448,100.000,,,,,
5975,06/28/19 03:50:00 AM,23.472,100.000,,,,,
5976,06/28/19 03:55:00 AM,23.448,100.000,,,,,
5977,06/28/19 04:00:00 AM,23.400,100.000,,,,,
5978,06/28/19 04:05:00 AM,23.400,100.000,,,,,
5979,06/28/19 04:10:00 AM,23.352,100.000,,,,,
5980,06/28/19 04:15:00 AM,23.352,100.000,,,,,
5981,06/28/19 04:20:00 AM,23.352,100.000,,,,,
5982,06/28/19 04:25:00 AM,23.400,100.000,,,,,
5983,06/28/19 04:30:00 AM,23.448,100.000,,,,,
5984,06/28/19 04:35:00 AM,23.448,100.000,,,,,
5985,06/28/19 04:40:00 AM,23.472,100.000,,,,,
5986,06/28/19 04:45:00 AM,23.521,100.000,,,,,
5987,06/28/19 04:50:00 AM,23.521,100.000,,,,,
5988,06/28/19 04:55:00 AM,23.569,100.000,,,,,
5989,06/28/19 05:00:00 AM,23.569,100.000,,,,,
5990,06/28/19 05:05:00 AM,23.472,100.000,,,,,
5991,06/28/19 05:10:00 AM,23.376,100.000,,,,,
5992,06/28/19 05:15:00 AM,23.376,100.000,,,,,
5993,06/28/19 05:20:00 AM,23.352,100.000,,,,,
5994,06/28/19 05:25:00 AM,23.352,100.000,,,,,
5995,06/28/19 05:30:00 AM,23.304,100.000,,,,,
5996,06/28/19 05:35:00 AM,23.328,100.000,,,,,
5997,06/28/19 05:40:00 AM,23.304,100.000,,,,,
5998,06/28/19 05:45:00 AM,23.280,100.000,,,,,
5999,06/28/19 05:50:00 AM,23.304,100.000,,,,,
6000,06/28/19 05:55:00 AM,23.328,100.000,,,,,
6001,06/28/19 06:00:00 AM,23.352,100.000,,,,,
6002,06/28/19 06:05:00 AM,23.328,100.000,,,,,
6003,06/28/19 06:10:00 AM,23.328,100.000,,,,,
6004,06/28/19 06:15:00 AM,23.376,100.000,,,,,
6005,06/28/19 06:20:00 AM,23.400,100.000,,,,,
6006,06/28/19 06:25:00 AM,23.376,100.000,,,,,
6007,06/28/19 06:30:00 AM,23.400,100.000,,,,,
6008,06/28/19 06:35:00 AM,23.424,100.000,,,,,
6009,06/28/19 06:40:00 AM,23.472,100.000,,,,,
6010,06/28/19 06:45:00 AM,23.472,100.000,,,,,
6011,06/28/19 06:50:00 AM,23.497,100.000,,,,,
6012,06/28/19 06:55:00 AM,23.545,100.000,,,,,
6013,06/28/19 07:00:00 AM,23.497,100.000,,,,,
6014,06/28/19 07:05:00 AM,23.497,100.000,,,,,
6015,06/28/19 07:10:00 AM,23.521,100.000,,,,,
6016,06/28/19 07:15:00 AM,23.593,100.000,,,,,
6017,06/28/19 07:20:00 AM,23.665,100.000,,,,,
6018,06/28/19 07:25:00 AM,23.737,100.000,,,,,
6019,06/28/19 07:30:00 AM,23.833,100.000,,,,,
6020,06/28/19 07:35:00 AM,23.905,100.000,,,,,
6021,06/28/19 07:40:00 AM,23.978,100.000,,,,,
6022,06/28/19 07:45:00 AM,24.074,100.000,,,,,
6023,06/28/19 07:50:00 AM,24.146,100.000,,,,,
6024,06/28/19 07:55:00 AM,24.171,100.000,,,,,
6025,06/28/19 08:00:00 AM,24.195,100.000,,,,,
6026,06/28/19 08:05:00 AM,24.219,100.000,,,,,
6027,06/28/19 08:10:00 AM,24.243,100.000,,,,,
6028,06/28/19 08:15:00 AM,24.291,100.000,,,,,
6029,06/28/19 08:20:00 AM,24.339,100.000,,,,,
6030,06/28/19 08:25:00 AM,24.388,100.000,,,,,
6031,06/28/19 08:30:00 AM,24.460,100.000,,,,,
6032,06/28/19 08:35:00 AM,24.508,100.000,,,,,
6033,06/28/19 08:40:00 AM,24.581,100.000,,,,,
6034,06/28/19 08:45:00 AM,24.653,100.000,,,,,
6035,06/28/19 08:50:00 AM,24.726,100.000,,,,,
6036,06/28/19 08:55:00 AM,24.847,100.000,,,,,
6037,06/28/19 09:00:00 AM,24.871,100.000,,,,,
6038,06/28/19 09:05:00 AM,24.895,100.000,,,,,
6039,06/28/19 09:10:00 AM,24.992,100.000,,,,,
6040,06/28/19 09:15:00 AM,25.089,100.000,,,,,
6041,06/28/19 09:20:00 AM,25.089,100.000,,,,,
6042,06/28/19 09:25:00 AM,25.162,100.000,,,,,
6043,06/28/19 09:30:00 AM,25.258,100.000,,,,,
6044,06/28/19 09:35:00 AM,25.453,100.000,,,,,
6045,06/28/19 09:40:00 AM,25.695,100.000,,,,,
6046,06/28/19 09:45:00 AM,25.841,100.000,,,,,
6047,06/28/19 09:50:00 AM,25.890,100.000,,,,,
6048,06/28/19 09:55:00 AM,25.841,100.000,,,,,
6049,06/28/19 10:00:00 AM,25.890,100.000,,,,,
6050,06/28/19 10:05:00 AM,25.890,100.000,,,,,
6051,06/28/19 10:10:00 AM,25.841,100.000,,,,,
6052,06/28/19 10:15:00 AM,25.841,100.000,,,,,
6053,06/28/19 10:20:00 AM,25.963,100.000,,,,,
6054,06/28/19 10:25:00 AM,26.061,100.000,,,,,
6055,06/28/19 10:30:00 AM,26.158,100.000,,,,,
6056,06/28/19 10:35:00 AM,26.256,100.000,,,,,
6057,06/28/19 10:40:00 AM,26.256,100.000,,,,,
6058,06/28/19 10:45:00 AM,26.329,100.000,,,,,
6059,06/28/19 10:50:00 AM,26.475,100.000,,,,,
6060,06/28/19 10:55:00 AM,26.598,100.000,,,,,
6061,06/28/19 11:00:00 AM,26.744,100.000,,,,,
6062,06/28/19 11:05:00 AM,26.842,100.000,,,,,
6063,06/28/19 11:10:00 AM,26.916,100.000,,,,,
6064,06/28/19 11:15:00 AM,26.965,100.000,,,,,
6065,06/28/19 11:20:00 AM,27.087,100.000,,,,,
6066,06/28/19 11:25:00 AM,27.210,100.000,,,,,
6067,06/28/19 11:30:00 AM,27.186,100.000,,,,,
6068,06/28/19 11:35:00 AM,27.112,100.000,,,,,
6069,06/28/19 11:40:00 AM,27.161,100.000,,,,,
6070,06/28/19 11:45:00 AM,27.259,100.000,,,,,
6071,06/28/19 11:50:00 AM,27.333,100.000,,,,,
6072,06/28/19 11:55:00 AM,27.358,100.000,,,,,
6073,06/28/19 12:00:00 PM,27.308,100.000,,,,,
6074,06/28/19 12:05:00 PM,27.284,100.000,,,,,
6075,06/28/19 12:10:00 PM,27.308,100.000,,,,,
6076,06/28/19 12:15:00 PM,27.259,100.000,,,,,
6077,06/28/19 12:20:00 PM,27.210,100.000,,,,,
6078,06/28/19 12:25:00 PM,27.259,100.000,,,,,
6079,06/28/19 12:30:00 PM,27.382,100.000,,,,,
6080,06/28/19 12:35:00 PM,27.505,100.000,,,,,
6081,06/28/19 12:40:00 PM,27.702,100.000,,,,,
6082,06/28/19 12:45:00 PM,27.825,100.000,,,,,
6083,06/28/19 12:50:00 PM,27.850,100.000,,,,,
6084,06/28/19 12:55:00 PM,27.850,100.000,,,,,
6085,06/28/19 01:00:00 PM,27.850,100.000,,,,,
6086,06/28/19 01:05:00 PM,27.924,100.000,,,,,
6087,06/28/19 01:10:00 PM,27.998,100.000,,,,,
6088,06/28/19 01:15:00 PM,28.196,100.000,,,,,
6089,06/28/19 01:20:00 PM,28.394,100.000,,,,,
6090,06/28/19 01:25:00 PM,28.518,100.000,,,,,
6091,06/28/19 01:30:00 PM,28.617,100.000,,,,,
6092,06/28/19 01:35:00 PM,28.642,100.000,,,,,
6093,06/28/19 01:40:00 PM,28.642,99.837,,,,,
6094,06/28/19 01:45:00 PM,28.742,99.326,,,,,
6095,06/28/19 01:50:00 PM,28.891,98.827,,,,,
6096,06/28/19 01:55:00 PM,29.040,98.191,,,,,
6097,06/28/19 02:00:00 PM,29.215,96.035,,,,,
6098,06/28/19 02:05:00 PM,29.389,95.422,,,,,
6099,06/28/19 02:10:00 PM,29.615,94.490,,,,,
6100,06/28/19 02:15:00 PM,29.815,93.933,,,,,
6101,06/28/19 02:20:00 PM,30.117,93.897,,,,,
6102,06/28/19 02:25:00 PM,30.243,93.706,,,,,
6103,06/28/19 02:30:00 PM,30.268,93.019,,,,,
6104,06/28/19 02:35:00 PM,30.394,92.075,,,,,
6105,06/28/19 02:40:00 PM,30.369,92.348,,,,,
6106,06/28/19 02:45:00 PM,30.217,92.756,,,,,
6107,06/28/19 02:50:00 PM,30.016,93.179,,,,,
6108,06/28/19 02:55:00 PM,29.790,93.733,,,,,
6109,06/28/19 03:00:00 PM,29.740,93.416,,,,,
6110,06/28/19 03:05:00 PM,29.665,93.895,,,,,
6111,06/28/19 03:10:00 PM,29.665,94.061,,,,,
6112,06/28/19 03:15:00 PM,29.515,94.134,,,,,
6113,06/28/19 03:20:00 PM,29.340,94.449,,,,,
6114,06/28/19 03:25:00 PM,29.140,94.756,,,,,
6115,06/28/19 03:30:00 PM,29.015,94.972,,,,,
6116,06/28/19 03:35:00 PM,28.916,95.166,,,,,
6117,06/28/19 03:40:00 PM,28.791,95.162,,,,,
6118,06/28/19 03:45:00 PM,28.692,95.411,,,,,
6119,06/28/19 03:50:00 PM,28.642,95.507,,,,,
6120,06/28/19 03:55:00 PM,28.617,95.583,,,,,
6121,06/28/19 04:00:00 PM,28.568,95.680,,,,,
6122,06/28/19 04:05:00 PM,28.543,95.755,,,,,
6123,06/28/19 04:10:00 PM,28.543,95.837,,,,,
6124,06/28/19 04:15:00 PM,28.568,95.980,,,,,
6125,06/28/19 04:20:00 PM,28.593,96.313,,,,,
6126,06/28/19 04:25:00 PM,28.593,96.204,,,,,
6127,06/28/19 04:30:00 PM,28.593,96.149,,,,,
6128,06/28/19 04:35:00 PM,28.518,96.239,,,,,
6129,06/28/19 04:40:00 PM,28.493,96.342,,,,,
6130,06/28/19 04:45:00 PM,28.444,96.383,,,,,
6131,06/28/19 04:50:00 PM,28.419,96.513,,,,,
6132,06/28/19 04:55:00 PM,28.419,96.594,,,,,
6133,06/28/19 05:00:00 PM,28.419,96.350,,,,,
6134,06/28/19 05:05:00 PM,28.419,96.594,,,,,
6135,06/28/19 05:10:00 PM,28.419,96.594,,,,,
6136,06/28/19 05:15:00 PM,28.394,96.371,,,,,
6137,06/28/19 05:20:00 PM,28.345,96.412,,,,,
6138,06/28/19 05:25:00 PM,28.320,96.406,,,,,
6139,06/28/19 05:30:00 PM,28.245,96.441,,,,,
6140,06/28/19 05:35:00 PM,28.221,96.598,,,,,
6141,06/28/19 05:40:00 PM,28.196,96.375,,,,,
6142,06/28/19 05:45:00 PM,28.196,96.402,,,,,
6143,06/28/19 05:50:00 PM,28.245,96.414,,,,,
6144,06/28/19 05:55:00 PM,28.245,96.360,,,,,
6145,06/28/19 06:00:00 PM,28.245,96.550,,,,,
6146,06/28/19 06:05:00 PM,28.221,96.082,,,,,
6147,06/28/19 06:10:00 PM,28.221,96.218,,,,,
6148,06/28/19 06:15:00 PM,28.245,95.952,,,,,
6149,06/28/19 06:20:00 PM,28.245,96.007,,,,,
6150,06/28/19 06:25:00 PM,28.221,96.000,,,,,
6151,06/28/19 06:30:00 PM,28.196,96.239,,,,,
6152,06/28/19 06:35:00 PM,28.171,96.205,,,,,
6153,06/28/19 06:40:00 PM,28.122,96.356,,,,,
6154,06/28/19 06:45:00 PM,28.072,96.343,,,,,
6155,06/28/19 06:50:00 PM,28.023,96.493,,,,,
6156,06/28/19 06:55:00 PM,27.974,96.697,,,,,
6157,06/28/19 07:00:00 PM,27.899,96.733,,,,,
6158,06/28/19 07:05:00 PM,27.850,96.720,,,,,
6159,06/28/19 07:10:00 PM,27.801,96.951,,,,,
6160,06/28/19 07:15:00 PM,27.727,97.013,,,,,
6161,06/28/19 07:20:00 PM,27.677,97.162,,,,,
6162,06/28/19 07:25:00 PM,27.628,97.312,,,,,
6163,06/28/19 07:30:00 PM,27.579,97.353,,,,,
6164,06/28/19 07:35:00 PM,27.530,97.475,,,,,
6165,06/28/19 07:40:00 PM,27.481,97.705,,,,,
6166,06/28/19 07:45:00 PM,27.407,97.793,,,,,
6167,06/28/19 07:50:00 PM,27.358,97.888,,,,,
6168,06/28/19 07:55:00 PM,27.333,98.016,,,,,
6169,06/28/19 08:00:00 PM,27.284,98.137,,,,,
6170,06/28/19 08:05:00 PM,27.235,98.232,,,,,
6171,06/28/19 08:10:00 PM,27.186,98.380,,,,,
6172,06/28/19 08:15:00 PM,27.112,98.521,,,,,
6173,06/28/19 08:20:00 PM,27.038,98.609,,,,,
6174,06/28/19 08:25:00 PM,26.965,98.750,,,,,
6175,06/28/19 08:30:00 PM,26.916,99.005,,,,,
6176,06/28/19 08:35:00 PM,26.818,99.139,,,,,
6177,06/28/19 08:40:00 PM,26.695,99.293,,,,,
6178,06/28/19 08:45:00 PM,26.598,99.480,,,,,
6179,06/28/19 08:50:00 PM,26.524,99.594,,,,,
6180,06/28/19 08:55:00 PM,26.500,99.906,,,,,
6181,06/28/19 09:00:00 PM,26.451,99.946,,,,,
6182,06/28/19 09:05:00 PM,26.378,100.000,,,,,
6183,06/28/19 09:10:00 PM,26.329,100.000,,,,,
6184,06/28/19 09:15:00 PM,26.256,100.000,,,,,
6185,06/28/19 09:20:00 PM,26.182,100.000,,,,,
6186,06/28/19 09:25:00 PM,26.134,100.000,,,,,
6187,06/28/19 09:30:00 PM,26.061,100.000,,,,,
6188,06/28/19 09:35:00 PM,25.963,100.000,,,,,
6189,06/28/19 09:40:00 PM,25.914,100.000,,,,,
6190,06/28/19 09:45:00 PM,25.841,100.000,,,,,
6191,06/28/19 09:50:00 PM,25.768,100.000,,,,,
6192,06/28/19 09:55:00 PM,25.695,100.000,,,,,
6193,06/28/19 10:00:00 PM,25.623,100.000,,,,,
6194,06/28/19 10:05:00 PM,25.598,100.000,,,,,
6195,06/28/19 10:10:00 PM,25.550,100.000,,,,,
6196,06/28/19 10:15:00 PM,25.525,100.000,,,,,
6197,06/28/19 10:20:00 PM,25.477,100.000,,,,,
6198,06/28/19 10:25:00 PM,25.453,100.000,,,,,
6199,06/28/19 10:30:00 PM,25.453,100.000,,,,,
6200,06/28/19 10:35:00 PM,25.428,100.000,,,,,
6201,06/28/19 10:40:00 PM,25.404,100.000,,,,,
6202,06/28/19 10:45:00 PM,25.380,100.000,,,,,
6203,06/28/19 10:50:00 PM,25.355,100.000,,,,,
6204,06/28/19 10:55:00 PM,25.355,100.000,,,,,
6205,06/28/19 11:00:00 PM,25.331,100.000,,,,,
6206,06/28/19 11:05:00 PM,25.307,100.000,,,,,
6207,06/28/19 11:10:00 PM,25.307,100.000,,,,,
6208,06/28/19 11:15:00 PM,25.355,100.000,,,,,
6209,06/28/19 11:20:00 PM,25.355,100.000,,,,,
6210,06/28/19 11:25:00 PM,25.355,100.000,,,,,
6211,06/28/19 11:30:00 PM,25.380,100.000,,,,,
6212,06/28/19 11:35:00 PM,25.186,100.000,,,,,
6213,06/28/19 11:40:00 PM,24.508,100.000,,,,,
6214,06/28/19 11:45:00 PM,23.472,100.000,,,,,
6215,06/28/19 11:50:00 PM,22.872,100.000,,,,,
6216,06/28/19 11:55:00 PM,22.513,100.000,,,,,
6217,06/29/19 12:00:00 AM,22.345,100.000,,,,,
6218,06/29/19 12:05:00 AM,22.226,100.000,,,,,
6219,06/29/19 12:10:00 AM,22.154,100.000,,,,,
6220,06/29/19 12:15:00 AM,22.202,100.000,,,,,
6221,06/29/19 12:20:00 AM,22.274,100.000,,,,,
6222,06/29/19 12:25:00 AM,22.321,100.000,,,,,
6223,06/29/19 12:30:00 AM,22.321,100.000,,,,,
6224,06/29/19 12:35:00 AM,22.345,100.000,,,,,
6225,06/29/19 12:40:00 AM,22.369,100.000,,,,,
6226,06/29/19 12:45:00 AM,22.369,100.000,,,,,
6227,06/29/19 12:50:00 AM,22.417,100.000,,,,,
6228,06/29/19 12:55:00 AM,22.465,100.000,,,,,
6229,06/29/19 01:00:00 AM,22.465,100.000,,,,,
6230,06/29/19 01:05:00 AM,22.465,100.000,,,,,
6231,06/29/19 01:10:00 AM,22.489,100.000,,,,,
6232,06/29/19 01:15:00 AM,22.489,100.000,,,,,
6233,06/29/19 01:20:00 AM,22.489,100.000,,,,,
6234,06/29/19 01:25:00 AM,22.465,100.000,,,,,
6235,06/29/19 01:30:00 AM,22.489,100.000,,,,,
6236,06/29/19 01:35:00 AM,22.513,100.000,,,,,
6237,06/29/19 01:40:00 AM,22.513,100.000,,,,,
6238,06/29/19 01:45:00 AM,22.513,100.000,,,,,
6239,06/29/19 01:50:00 AM,22.537,100.000,,,,,
6240,06/29/19 01:55:00 AM,22.561,100.000,,,,,
6241,06/29/19 02:00:00 AM,22.561,100.000,,,,,
6242,06/29/19 02:05:00 AM,22.585,100.000,,,,,
6243,06/29/19 02:10:00 AM,22.561,100.000,,,,,
6244,06/29/19 02:15:00 AM,22.561,100.000,,,,,
6245,06/29/19 02:20:00 AM,22.585,100.000,,,,,
6246,06/29/19 02:25:00 AM,22.609,100.000,,,,,
6247,06/29/19 02:30:00 AM,22.633,100.000,,,,,
6248,06/29/19 02:35:00 AM,22.681,100.000,,,,,
6249,06/29/19 02:40:00 AM,22.681,100.000,,,,,
6250,06/29/19 02:45:00 AM,22.657,100.000,,,,,
6251,06/29/19 02:50:00 AM,22.657,100.000,,,,,
6252,06/29/19 02:55:00 AM,22.681,100.000,,,,,
6253,06/29/19 03:00:00 AM,22.705,100.000,,,,,
6254,06/29/19 03:05:00 AM,22.705,100.000,,,,,
6255,06/29/19 03:10:00 AM,22.657,100.000,,,,,
6256,06/29/19 03:15:00 AM,22.681,100.000,,,,,
6257,06/29/19 03:20:00 AM,22.705,100.000,,,,,
6258,06/29/19 03:25:00 AM,22.753,100.000,,,,,
6259,06/29/19 03:30:00 AM,22.753,100.000,,,,,
6260,06/29/19 03:35:00 AM,22.776,100.000,,,,,
6261,06/29/19 03:40:00 AM,22.800,100.000,,,,,
6262,06/29/19 03:45:00 AM,22.776,100.000,,,,,
6263,06/29/19 03:50:00 AM,22.776,100.000,,,,,
6264,06/29/19 03:55:00 AM,22.753,100.000,,,,,
6265,06/29/19 04:00:00 AM,22.753,100.000,,,,,
6266,06/29/19 04:05:00 AM,22.753,100.000,,,,,
6267,06/29/19 04:10:00 AM,22.800,100.000,,,,,
6268,06/29/19 04:15:00 AM,22.800,100.000,,,,,
6269,06/29/19 04:20:00 AM,22.776,100.000,,,,,
6270,06/29/19 04:25:00 AM,22.753,100.000,,,,,
6271,06/29/19 04:30:00 AM,22.753,100.000,,,,,
6272,06/29/19 04:35:00 AM,22.776,100.000,,,,,
6273,06/29/19 04:40:00 AM,22.753,100.000,,,,,
6274,06/29/19 04:45:00 AM,22.705,100.000,,,,,
6275,06/29/19 04:50:00 AM,22.705,100.000,,,,,
6276,06/29/19 04:55:00 AM,22.705,100.000,,,,,
6277,06/29/19 05:00:00 AM,22.657,100.000,,,,,
6278,06/29/19 05:05:00 AM,22.633,100.000,,,,,
6279,06/29/19 05:10:00 AM,22.609,100.000,,,,,
6280,06/29/19 05:15:00 AM,22.633,100.000,,,,,
6281,06/29/19 05:20:00 AM,22.609,100.000,,,,,
6282,06/29/19 05:25:00 AM,22.561,100.000,,,,,
6283,06/29/19 05:30:00 AM,22.561,100.000,,,,,
6284,06/29/19 05:35:00 AM,22.561,100.000,,,,,
6285,06/29/19 05:40:00 AM,22.561,100.000,,,,,
6286,06/29/19 05:45:00 AM,22.561,100.000,,,,,
6287,06/29/19 05:50:00 AM,22.561,100.000,,,,,
6288,06/29/19 05:55:00 AM,22.561,100.000,,,,,
6289,06/29/19 06:00:00 AM,22.561,100.000,,,,,
6290,06/29/19 06:05:00 AM,22.561,100.000,,,,,
6291,06/29/19 06:10:00 AM,22.465,100.000,,,,,
6292,06/29/19 06:15:00 AM,22.441,100.000,,,,,
6293,06/29/19 06:20:00 AM,22.417,100.000,,,,,
6294,06/29/19 06:25:00 AM,22.417,100.000,,,,,
6295,06/29/19 06:30:00 AM,22.441,100.000,,,,,
6296,06/29/19 06:35:00 AM,22.489,100.000,,,,,
6297,06/29/19 06:40:00 AM,22.465,100.000,,,,,
6298,06/29/19 06:45:00 AM,22.417,100.000,,,,,
6299,06/29/19 06:50:00 AM,22.417,100.000,,,,,
6300,06/29/19 06:55:00 AM,22.393,100.000,,,,,
6301,06/29/19 07:00:00 AM,22.369,100.000,,,,,
6302,06/29/19 07:05:00 AM,22.345,100.000,,,,,
6303,06/29/19 07:10:00 AM,22.345,100.000,,,,,
6304,06/29/19 07:15:00 AM,22.369,100.000,,,,,
6305,06/29/19 07:20:00 AM,22.369,100.000,,,,,
6306,06/29/19 07:25:00 AM,22.417,100.000,,,,,
6307,06/29/19 07:30:00 AM,22.465,100.000,,,,,
6308,06/29/19 07:35:00 AM,22.513,100.000,,,,,
6309,06/29/19 07:40:00 AM,22.609,100.000,,,,,
6310,06/29/19 07:45:00 AM,22.705,100.000,,,,,
6311,06/29/19 07:50:00 AM,22.800,100.000,,,,,
6312,06/29/19 07:55:00 AM,22.896,100.000,,,,,
6313,06/29/19 08:00:00 AM,22.968,100.000,,,,,
6314,06/29/19 08:05:00 AM,22.992,100.000,,,,,
6315,06/29/19 08:10:00 AM,22.992,100.000,,,,,
6316,06/29/19 08:15:00 AM,23.016,100.000,,,,,
6317,06/29/19 08:20:00 AM,23.040,100.000,,,,,
6318,06/29/19 08:25:00 AM,23.040,100.000,,,,,
6319,06/29/19 08:30:00 AM,23.040,100.000,,,,,
6320,06/29/19 08:35:00 AM,23.064,100.000,,,,,
6321,06/29/19 08:40:00 AM,23.088,100.000,,,,,
6322,06/29/19 08:45:00 AM,23.136,100.000,,,,,
6323,06/29/19 08:50:00 AM,23.208,100.000,,,,,
6324,06/29/19 08:55:00 AM,23.256,100.000,,,,,
6325,06/29/19 09:00:00 AM,23.280,100.000,,,,,
6326,06/29/19 09:05:00 AM,23.328,100.000,,,,,
6327,06/29/19 09:10:00 AM,23.352,100.000,,,,,
6328,06/29/19 09:15:00 AM,23.376,100.000,,,,,
6329,06/29/19 09:20:00 AM,23.400,100.000,,,,,
6330,06/29/19 09:25:00 AM,23.424,100.000,,,,,
6331,06/29/19 09:30:00 AM,23.424,100.000,,,,,
6332,06/29/19 09:35:00 AM,23.472,100.000,,,,,
6333,06/29/19 09:40:00 AM,23.448,100.000,,,,,
6334,06/29/19 09:45:00 AM,23.472,100.000,,,,,
6335,06/29/19 09:50:00 AM,23.521,100.000,,,,,
6336,06/29/19 09:55:00 AM,23.545,100.000,,,,,
6337,06/29/19 10:00:00 AM,23.593,100.000,,,,,
6338,06/29/19 10:05:00 AM,23.665,100.000,,,,,
6339,06/29/19 10:10:00 AM,23.761,100.000,,,,,
6340,06/29/19 10:15:00 AM,23.833,100.000,,,,,
6341,06/29/19 10:20:00 AM,23.881,100.000,,,,,
6342,06/29/19 10:25:00 AM,23.930,100.000,,,,,
6343,06/29/19 10:30:00 AM,23.954,100.000,,,,,
6344,06/29/19 10:35:00 AM,24.002,100.000,,,,,
6345,06/29/19 10:40:00 AM,23.978,100.000,,,,,
6346,06/29/19 10:45:00 AM,24.026,100.000,,,,,
6347,06/29/19 10:50:00 AM,24.050,100.000,,,,,
6348,06/29/19 10:55:00 AM,24.122,100.000,,,,,
6349,06/29/19 11:00:00 AM,24.171,100.000,,,,,
6350,06/29/19 11:05:00 AM,24.243,100.000,,,,,
6351,06/29/19 11:10:00 AM,24.315,100.000,,,,,
6352,06/29/19 11:15:00 AM,24.388,100.000,,,,,
6353,06/29/19 11:20:00 AM,24.484,100.000,,,,,
6354,06/29/19 11:25:00 AM,24.581,100.000,,,,,
6355,06/29/19 11:30:00 AM,24.629,100.000,,,,,
6356,06/29/19 11:35:00 AM,24.677,100.000,,,,,
6357,06/29/19 11:40:00 AM,24.726,100.000,,,,,
6358,06/29/19 11:45:00 AM,24.726,100.000,,,,,
6359,06/29/19 11:50:00 AM,24.750,100.000,,,,,
6360,06/29/19 11:55:00 AM,24.702,100.000,,,,,
6361,06/29/19 12:00:00 PM,24.798,100.000,,,,,
6362,06/29/19 12:05:00 PM,24.895,100.000,,,,,
6363,06/29/19 12:10:00 PM,24.944,100.000,,,,,
6364,06/29/19 12:15:00 PM,25.089,100.000,,,,,
6365,06/29/19 12:20:00 PM,25.283,100.000,,,,,
6366,06/29/19 12:25:00 PM,25.428,100.000,,,,,
6367,06/29/19 12:30:00 PM,25.550,100.000,,,,,
6368,06/29/19 12:35:00 PM,25.695,100.000,,,,,
6369,06/29/19 12:40:00 PM,25.793,100.000,,,,,
6370,06/29/19 12:45:00 PM,25.890,100.000,,,,,
6371,06/29/19 12:50:00 PM,26.134,100.000,,,,,
6372,06/29/19 12:55:00 PM,26.207,100.000,,,,,
6373,06/29/19 01:00:00 PM,26.378,100.000,,,,,
6374,06/29/19 01:05:00 PM,26.426,100.000,,,,,
6375,06/29/19 01:10:00 PM,26.426,100.000,,,,,
6376,06/29/19 01:15:00 PM,26.720,100.000,,,,,
6377,06/29/19 01:20:00 PM,26.695,100.000,,,,,
6378,06/29/19 01:25:00 PM,26.695,100.000,,,,,
6379,06/29/19 01:30:00 PM,26.769,100.000,,,,,
6380,06/29/19 01:35:00 PM,26.646,100.000,,,,,
6381,06/29/19 01:40:00 PM,26.671,100.000,,,,,
6382,06/29/19 01:45:00 PM,26.867,100.000,,,,,
6383,06/29/19 01:50:00 PM,26.818,100.000,,,,,
6384,06/29/19 01:55:00 PM,26.891,100.000,,,,,
6385,06/29/19 02:00:00 PM,26.940,100.000,,,,,
6386,06/29/19 02:05:00 PM,27.284,100.000,,,,,
6387,06/29/19 02:10:00 PM,27.554,100.000,,,,,
6388,06/29/19 02:15:00 PM,27.653,100.000,,,,,
6389,06/29/19 02:20:00 PM,27.825,100.000,,,,,
6390,06/29/19 02:25:00 PM,27.949,100.000,,,,,
6391,06/29/19 02:30:00 PM,28.221,100.000,,,,,
6392,06/29/19 02:35:00 PM,28.468,100.000,,,,,
6393,06/29/19 02:40:00 PM,28.841,100.000,,,,,
6394,06/29/19 02:45:00 PM,28.990,100.000,,,,,
6395,06/29/19 02:50:00 PM,28.295,100.000,,,,,
6396,06/29/19 02:55:00 PM,28.048,100.000,,,,,
6397,06/29/19 03:00:00 PM,28.147,100.000,,,,,
6398,06/29/19 03:05:00 PM,28.221,100.000,,,,,
6399,06/29/19 03:10:00 PM,28.394,100.000,,,,,
6400,06/29/19 03:15:00 PM,28.048,100.000,,,,,
6401,06/29/19 03:20:00 PM,27.825,100.000,,,,,
6402,06/29/19 03:25:00 PM,28.171,100.000,,,,,
6403,06/29/19 03:30:00 PM,28.369,100.000,,,,,
6404,06/29/19 03:35:00 PM,28.097,100.000,,,,,
6405,06/29/19 03:40:00 PM,27.850,100.000,,,,,
6406,06/29/19 03:45:00 PM,27.727,100.000,,,,,
6407,06/29/19 03:50:00 PM,27.604,100.000,,,,,
6408,06/29/19 03:55:00 PM,27.505,100.000,,,,,
6409,06/29/19 04:00:00 PM,27.481,100.000,,,,,
6410,06/29/19 04:05:00 PM,27.431,100.000,,,,,
6411,06/29/19 04:10:00 PM,27.333,100.000,,,,,
6412,06/29/19 04:15:00 PM,27.259,100.000,,,,,
6413,06/29/19 04:20:00 PM,27.530,100.000,,,,,
6414,06/29/19 04:25:00 PM,27.801,100.000,,,,,
6415,06/29/19 04:30:00 PM,27.801,100.000,,,,,
6416,06/29/19 04:35:00 PM,27.677,100.000,,,,,
6417,06/29/19 04:40:00 PM,27.554,100.000,,,,,
6418,06/29/19 04:45:00 PM,27.431,100.000,,,,,
6419,06/29/19 04:50:00 PM,27.358,100.000,,,,,
6420,06/29/19 04:55:00 PM,27.407,100.000,,,,,
6421,06/29/19 05:00:00 PM,27.579,100.000,,,,,
6422,06/29/19 05:05:00 PM,27.801,100.000,,,,,
6423,06/29/19 05:10:00 PM,27.899,100.000,,,,,
6424,06/29/19 05:15:00 PM,27.899,100.000,,,,,
6425,06/29/19 05:20:00 PM,27.825,100.000,,,,,
6426,06/29/19 05:25:00 PM,27.776,100.000,,,,,
6427,06/29/19 05:30:00 PM,27.825,100.000,,,,,
6428,06/29/19 05:35:00 PM,27.924,100.000,,,,,
6429,06/29/19 05:40:00 PM,28.048,100.000,,,,,
6430,06/29/19 05:45:00 PM,28.122,100.000,,,,,
6431,06/29/19 05:50:00 PM,28.171,100.000,,,,,
6432,06/29/19 05:55:00 PM,28.147,100.000,,,,,
6433,06/29/19 06:00:00 PM,28.072,100.000,,,,,
6434,06/29/19 06:05:00 PM,27.974,100.000,,,,,
6435,06/29/19 06:10:00 PM,27.875,100.000,,,,,
6436,06/29/19 06:15:00 PM,27.801,100.000,,,,,
6437,06/29/19 06:20:00 PM,27.801,100.000,,,,,
6438,06/29/19 06:25:00 PM,27.850,100.000,,,,,
6439,06/29/19 06:30:00 PM,27.850,100.000,,,,,
6440,06/29/19 06:35:00 PM,27.776,100.000,,,,,
6441,06/29/19 06:40:00 PM,27.653,100.000,,,,,
6442,06/29/19 06:45:00 PM,27.456,100.000,,,,,
6443,06/29/19 06:50:00 PM,27.284,100.000,,,,,
6444,06/29/19 06:55:00 PM,27.136,100.000,,,,,
6445,06/29/19 07:00:00 PM,27.038,100.000,,,,,
6446,06/29/19 07:05:00 PM,26.916,100.000,,,,,
6447,06/29/19 07:10:00 PM,26.818,100.000,,,,,
6448,06/29/19 07:15:00 PM,26.744,100.000,,,,,
6449,06/29/19 07:20:00 PM,26.695,100.000,,,,,
6450,06/29/19 07:25:00 PM,26.622,100.000,,,,,
6451,06/29/19 07:30:00 PM,26.549,100.000,,,,,
6452,06/29/19 07:35:00 PM,26.475,100.000,,,,,
6453,06/29/19 07:40:00 PM,26.451,100.000,,,,,
6454,06/29/19 07:45:00 PM,26.378,100.000,,,,,
6455,06/29/19 07:50:00 PM,26.304,100.000,,,,,
6456,06/29/19 07:55:00 PM,26.134,100.000,,,,,
6457,06/29/19 08:00:00 PM,26.012,100.000,,,,,
6458,06/29/19 08:05:00 PM,25.866,100.000,,,,,
6459,06/29/19 08:10:00 PM,25.841,100.000,,,,,
6460,06/29/19 08:15:00 PM,25.768,100.000,,,,,
6461,06/29/19 08:20:00 PM,25.647,100.000,,,,,
6462,06/29/19 08:25:00 PM,25.525,100.000,,,,,
6463,06/29/19 08:30:00 PM,25.404,100.000,,,,,
6464,06/29/19 08:35:00 PM,25.331,100.000,,,,,
6465,06/29/19 08:40:00 PM,25.283,100.000,,,,,
6466,06/29/19 08:45:00 PM,25.210,100.000,,,,,
6467,06/29/19 08:50:00 PM,25.162,100.000,,,,,
6468,06/29/19 08:55:00 PM,25.113,100.000,,,,,
6469,06/29/19 09:00:00 PM,25.016,100.000,,,,,
6470,06/29/19 09:05:00 PM,24.895,100.000,,,,,
6471,06/29/19 09:10:00 PM,24.750,100.000,,,,,
6472,06/29/19 09:15:00 PM,24.629,100.000,,,,,
6473,06/29/19 09:20:00 PM,24.532,100.000,,,,,
6474,06/29/19 09:25:00 PM,24.436,100.000,,,,,
6475,06/29/19 09:30:00 PM,24.363,100.000,,,,,
6476,06/29/19 09:35:00 PM,24.315,100.000,,,,,
6477,06/29/19 09:40:00 PM,24.267,100.000,,,,,
6478,06/29/19 09:45:00 PM,24.243,100.000,,,,,
6479,06/29/19 09:50:00 PM,24.171,100.000,,,,,
6480,06/29/19 09:55:00 PM,24.098,100.000,,,,,
6481,06/29/19 10:00:00 PM,24.050,100.000,,,,,
6482,06/29/19 10:05:00 PM,24.026,100.000,,,,,
6483,06/29/19 10:10:00 PM,24.074,100.000,,,,,
6484,06/29/19 10:15:00 PM,24.122,100.000,,,,,
6485,06/29/19 10:20:00 PM,24.050,100.000,,,,,
6486,06/29/19 10:25:00 PM,24.026,100.000,,,,,
6487,06/29/19 10:30:00 PM,23.978,100.000,,,,,
6488,06/29/19 10:35:00 PM,23.954,100.000,,,,,
6489,06/29/19 10:40:00 PM,23.930,100.000,,,,,
6490,06/29/19 10:45:00 PM,23.954,100.000,,,,,
6491,06/29/19 10:50:00 PM,23.954,100.000,,,,,
6492,06/29/19 10:55:00 PM,23.905,100.000,,,,,
6493,06/29/19 11:00:00 PM,23.857,100.000,,,,,
6494,06/29/19 11:05:00 PM,23.809,100.000,,,,,
6495,06/29/19 11:10:00 PM,23.761,100.000,,,,,
6496,06/29/19 11:15:00 PM,23.737,100.000,,,,,
6497,06/29/19 11:20:00 PM,23.689,100.000,,,,,
6498,06/29/19 11:25:00 PM,23.617,100.000,,,,,
6499,06/29/19 11:30:00 PM,23.617,100.000,,,,,
6500,06/29/19 11:35:00 PM,23.641,100.000,,,,,
6501,06/29/19 11:40:00 PM,23.617,100.000,,,,,
6502,06/29/19 11:45:00 PM,23.617,100.000,,,,,
6503,06/29/19 11:50:00 PM,23.545,100.000,,,,,
6504,06/29/19 11:55:00 PM,23.521,100.000,,,,,
6505,06/30/19 12:00:00 AM,23.472,100.000,,,,,
6506,06/30/19 12:05:00 AM,23.424,100.000,,,,,
6507,06/30/19 12:10:00 AM,23.400,100.000,,,,,
6508,06/30/19 12:15:00 AM,23.352,100.000,,,,,
6509,06/30/19 12:20:00 AM,23.256,100.000,,,,,
6510,06/30/19 12:25:00 AM,23.208,100.000,,,,,
6511,06/30/19 12:30:00 AM,23.184,100.000,,,,,
6512,06/30/19 12:35:00 AM,23.256,100.000,,,,,
6513,06/30/19 12:40:00 AM,23.256,100.000,,,,,
6514,06/30/19 12:45:00 AM,23.256,100.000,,,,,
6515,06/30/19 12:50:00 AM,23.184,100.000,,,,,
6516,06/30/19 12:55:00 AM,23.112,100.000,,,,,
6517,06/30/19 01:00:00 AM,23.088,100.000,,,,,
6518,06/30/19 01:05:00 AM,23.016,100.000,,,,,
6519,06/30/19 01:10:00 AM,23.016,100.000,,,,,
6520,06/30/19 01:15:00 AM,23.016,100.000,,,,,
6521,06/30/19 01:20:00 AM,22.992,100.000,,,,,
6522,06/30/19 01:25:00 AM,22.992,100.000,,,,,
6523,06/30/19 01:30:00 AM,22.944,100.000,,,,,
6524,06/30/19 01:35:00 AM,22.920,100.000,,,,,
6525,06/30/19 01:40:00 AM,22.944,100.000,,,,,
6526,06/30/19 01:45:00 AM,22.968,100.000,,,,,
6527,06/30/19 01:50:00 AM,22.968,100.000,,,,,
6528,06/30/19 01:55:00 AM,22.920,100.000,,,,,
6529,06/30/19 02:00:00 AM,22.848,100.000,,,,,
6530,06/30/19 02:05:00 AM,22.824,100.000,,,,,
6531,06/30/19 02:10:00 AM,22.753,100.000,,,,,
6532,06/30/19 02:15:00 AM,22.681,100.000,,,,,
6533,06/30/19 02:20:00 AM,22.633,100.000,,,,,
6534,06/30/19 02:25:00 AM,22.657,100.000,,,,,
6535,06/30/19 02:30:00 AM,22.705,100.000,,,,,
6536,06/30/19 02:35:00 AM,22.753,100.000,,,,,
6537,06/30/19 02:40:00 AM,22.729,100.000,,,,,
6538,06/30/19 02:45:00 AM,22.681,100.000,,,,,
6539,06/30/19 02:50:00 AM,22.657,100.000,,,,,
6540,06/30/19 02:55:00 AM,22.633,100.000,,,,,
6541,06/30/19 03:00:00 AM,22.633,100.000,,,,,
6542,06/30/19 03:05:00 AM,22.633,100.000,,,,,
6543,06/30/19 03:10:00 AM,22.657,100.000,,,,,
6544,06/30/19 03:15:00 AM,22.657,100.000,,,,,
6545,06/30/19 03:20:00 AM,22.705,100.000,,,,,
6546,06/30/19 03:25:00 AM,22.729,100.000,,,,,
6547,06/30/19 03:30:00 AM,22.705,100.000,,,,,
6548,06/30/19 03:35:00 AM,22.705,100.000,,,,,
6549,06/30/19 03:40:00 AM,22.753,100.000,,,,,
6550,06/30/19 03:45:00 AM,22.753,100.000,,,,,
6551,06/30/19 03:50:00 AM,22.705,100.000,,,,,
6552,06/30/19 03:55:00 AM,22.705,100.000,,,,,
6553,06/30/19 04:00:00 AM,22.705,100.000,,,,,
6554,06/30/19 04:05:00 AM,22.657,100.000,,,,,
6555,06/30/19 04:10:00 AM,22.657,100.000,,,,,
6556,06/30/19 04:15:00 AM,22.633,100.000,,,,,
6557,06/30/19 04:20:00 AM,22.609,100.000,,,,,
6558,06/30/19 04:25:00 AM,22.585,100.000,,,,,
6559,06/30/19 04:30:00 AM,22.561,100.000,,,,,
6560,06/30/19 04:35:00 AM,22.537,100.000,,,,,
6561,06/30/19 04:40:00 AM,22.561,100.000,,,,,
6562,06/30/19 04:45:00 AM,22.561,100.000,,,,,
6563,06/30/19 04:50:00 AM,22.561,100.000,,,,,
6564,06/30/19 04:55:00 AM,22.561,100.000,,,,,
6565,06/30/19 05:00:00 AM,22.609,100.000,,,,,
6566,06/30/19 05:05:00 AM,22.585,100.000,,,,,
6567,06/30/19 05:10:00 AM,22.585,100.000,,,,,
6568,06/30/19 05:15:00 AM,22.585,100.000,,,,,
6569,06/30/19 05:20:00 AM,22.657,100.000,,,,,
6570,06/30/19 05:25:00 AM,22.633,100.000,,,,,
6571,06/30/19 05:30:00 AM,22.609,100.000,,,,,
6572,06/30/19 05:35:00 AM,22.561,100.000,,,,,
6573,06/30/19 05:40:00 AM,22.537,100.000,,,,,
6574,06/30/19 05:45:00 AM,22.561,100.000,,,,,
6575,06/30/19 05:50:00 AM,22.513,100.000,,,,,
6576,06/30/19 05:55:00 AM,22.489,100.000,,,,,
6577,06/30/19 06:00:00 AM,22.513,100.000,,,,,
6578,06/30/19 06:05:00 AM,22.465,100.000,,,,,
6579,06/30/19 06:10:00 AM,22.417,100.000,,,,,
6580,06/30/19 06:15:00 AM,22.393,100.000,,,,,
6581,06/30/19 06:20:00 AM,22.417,100.000,,,,,
6582,06/30/19 06:25:00 AM,22.417,100.000,,,,,
6583,06/30/19 06:30:00 AM,22.441,100.000,,,,,
6584,06/30/19 06:35:00 AM,22.465,100.000,,,,,
6585,06/30/19 06:40:00 AM,22.441,100.000,,,,,
6586,06/30/19 06:45:00 AM,22.417,100.000,,,,,
6587,06/30/19 06:50:00 AM,22.393,100.000,,,,,
6588,06/30/19 06:55:00 AM,22.345,100.000,,,,,
6589,06/30/19 07:00:00 AM,22.369,100.000,,,,,
6590,06/30/19 07:05:00 AM,22.369,100.000,,,,,
6591,06/30/19 07:10:00 AM,22.393,100.000,,,,,
6592,06/30/19 07:15:00 AM,22.393,100.000,,,,,
6593,06/30/19 07:20:00 AM,22.417,100.000,,,,,
6594,06/30/19 07:25:00 AM,22.417,100.000,,,,,
6595,06/30/19 07:30:00 AM,22.465,100.000,,,,,
6596,06/30/19 07:35:00 AM,22.561,100.000,,,,,
6597,06/30/19 07:40:00 AM,22.657,100.000,,,,,
6598,06/30/19 07:45:00 AM,22.729,100.000,,,,,
6599,06/30/19 07:50:00 AM,22.800,100.000,,,,,
6600,06/30/19 07:55:00 AM,22.896,100.000,,,,,
6601,06/30/19 08:00:00 AM,22.992,100.000,,,,,
6602,06/30/19 08:05:00 AM,23.088,100.000,,,,,
6603,06/30/19 08:10:00 AM,23.184,100.000,,,,,
6604,06/30/19 08:15:00 AM,23.280,100.000,,,,,
6605,06/30/19 08:20:00 AM,23.352,100.000,,,,,
6606,06/30/19 08:25:00 AM,23.424,100.000,,,,,
6607,06/30/19 08:30:00 AM,23.497,100.000,,,,,
6608,06/30/19 08:35:00 AM,23.569,100.000,,,,,
6609,06/30/19 08:40:00 AM,23.665,100.000,,,,,
6610,06/30/19 08:45:00 AM,23.737,100.000,,,,,
6611,06/30/19 08:50:00 AM,23.809,100.000,,,,,
6612,06/30/19 08:55:00 AM,23.905,100.000,,,,,
6613,06/30/19 09:00:00 AM,23.978,100.000,,,,,
6614,06/30/19 09:05:00 AM,24.098,100.000,,,,,
6615,06/30/19 09:10:00 AM,24.171,100.000,,,,,
6616,06/30/19 09:15:00 AM,24.291,100.000,,,,,
6617,06/30/19 09:20:00 AM,24.412,100.000,,,,,
6618,06/30/19 09:25:00 AM,24.532,100.000,,,,,
6619,06/30/19 09:30:00 AM,24.629,100.000,,,,,
6620,06/30/19 09:35:00 AM,24.774,100.000,,,,,
6621,06/30/19 09:40:00 AM,25.016,100.000,,,,,
6622,06/30/19 09:45:00 AM,25.210,100.000,,,,,
6623,06/30/19 09:50:00 AM,25.307,100.000,,,,,
6624,06/30/19 09:55:00 AM,25.428,100.000,,,,,
6625,06/30/19 10:00:00 AM,25.501,100.000,,,,,
6626,06/30/19 10:05:00 AM,25.598,100.000,,,,,
6627,06/30/19 10:10:00 AM,25.695,100.000,,,,,
6628,06/30/19 10:15:00 AM,25.744,100.000,,,,,
6629,06/30/19 10:20:00 AM,25.841,100.000,,,,,
6630,06/30/19 10:25:00 AM,25.939,100.000,,,,,
6631,06/30/19 10:30:00 AM,26.036,100.000,,,,,
6632,06/30/19 10:35:00 AM,26.085,100.000,,,,,
6633,06/30/19 10:40:00 AM,26.036,100.000,,,,,
6634,06/30/19 10:45:00 AM,26.061,100.000,,,,,
6635,06/30/19 10:50:00 AM,26.061,100.000,,,,,
6636,06/30/19 10:55:00 AM,26.085,100.000,,,,,
6637,06/30/19 11:00:00 AM,26.109,100.000,,,,,
6638,06/30/19 11:05:00 AM,26.134,100.000,,,,,
6639,06/30/19 11:10:00 AM,26.304,100.000,,,,,
6640,06/30/19 11:15:00 AM,26.475,100.000,,,,,
6641,06/30/19 11:20:00 AM,26.573,100.000,,,,,
6642,06/30/19 11:25:00 AM,26.622,100.000,,,,,
6643,06/30/19 11:30:00 AM,26.744,100.000,,,,,
6644,06/30/19 11:35:00 AM,26.818,100.000,,,,,
6645,06/30/19 11:40:00 AM,26.916,100.000,,,,,
6646,06/30/19 11:45:00 AM,27.014,100.000,,,,,
6647,06/30/19 11:50:00 AM,27.161,100.000,,,,,
6648,06/30/19 11:55:00 AM,27.161,100.000,,,,,
6649,06/30/19 12:00:00 PM,27.038,100.000,,,,,
6650,06/30/19 12:05:00 PM,26.769,100.000,,,,,
6651,06/30/19 12:10:00 PM,26.769,100.000,,,,,
6652,06/30/19 12:15:00 PM,26.916,100.000,,,,,
6653,06/30/19 12:20:00 PM,27.210,100.000,,,,,
6654,06/30/19 12:25:00 PM,27.407,100.000,,,,,
6655,06/30/19 12:30:00 PM,27.579,100.000,,,,,
6656,06/30/19 12:35:00 PM,27.604,100.000,,,,,
6657,06/30/19 12:40:00 PM,27.628,100.000,,,,,
6658,06/30/19 12:45:00 PM,27.677,100.000,,,,,
6659,06/30/19 12:50:00 PM,27.850,100.000,,,,,
6660,06/30/19 12:55:00 PM,28.023,100.000,,,,,
6661,06/30/19 01:00:00 PM,28.048,100.000,,,,,
6662,06/30/19 01:05:00 PM,27.998,100.000,,,,,
6663,06/30/19 01:10:00 PM,28.048,100.000,,,,,
6664,06/30/19 01:15:00 PM,28.221,100.000,,,,,
6665,06/30/19 01:20:00 PM,28.419,100.000,,,,,
6666,06/30/19 01:25:00 PM,28.543,100.000,,,,,
6667,06/30/19 01:30:00 PM,28.617,100.000,,,,,
6668,06/30/19 01:35:00 PM,28.593,100.000,,,,,
6669,06/30/19 01:40:00 PM,28.518,100.000,,,,,
6670,06/30/19 01:45:00 PM,28.593,100.000,,,,,
6671,06/30/19 01:50:00 PM,28.667,100.000,,,,,
6672,06/30/19 01:55:00 PM,28.742,100.000,,,,,
6673,06/30/19 02:00:00 PM,28.941,100.000,,,,,
6674,06/30/19 02:05:00 PM,29.065,100.000,,,,,
6675,06/30/19 02:10:00 PM,29.015,100.000,,,,,
6676,06/30/19 02:15:00 PM,29.015,100.000,,,,,
6677,06/30/19 02:20:00 PM,29.065,99.385,,,,,
6678,06/30/19 02:25:00 PM,29.240,97.783,,,,,
6679,06/30/19 02:30:00 PM,29.439,97.182,,,,,
6680,06/30/19 02:35:00 PM,29.439,97.074,,,,,
6681,06/30/19 02:40:00 PM,29.315,97.014,,,,,
6682,06/30/19 02:45:00 PM,29.140,97.078,,,,,
6683,06/30/19 02:50:00 PM,28.965,97.088,,,,,
6684,06/30/19 02:55:00 PM,28.916,97.048,,,,,
6685,06/30/19 03:00:00 PM,29.165,96.595,,,,,
6686,06/30/19 03:05:00 PM,29.290,96.354,,,,,
6687,06/30/19 03:10:00 PM,29.290,96.108,,,,,
6688,06/30/19 03:15:00 PM,29.515,95.782,,,,,
6689,06/30/19 03:20:00 PM,29.865,95.542,,,,,
6690,06/30/19 03:25:00 PM,29.991,94.941,,,,,
6691,06/30/19 03:30:00 PM,29.890,94.696,,,,,
6692,06/30/19 03:35:00 PM,29.765,95.077,,,,,
6693,06/30/19 03:40:00 PM,29.790,95.111,,,,,
6694,06/30/19 03:45:00 PM,29.991,94.969,,,,,
6695,06/30/19 03:50:00 PM,30.243,94.121,,,,,
6696,06/30/19 03:55:00 PM,30.293,93.497,,,,,
6697,06/30/19 04:00:00 PM,30.268,93.602,,,,,
6698,06/30/19 04:05:00 PM,30.142,94.152,,,,,
6699,06/30/19 04:10:00 PM,29.966,93.970,,,,,
6700,06/30/19 04:15:00 PM,29.890,93.619,,,,,
6701,06/30/19 04:20:00 PM,29.916,93.238,,,,,
6702,06/30/19 04:25:00 PM,29.966,93.250,,,,,
6703,06/30/19 04:30:00 PM,29.916,93.736,,,,,
6704,06/30/19 04:35:00 PM,29.715,93.714,,,,,
6705,06/30/19 04:40:00 PM,29.490,94.183,,,,,
6706,06/30/19 04:45:00 PM,29.340,94.421,,,,,
6707,06/30/19 04:50:00 PM,29.215,94.802,,,,,
6708,06/30/19 04:55:00 PM,29.190,95.043,,,,,
6709,06/30/19 05:00:00 PM,29.115,95.052,,,,,
6710,06/30/19 05:05:00 PM,28.965,95.370,,,,,
6711,06/30/19 05:10:00 PM,28.791,95.600,,,,,
6712,06/30/19 05:15:00 PM,28.667,95.896,,,,,
6713,06/30/19 05:20:00 PM,28.543,95.919,,,,,
6714,06/30/19 05:25:00 PM,28.593,95.877,,,,,
6715,06/30/19 05:30:00 PM,28.816,95.606,,,,,
6716,06/30/19 05:35:00 PM,28.965,95.589,,,,,
6717,06/30/19 05:40:00 PM,29.065,95.532,,,,,
6718,06/30/19 05:45:00 PM,29.290,95.287,,,,,
6719,06/30/19 05:50:00 PM,29.640,95.293,,,,,
6720,06/30/19 05:55:00 PM,29.941,93.908,,,,,
6721,06/30/19 06:00:00 PM,30.091,94.029,,,,,
6722,06/30/19 06:05:00 PM,30.091,94.084,,,,,
6723,06/30/19 06:10:00 PM,30.117,94.118,,,,,
6724,06/30/19 06:15:00 PM,30.041,93.988,,,,,
6725,06/30/19 06:20:00 PM,29.840,94.160,,,,,
6726,06/30/19 06:25:00 PM,29.615,94.379,,,,,
6727,06/30/19 06:30:00 PM,29.240,94.671,,,,,
6728,06/30/19 06:35:00 PM,28.692,94.754,,,,,
6729,06/30/19 06:40:00 PM,28.196,95.476,,,,,
6730,06/30/19 06:45:00 PM,27.825,95.872,,,,,
6731,06/30/19 06:50:00 PM,27.604,96.819,,,,,
6732,06/30/19 06:55:00 PM,27.554,96.887,,,,,
6733,06/30/19 07:00:00 PM,27.653,96.886,,,,,
6734,06/30/19 07:05:00 PM,27.801,96.680,,,,,
6735,06/30/19 07:10:00 PM,27.924,96.414,,,,,
6736,06/30/19 07:15:00 PM,27.974,96.426,,,,,
6737,06/30/19 07:20:00 PM,27.998,96.487,,,,,
6738,06/30/19 07:25:00 PM,28.023,96.547,,,,,
6739,06/30/19 07:30:00 PM,27.949,96.691,,,,,
6740,06/30/19 07:35:00 PM,27.801,96.924,,,,,
6741,06/30/19 07:40:00 PM,27.677,97.216,,,,,
6742,06/30/19 07:45:00 PM,27.554,97.562,,,,,
6743,06/30/19 07:50:00 PM,27.456,97.698,,,,,
6744,06/30/19 07:55:00 PM,27.358,97.726,,,,,
6745,06/30/19 08:00:00 PM,27.308,98.009,,,,,
6746,06/30/19 08:05:00 PM,27.259,98.131,,,,,
6747,06/30/19 08:10:00 PM,27.210,98.172,,,,,
6748,06/30/19 08:15:00 PM,27.161,98.159,,,,,
6749,06/30/19 08:20:00 PM,27.112,98.146,,,,,
6750,06/30/19 08:25:00 PM,27.038,98.368,,,,,
6751,06/30/19 08:30:00 PM,26.989,98.703,,,,,
6752,06/30/19 08:35:00 PM,26.940,98.797,,,,,
6753,06/30/19 08:40:00 PM,26.891,98.945,,,,,
6754,06/30/19 08:45:00 PM,26.818,99.032,,,,,
6755,06/30/19 08:50:00 PM,26.744,99.119,,,,,
6756,06/30/19 08:55:00 PM,26.695,99.373,,,,,
6757,06/30/19 09:00:00 PM,26.646,99.520,,,,,
6758,06/30/19 09:05:00 PM,26.598,99.666,,,,,
6759,06/30/19 09:10:00 PM,26.549,99.707,,,,,
6760,06/30/19 09:15:00 PM,26.524,99.860,,,,,
6761,06/30/19 09:20:00 PM,26.500,99.853,,,,,
6762,06/30/19 09:25:00 PM,26.451,99.973,,,,,
6763,06/30/19 09:30:00 PM,26.426,100.000,,,,,
6764,06/30/19 09:35:00 PM,26.378,100.000,,,,,
6765,06/30/19 09:40:00 PM,26.353,100.000,,,,,
6766,06/30/19 09:45:00 PM,26.329,100.000,,,,,
6767,06/30/19 09:50:00 PM,26.280,100.000,,,,,
6768,06/30/19 09:55:00 PM,26.231,100.000,,,,,
6769,06/30/19 10:00:00 PM,26.207,100.000,,,,,
6770,06/30/19 10:05:00 PM,26.182,100.000,,,,,
6771,06/30/19 10:10:00 PM,26.134,100.000,,,,,
6772,06/30/19 10:15:00 PM,26.061,100.000,,,,,
6773,06/30/19 10:20:00 PM,25.987,100.000,,,,,
6774,06/30/19 10:25:00 PM,25.890,100.000,,,,,
6775,06/30/19 10:30:00 PM,25.841,100.000,,,,,
6776,06/30/19 10:35:00 PM,25.744,100.000,,,,,
6777,06/30/19 10:40:00 PM,25.647,100.000,,,,,
6778,06/30/19 10:45:00 PM,25.598,100.000,,,,,
6779,06/30/19 10:50:00 PM,25.501,100.000,,,,,
6780,06/30/19 10:55:00 PM,25.404,100.000,,,,,
6781,06/30/19 11:00:00 PM,25.355,100.000,,,,,
6782,06/30/19 11:05:00 PM,25.307,100.000,,,,,
6783,06/30/19 11:10:00 PM,25.234,100.000,,,,,
6784,06/30/19 11:15:00 PM,25.210,100.000,,,,,
6785,06/30/19 11:20:00 PM,25.137,100.000,,,,,
6786,06/30/19 11:25:00 PM,25.065,100.000,,,,,
6787,06/30/19 11:30:00 PM,25.016,100.000,,,,,
6788,06/30/19 11:35:00 PM,24.968,100.000,,,,,
6789,06/30/19 11:40:00 PM,24.919,100.000,,,,,
6790,06/30/19 11:45:00 PM,24.823,100.000,,,,,
6791,06/30/19 11:50:00 PM,24.750,100.000,,,,,
6792,06/30/19 11:55:00 PM,24.677,100.000,,,,,
6793,07/01/19 12:00:00 AM,24.629,100.000,,,,,
6794,07/01/19 12:05:00 AM,24.581,100.000,,,,,
6795,07/01/19 12:10:00 AM,24.557,100.000,,,,,
6796,07/01/19 12:15:00 AM,24.508,100.000,,,,,
6797,07/01/19 12:20:00 AM,24.436,100.000,,,,,
6798,07/01/19 12:25:00 AM,24.388,100.000,,,,,
6799,07/01/19 12:30:00 AM,24.315,100.000,,,,,
6800,07/01/19 12:35:00 AM,24.267,100.000,,,,,
6801,07/01/19 12:40:00 AM,24.291,100.000,,,,,
6802,07/01/19 12:45:00 AM,24.243,100.000,,,,,
6803,07/01/19 12:50:00 AM,24.195,100.000,,,,,
6804,07/01/19 12:55:00 AM,24.122,100.000,,,,,
6805,07/01/19 01:00:00 AM,24.074,100.000,,,,,
6806,07/01/19 01:05:00 AM,24.074,100.000,,,,,
6807,07/01/19 01:10:00 AM,24.050,100.000,,,,,
6808,07/01/19 01:15:00 AM,24.026,100.000,,,,,
6809,07/01/19 01:20:00 AM,24.074,100.000,,,,,
6810,07/01/19 01:25:00 AM,24.122,100.000,,,,,
6811,07/01/19 01:30:00 AM,24.074,100.000,,,,,
6812,07/01/19 01:35:00 AM,24.026,100.000,,,,,
6813,07/01/19 01:40:00 AM,24.050,100.000,,,,,
6814,07/01/19 01:45:00 AM,24.074,100.000,,,,,
6815,07/01/19 01:50:00 AM,24.026,100.000,,,,,
6816,07/01/19 01:55:00 AM,24.002,100.000,,,,,
6817,07/01/19 02:00:00 AM,23.978,100.000,,,,,
6818,07/01/19 02:05:00 AM,23.930,100.000,,,,,
6819,07/01/19 02:10:00 AM,23.954,100.000,,,,,
6820,07/01/19 02:15:00 AM,23.954,100.000,,,,,
6821,07/01/19 02:20:00 AM,23.978,100.000,,,,,
6822,07/01/19 02:25:00 AM,24.002,100.000,,,,,
6823,07/01/19 02:30:00 AM,23.954,100.000,,,,,
6824,07/01/19 02:35:00 AM,23.857,100.000,,,,,
6825,07/01/19 02:40:00 AM,23.833,100.000,,,,,
6826,07/01/19 02:45:00 AM,23.857,100.000,,,,,
6827,07/01/19 02:50:00 AM,23.833,100.000,,,,,
6828,07/01/19 02:55:00 AM,23.833,100.000,,,,,
6829,07/01/19 03:00:00 AM,23.833,100.000,,,,,
6830,07/01/19 03:05:00 AM,23.785,100.000,,,,,
6831,07/01/19 03:10:00 AM,23.761,100.000,,,,,
6832,07/01/19 03:15:00 AM,23.713,100.000,,,,,
6833,07/01/19 03:20:00 AM,23.665,100.000,,,,,
6834,07/01/19 03:25:00 AM,23.665,100.000,,,,,
6835,07/01/19 03:30:00 AM,23.665,100.000,,,,,
6836,07/01/19 03:35:00 AM,23.713,100.000,,,,,
6837,07/01/19 03:40:00 AM,23.761,100.000,,,,,
6838,07/01/19 03:45:00 AM,23.809,100.000,,,,,
6839,07/01/19 03:50:00 AM,23.833,100.000,,,,,
6840,07/01/19 03:55:00 AM,23.833,100.000,,,,,
6841,07/01/19 04:00:00 AM,23.809,100.000,,,,,
6842,07/01/19 04:05:00 AM,23.833,100.000,,,,,
6843,07/01/19 04:10:00 AM,23.785,100.000,,,,,
6844,07/01/19 04:15:00 AM,23.713,100.000,,,,,
6845,07/01/19 04:20:00 AM,23.665,100.000,,,,,
6846,07/01/19 04:25:00 AM,23.665,100.000,,,,,
6847,07/01/19 04:30:00 AM,23.641,100.000,,,,,
6848,07/01/19 04:35:00 AM,23.665,100.000,,,,,
6849,07/01/19 04:40:00 AM,23.689,100.000,,,,,
6850,07/01/19 04:45:00 AM,23.665,100.000,,,,,
6851,07/01/19 04:50:00 AM,23.593,100.000,,,,,
6852,07/01/19 04:55:00 AM,23.569,100.000,,,,,
6853,07/01/19 05:00:00 AM,23.545,100.000,,,,,
6854,07/01/19 05:05:00 AM,23.569,100.000,,,,,
6855,07/01/19 05:10:00 AM,23.569,100.000,,,,,
6856,07/01/19 05:15:00 AM,23.593,100.000,,,,,
6857,07/01/19 05:20:00 AM,23.617,100.000,,,,,
6858,07/01/19 05:25:00 AM,23.569,100.000,,,,,
6859,07/01/19 05:30:00 AM,23.545,100.000,,,,,
6860,07/01/19 05:35:00 AM,23.521,100.000,,,,,
6861,07/01/19 05:40:00 AM,23.497,100.000,,,,,
6862,07/01/19 05:45:00 AM,23.472,100.000,,,,,
6863,07/01/19 05:50:00 AM,23.448,100.000,,,,,
6864,07/01/19 05:55:00 AM,23.472,100.000,,,,,
6865,07/01/19 06:00:00 AM,23.497,100.000,,,,,
6866,07/01/19 06:05:00 AM,23.472,100.000,,,,,
6867,07/01/19 06:10:00 AM,23.472,100.000,,,,,
6868,07/01/19 06:15:00 AM,23.472,100.000,,,,,
6869,07/01/19 06:20:00 AM,23.448,100.000,,,,,
6870,07/01/19 06:25:00 AM,23.448,100.000,,,,,
6871,07/01/19 06:30:00 AM,23.400,100.000,,,,,
6872,07/01/19 06:35:00 AM,23.328,100.000,,,,,
6873,07/01/19 06:40:00 AM,23.328,100.000,,,,,
6874,07/01/19 06:45:00 AM,23.304,100.000,,,,,
6875,07/01/19 06:50:00 AM,23.328,100.000,,,,,
6876,07/01/19 06:55:00 AM,23.352,100.000,,,,,
6877,07/01/19 07:00:00 AM,23.376,100.000,,,,,
6878,07/01/19 07:05:00 AM,23.352,100.000,,,,,
6879,07/01/19 07:10:00 AM,23.328,100.000,,,,,
6880,07/01/19 07:15:00 AM,23.376,100.000,,,,,
6881,07/01/19 07:20:00 AM,23.424,100.000,,,,,
6882,07/01/19 07:25:00 AM,23.472,100.000,,,,,
6883,07/01/19 07:30:00 AM,23.521,100.000,,,,,
6884,07/01/19 07:35:00 AM,23.545,100.000,,,,,
6885,07/01/19 07:40:00 AM,23.617,100.000,,,,,
6886,07/01/19 07:45:00 AM,23.689,100.000,,,,,
6887,07/01/19 07:50:00 AM,23.737,100.000,,,,,
6888,07/01/19 07:55:00 AM,23.809,100.000,,,,,
6889,07/01/19 08:00:00 AM,23.881,100.000,,,,,
6890,07/01/19 08:05:00 AM,23.954,100.000,,,,,
6891,07/01/19 08:10:00 AM,24.074,100.000,,,,,
6892,07/01/19 08:15:00 AM,24.195,100.000,,,,,
6893,07/01/19 08:20:00 AM,24.291,100.000,,,,,
6894,07/01/19 08:25:00 AM,24.436,100.000,,,,,
6895,07/01/19 08:30:00 AM,24.581,100.000,,,,,
6896,07/01/19 08:35:00 AM,24.702,100.000,,,,,
6897,07/01/19 08:40:00 AM,24.823,100.000,,,,,
6898,07/01/19 08:45:00 AM,24.944,100.000,,,,,
6899,07/01/19 08:50:00 AM,25.040,100.000,,,,,
6900,07/01/19 08:55:00 AM,25.113,100.000,,,,,
6901,07/01/19 09:00:00 AM,25.210,100.000,,,,,
6902,07/01/19 09:05:00 AM,25.283,100.000,,,,,
6903,07/01/19 09:10:00 AM,25.355,100.000,,,,,
6904,07/01/19 09:15:00 AM,25.428,100.000,,,,,
6905,07/01/19 09:20:00 AM,25.550,100.000,,,,,
6906,07/01/19 09:25:00 AM,25.647,100.000,,,,,
6907,07/01/19 09:30:00 AM,25.695,100.000,,,,,
6908,07/01/19 09:35:00 AM,25.793,100.000,,,,,
6909,07/01/19 09:40:00 AM,26.036,100.000,,,,,
6910,07/01/19 09:45:00 AM,26.158,100.000,,,,,
6911,07/01/19 09:50:00 AM,26.256,100.000,,,,,
6912,07/01/19 09:55:00 AM,26.256,100.000,,,,,
6913,07/01/19 10:00:00 AM,26.280,100.000,,,,,
6914,07/01/19 10:05:00 AM,26.329,100.000,,,,,
6915,07/01/19 10:10:00 AM,26.426,100.000,,,,,
6916,07/01/19 10:15:00 AM,26.524,100.000,,,,,
6917,07/01/19 10:20:00 AM,26.671,100.000,,,,,
6918,07/01/19 10:25:00 AM,26.769,100.000,,,,,
6919,07/01/19 10:30:00 AM,26.916,100.000,,,,,
6920,07/01/19 10:35:00 AM,26.989,100.000,,,,,
6921,07/01/19 10:40:00 AM,27.063,100.000,,,,,
6922,07/01/19 10:45:00 AM,27.161,100.000,,,,,
6923,07/01/19 10:50:00 AM,27.259,100.000,,,,,
6924,07/01/19 10:55:00 AM,27.407,100.000,,,,,
6925,07/01/19 11:00:00 AM,27.554,100.000,,,,,
6926,07/01/19 11:05:00 AM,27.727,100.000,,,,,
6927,07/01/19 11:10:00 AM,27.850,100.000,,,,,
6928,07/01/19 11:15:00 AM,27.998,100.000,,,,,
6929,07/01/19 11:20:00 AM,28.147,100.000,,,,,
6930,07/01/19 11:25:00 AM,28.320,100.000,,,,,
6931,07/01/19 11:30:00 AM,28.444,100.000,,,,,
6932,07/01/19 11:35:00 AM,28.543,100.000,,,,,
6933,07/01/19 11:40:00 AM,28.617,100.000,,,,,
6934,07/01/19 11:45:00 AM,28.717,100.000,,,,,
6935,07/01/19 11:50:00 AM,28.866,99.574,,,,,
6936,07/01/19 11:55:00 AM,29.015,98.968,,,,,
6937,07/01/19 12:00:00 PM,29.090,98.610,,,,,
6938,07/01/19 12:05:00 PM,29.115,98.238,,,,,
6939,07/01/19 12:10:00 PM,29.065,97.738,,,,,
6940,07/01/19 12:15:00 PM,29.090,97.690,,,,,
6941,07/01/19 12:20:00 PM,29.165,97.438,,,,,
6942,07/01/19 12:25:00 PM,29.290,97.035,,,,,
6943,07/01/19 12:30:00 PM,29.414,97.013,,,,,
6944,07/01/19 12:35:00 PM,29.540,96.554,,,,,
6945,07/01/19 12:40:00 PM,29.715,95.806,,,,,
6946,07/01/19 12:45:00 PM,29.890,95.301,,,,,
6947,07/01/19 12:50:00 PM,29.991,95.189,,,,,
6948,07/01/19 12:55:00 PM,30.142,94.511,,,,,
6949,07/01/19 01:00:00 PM,30.268,94.404,,,,,
6950,07/01/19 01:05:00 PM,30.419,94.110,,,,,
6951,07/01/19 01:10:00 PM,30.545,93.559,,,,,
6952,07/01/19 01:15:00 PM,30.596,93.127,,,,,
6953,07/01/19 01:20:00 PM,30.672,92.644,,,,,
6954,07/01/19 01:25:00 PM,30.697,92.204,,,,,
6955,07/01/19 01:30:00 PM,30.798,92.033,,,,,
6956,07/01/19 01:35:00 PM,30.950,91.930,,,,,
6957,07/01/19 01:40:00 PM,31.026,90.911,,,,,
6958,07/01/19 01:45:00 PM,31.128,90.794,,,,,
6959,07/01/19 01:50:00 PM,31.103,90.844,,,,,
6960,07/01/19 01:55:00 PM,31.026,90.263,,,,,
6961,07/01/19 02:00:00 PM,31.153,89.588,,,,,
6962,07/01/19 02:05:00 PM,31.230,89.266,,,,,
6963,07/01/19 02:10:00 PM,31.026,89.869,,,,,
6964,07/01/19 02:15:00 PM,31.153,89.107,,,,,
6965,07/01/19 02:20:00 PM,31.663,88.771,,,,,
6966,07/01/19 02:25:00 PM,32.175,87.005,,,,,
6967,07/01/19 02:30:00 PM,32.253,86.736,,,,,
6968,07/01/19 02:35:00 PM,32.253,85.902,,,,,
6969,07/01/19 02:40:00 PM,32.742,84.826,,,,,
6970,07/01/19 02:45:00 PM,33.365,83.887,,,,,
6971,07/01/19 02:50:00 PM,34.019,83.620,,,,,
6972,07/01/19 02:55:00 PM,34.097,82.436,,,,,
6973,07/01/19 03:00:00 PM,33.966,81.879,,,,,
6974,07/01/19 03:05:00 PM,34.150,80.561,,,,,
6975,07/01/19 03:10:00 PM,34.334,80.836,,,,,
6976,07/01/19 03:15:00 PM,34.572,79.788,,,,,
6977,07/01/19 03:20:00 PM,34.624,79.502,,,,,
6978,07/01/19 03:25:00 PM,34.624,79.829,,,,,
6979,07/01/19 03:30:00 PM,34.492,79.326,,,,,
6980,07/01/19 03:35:00 PM,34.308,80.534,,,,,
6981,07/01/19 03:40:00 PM,34.019,79.052,,,,,
6982,07/01/19 03:45:00 PM,33.704,81.177,,,,,
6983,07/01/19 03:50:00 PM,33.443,81.710,,,,,
6984,07/01/19 03:55:00 PM,33.287,81.736,,,,,
6985,07/01/19 04:00:00 PM,33.027,82.179,,,,,
6986,07/01/19 04:05:00 PM,32.898,82.386,,,,,
6987,07/01/19 04:10:00 PM,32.872,82.205,,,,,
6988,07/01/19 04:15:00 PM,32.768,81.802,,,,,
6989,07/01/19 04:20:00 PM,32.717,82.494,,,,,
6990,07/01/19 04:25:00 PM,32.665,83.183,,,,,
6991,07/01/19 04:30:00 PM,32.458,83.313,,,,,
6992,07/01/19 04:35:00 PM,32.278,83.739,,,,,
6993,07/01/19 04:40:00 PM,32.253,83.879,,,,,
6994,07/01/19 04:45:00 PM,32.278,83.884,,,,,
6995,07/01/19 04:50:00 PM,32.381,83.732,,,,,
6996,07/01/19 04:55:00 PM,32.433,84.237,,,,,
6997,07/01/19 05:00:00 PM,32.381,83.616,,,,,
6998,07/01/19 05:05:00 PM,32.278,84.261,,,,,
6999,07/01/19 05:10:00 PM,32.021,84.581,,,,,
7000,07/01/19 05:15:00 PM,31.740,85.298,,,,,
7001,07/01/19 05:20:00 PM,31.561,85.460,,,,,
7002,07/01/19 05:25:00 PM,31.510,85.564,,,,,
7003,07/01/19 05:30:00 PM,31.689,84.768,,,,,
7004,07/01/19 05:35:00 PM,32.098,84.511,,,,,
7005,07/01/19 05:40:00 PM,32.484,84.161,,,,,
7006,07/01/19 05:45:00 PM,32.742,83.462,,,,,
7007,07/01/19 05:50:00 PM,32.768,83.496,,,,,
7008,07/01/19 05:55:00 PM,32.665,83.968,,,,,
7009,07/01/19 06:00:00 PM,32.407,83.476,,,,,
7010,07/01/19 06:05:00 PM,32.227,84.482,,,,,
7011,07/01/19 06:10:00 PM,32.124,85.499,,,,,
7012,07/01/19 06:15:00 PM,32.073,85.977,,,,,
7013,07/01/19 06:20:00 PM,32.021,86.253,,,,,
7014,07/01/19 06:25:00 PM,31.970,86.758,,,,,
7015,07/01/19 06:30:00 PM,31.919,86.746,,,,,
7016,07/01/19 06:35:00 PM,31.868,87.021,,,,,
7017,07/01/19 06:40:00 PM,31.816,87.124,,,,,
7018,07/01/19 06:45:00 PM,31.714,87.758,,,,,
7019,07/01/19 06:50:00 PM,31.586,87.786,,,,,
7020,07/01/19 06:55:00 PM,31.357,88.161,,,,,
7021,07/01/19 07:00:00 PM,31.026,88.879,,,,,
7022,07/01/19 07:05:00 PM,30.773,89.555,,,,,
7023,07/01/19 07:10:00 PM,30.621,90.055,,,,,
7024,07/01/19 07:15:00 PM,30.520,90.172,,,,,
7025,07/01/19 07:20:00 PM,30.444,90.351,,,,,
7026,07/01/19 07:25:00 PM,30.343,90.664,,,,,
7027,07/01/19 07:30:00 PM,30.243,90.949,,,,,
7028,07/01/19 07:35:00 PM,30.091,91.220,,,,,
7029,07/01/19 07:40:00 PM,29.941,91.603,,,,,
7030,07/01/19 07:45:00 PM,29.790,91.985,,,,,
7031,07/01/19 07:50:00 PM,29.665,92.372,,,,,
7032,07/01/19 07:55:00 PM,29.540,92.675,,,,,
7033,07/01/19 08:00:00 PM,29.414,92.949,,,,,
7034,07/01/19 08:05:00 PM,29.290,93.306,,,,,
7035,07/01/19 08:10:00 PM,29.140,93.600,,,,,
7036,07/01/19 08:15:00 PM,29.040,93.934,,,,,
7037,07/01/19 08:20:00 PM,28.916,94.096,,,,,
7038,07/01/19 08:25:00 PM,28.816,94.428,,,,,
7039,07/01/19 08:30:00 PM,28.742,94.602,,,,,
7040,07/01/19 08:35:00 PM,28.642,94.823,,,,,
7041,07/01/19 08:40:00 PM,28.568,95.051,,,,,
7042,07/01/19 08:45:00 PM,28.518,95.285,,,,,
7043,07/01/19 08:50:00 PM,28.468,95.463,,,,,
7044,07/01/19 08:55:00 PM,28.419,95.587,,,,,
7045,07/01/19 09:00:00 PM,28.345,95.650,,,,,
7046,07/01/19 09:05:00 PM,28.245,95.734,,,,,
7047,07/01/19 09:10:00 PM,28.147,95.981,,,,,
7048,07/01/19 09:15:00 PM,28.097,96.132,,,,,
7049,07/01/19 09:20:00 PM,28.023,96.222,,,,,
7050,07/01/19 09:25:00 PM,27.974,96.318,,,,,
7051,07/01/19 09:30:00 PM,27.949,96.528,,,,,
7052,07/01/19 09:35:00 PM,27.899,96.597,,,,,
7053,07/01/19 09:40:00 PM,27.850,96.639,,,,,
7054,07/01/19 09:45:00 PM,27.801,96.761,,,,,
7055,07/01/19 09:50:00 PM,27.702,96.736,,,,,
7056,07/01/19 09:55:00 PM,27.653,96.913,,,,,
7057,07/01/19 10:00:00 PM,27.628,97.150,,,,,
7058,07/01/19 10:05:00 PM,27.604,97.305,,,,,
7059,07/01/19 10:10:00 PM,27.554,97.346,,,,,
7060,07/01/19 10:15:00 PM,27.530,97.556,,,,,
7061,07/01/19 10:20:00 PM,27.456,97.537,,,,,
7062,07/01/19 10:25:00 PM,27.382,97.679,,,,,
7063,07/01/19 10:30:00 PM,27.308,97.714,,,,,
7064,07/01/19 10:35:00 PM,27.235,97.856,,,,,
7065,07/01/19 10:40:00 PM,27.161,97.944,,,,,
7066,07/01/19 10:45:00 PM,27.136,98.206,,,,,
7067,07/01/19 10:50:00 PM,27.087,98.247,,,,,
7068,07/01/19 10:55:00 PM,27.038,98.315,,,,,
7069,07/01/19 11:00:00 PM,27.014,98.335,,,,,
7070,07/01/19 11:05:00 PM,26.965,98.429,,,,,
7071,07/01/19 11:10:00 PM,26.965,98.536,,,,,
7072,07/01/19 11:15:00 PM,26.916,98.630,,,,,
7073,07/01/19 11:20:00 PM,26.867,98.564,,,,,
7074,07/01/19 11:25:00 PM,26.842,98.745,,,,,
7075,07/01/19 11:30:00 PM,26.793,98.839,,,,,
7076,07/01/19 11:35:00 PM,26.744,98.959,,,,,
7077,07/01/19 11:40:00 PM,26.671,98.993,,,,,
7078,07/01/19 11:45:00 PM,26.622,99.114,,,,,
7079,07/01/19 11:50:00 PM,26.549,99.228,,,,,
7080,07/01/19 11:55:00 PM,26.500,99.348,,,,,
7081,07/02/19 12:00:00 AM,26.475,99.474,,,,,
7082,07/02/19 12:05:00 AM,26.402,99.535,,,,,
7083,07/02/19 12:10:00 AM,26.329,99.595,,,,,
7084,07/02/19 12:15:00 AM,26.256,99.788,,,,,
7085,07/02/19 12:20:00 AM,26.182,99.927,,,,,
7086,07/02/19 12:25:00 AM,26.109,99.987,,,,,
7087,07/02/19 12:30:00 AM,26.061,100.000,,,,,
7088,07/02/19 12:35:00 AM,26.012,100.000,,,,,
7089,07/02/19 12:40:00 AM,25.963,100.000,,,,,
7090,07/02/19 12:45:00 AM,25.914,100.000,,,,,
7091,07/02/19 12:50:00 AM,25.866,100.000,,,,,
7092,07/02/19 12:55:00 AM,25.841,100.000,,,,,
7093,07/02/19 01:00:00 AM,25.841,100.000,,,,,
7094,07/02/19 01:05:00 AM,25.793,100.000,,,,,
7095,07/02/19 01:10:00 AM,25.744,100.000,,,,,
7096,07/02/19 01:15:00 AM,25.695,100.000,,,,,
7097,07/02/19 01:20:00 AM,25.647,100.000,,,,,
7098,07/02/19 01:25:00 AM,25.623,100.000,,,,,
7099,07/02/19 01:30:00 AM,25.574,100.000,,,,,
7100,07/02/19 01:35:00 AM,25.525,100.000,,,,,
7101,07/02/19 01:40:00 AM,25.453,100.000,,,,,
7102,07/02/19 01:45:00 AM,25.404,100.000,,,,,
7103,07/02/19 01:50:00 AM,25.380,100.000,,,,,
7104,07/02/19 01:55:00 AM,25.380,100.000,,,,,
7105,07/02/19 02:00:00 AM,25.355,100.000,,,,,
7106,07/02/19 02:05:00 AM,25.355,100.000,,,,,
7107,07/02/19 02:10:00 AM,25.307,100.000,,,,,
7108,07/02/19 02:15:00 AM,25.258,100.000,,,,,
7109,07/02/19 02:20:00 AM,25.234,100.000,,,,,
7110,07/02/19 02:25:00 AM,25.186,100.000,,,,,
7111,07/02/19 02:30:00 AM,25.137,100.000,,,,,
7112,07/02/19 02:35:00 AM,25.113,100.000,,,,,
7113,07/02/19 02:40:00 AM,25.089,100.000,,,,,
7114,07/02/19 02:45:00 AM,25.040,100.000,,,,,
7115,07/02/19 02:50:00 AM,24.992,100.000,,,,,
7116,07/02/19 02:55:00 AM,24.944,100.000,,,,,
7117,07/02/19 03:00:00 AM,24.944,100.000,,,,,
7118,07/02/19 03:05:00 AM,24.919,100.000,,,,,
7119,07/02/19 03:10:00 AM,24.871,100.000,,,,,
7120,07/02/19 03:15:00 AM,24.871,100.000,,,,,
7121,07/02/19 03:20:00 AM,24.847,100.000,,,,,
7122,07/02/19 03:25:00 AM,24.847,100.000,,,,,
7123,07/02/19 03:30:00 AM,24.798,100.000,,,,,
7124,07/02/19 03:35:00 AM,24.750,100.000,,,,,
7125,07/02/19 03:40:00 AM,24.702,100.000,,,,,
7126,07/02/19 03:45:00 AM,24.677,100.000,,,,,
7127,07/02/19 03:50:00 AM,24.653,100.000,,,,,
7128,07/02/19 03:55:00 AM,24.581,100.000,,,,,
7129,07/02/19 04:00:00 AM,24.508,100.000,,,,,
7130,07/02/19 04:05:00 AM,24.484,100.000,,,,,
7131,07/02/19 04:10:00 AM,24.508,100.000,,,,,
7132,07/02/19 04:15:00 AM,24.508,100.000,,,,,
7133,07/02/19 04:20:00 AM,24.484,100.000,,,,,
7134,07/02/19 04:25:00 AM,24.508,100.000,,,,,
7135,07/02/19 04:30:00 AM,24.532,100.000,,,,,
7136,07/02/19 04:35:00 AM,24.508,100.000,,,,,
7137,07/02/19 04:40:00 AM,24.484,100.000,,,,,
7138,07/02/19 04:45:00 AM,24.484,100.000,,,,,
7139,07/02/19 04:50:00 AM,24.460,100.000,,,,,
7140,07/02/19 04:55:00 AM,24.412,100.000,,,,,
7141,07/02/19 05:00:00 AM,24.363,100.000,,,,,
7142,07/02/19 05:05:00 AM,24.363,100.000,,,,,
7143,07/02/19 05:10:00 AM,24.339,100.000,,,,,
7144,07/02/19 05:15:00 AM,24.291,100.000,,,,,
7145,07/02/19 05:20:00 AM,24.267,100.000,,,,,
7146,07/02/19 05:25:00 AM,24.243,100.000,,,,,
7147,07/02/19 05:30:00 AM,24.219,100.000,,,,,
7148,07/02/19 05:35:00 AM,24.219,100.000,,,,,
7149,07/02/19 05:40:00 AM,24.195,100.000,,,,,
7150,07/02/19 05:45:00 AM,24.219,100.000,,,,,
7151,07/02/19 05:50:00 AM,24.243,100.000,,,,,
7152,07/02/19 05:55:00 AM,24.243,100.000,,,,,
7153,07/02/19 06:00:00 AM,24.267,100.000,,,,,
7154,07/02/19 06:05:00 AM,24.267,100.000,,,,,
7155,07/02/19 06:10:00 AM,24.243,100.000,,,,,
7156,07/02/19 06:15:00 AM,24.219,100.000,,,,,
7157,07/02/19 06:20:00 AM,24.219,100.000,,,,,
7158,07/02/19 06:25:00 AM,24.195,100.000,,,,,
7159,07/02/19 06:30:00 AM,24.219,100.000,,,,,
7160,07/02/19 06:35:00 AM,24.171,100.000,,,,,
7161,07/02/19 06:40:00 AM,24.122,100.000,,,,,
7162,07/02/19 06:45:00 AM,24.098,100.000,,,,,
7163,07/02/19 06:50:00 AM,24.098,100.000,,,,,
7164,07/02/19 06:55:00 AM,24.098,100.000,,,,,
7165,07/02/19 07:00:00 AM,24.074,100.000,,,,,
7166,07/02/19 07:05:00 AM,24.050,100.000,,,,,
7167,07/02/19 07:10:00 AM,24.050,100.000,,,,,
7168,07/02/19 07:15:00 AM,24.050,100.000,,,,,
7169,07/02/19 07:20:00 AM,24.050,100.000,,,,,
7170,07/02/19 07:25:00 AM,24.050,100.000,,,,,
7171,07/02/19 07:30:00 AM,24.074,100.000,,,,,
7172,07/02/19 07:35:00 AM,24.122,100.000,,,,,
7173,07/02/19 07:40:00 AM,24.195,100.000,,,,,
7174,07/02/19 07:45:00 AM,24.243,100.000,,,,,
7175,07/02/19 07:50:00 AM,24.315,100.000,,,,,
7176,07/02/19 07:55:00 AM,24.388,100.000,,,,,
7177,07/02/19 08:00:00 AM,24.484,100.000,,,,,
7178,07/02/19 08:05:00 AM,24.581,100.000,,,,,
7179,07/02/19 08:10:00 AM,24.653,100.000,,,,,
7180,07/02/19 08:15:00 AM,24.750,100.000,,,,,
7181,07/02/19 08:20:00 AM,24.847,100.000,,,,,
7182,07/02/19 08:25:00 AM,24.968,100.000,,,,,
7183,07/02/19 08:30:00 AM,25.065,100.000,,,,,
7184,07/02/19 08:35:00 AM,25.162,100.000,,,,,
7185,07/02/19 08:40:00 AM,25.258,100.000,,,,,
7186,07/02/19 08:45:00 AM,25.355,100.000,,,,,
7187,07/02/19 08:50:00 AM,25.453,100.000,,,,,
7188,07/02/19 08:55:00 AM,25.550,100.000,,,,,
7189,07/02/19 09:00:00 AM,25.647,100.000,,,,,
7190,07/02/19 09:05:00 AM,25.720,100.000,,,,,
7191,07/02/19 09:10:00 AM,25.817,100.000,,,,,
7192,07/02/19 09:15:00 AM,25.890,100.000,,,,,
7193,07/02/19 09:20:00 AM,25.987,100.000,,,,,
7194,07/02/19 09:25:00 AM,26.085,100.000,,,,,
7195,07/02/19 09:30:00 AM,26.158,100.000,,,,,
7196,07/02/19 09:35:00 AM,26.256,100.000,,,,,
7197,07/02/19 09:40:00 AM,26.451,100.000,,,,,
7198,07/02/19 09:45:00 AM,26.598,100.000,,,,,
7199,07/02/19 09:50:00 AM,26.695,100.000,,,,,
7200,07/02/19 09:55:00 AM,26.769,100.000,,,,,
7201,07/02/19 10:00:00 AM,26.842,100.000,,,,,
7202,07/02/19 10:05:00 AM,26.916,100.000,,,,,
7203,07/02/19 10:10:00 AM,26.965,100.000,,,,,
7204,07/02/19 10:15:00 AM,27.087,100.000,,,,,
7205,07/02/19 10:20:00 AM,27.210,100.000,,,,,
7206,07/02/19 10:25:00 AM,27.259,100.000,,,,,
7207,07/02/19 10:30:00 AM,27.333,100.000,,,,,
7208,07/02/19 10:35:00 AM,27.431,100.000,,,,,
7209,07/02/19 10:40:00 AM,27.579,99.928,,,,,
7210,07/02/19 10:45:00 AM,27.727,99.647,,,,,
7211,07/02/19 10:50:00 AM,27.924,99.592,,,,,
7212,07/02/19 10:55:00 AM,28.048,99.197,,,,,
7213,07/02/19 11:00:00 AM,28.196,98.833,,,,,
7214,07/02/19 11:05:00 AM,28.320,98.677,,,,,
7215,07/02/19 11:10:00 AM,28.444,98.225,,,,,
7216,07/02/19 11:15:00 AM,28.593,97.723,,,,,
7217,07/02/19 11:20:00 AM,28.816,97.239,,,,,
7218,07/02/19 11:25:00 AM,29.015,97.454,,,,,
7219,07/02/19 11:30:00 AM,29.165,96.949,,,,,
7220,07/02/19 11:35:00 AM,29.340,96.530,,,,,
7221,07/02/19 11:40:00 AM,29.464,95.989,,,,,
7222,07/02/19 11:45:00 AM,29.590,95.801,,,,,
7223,07/02/19 11:50:00 AM,29.715,95.943,,,,,
7224,07/02/19 11:55:00 AM,29.815,94.980,,,,,
7225,07/02/19 12:00:00 PM,29.991,95.134,,,,,
7226,07/02/19 12:05:00 PM,30.091,94.774,,,,,
7227,07/02/19 12:10:00 PM,30.167,94.268,,,,,
7228,07/02/19 12:15:00 PM,30.268,93.906,,,,,
7229,07/02/19 12:20:00 PM,30.318,93.780,,,,,
7230,07/02/19 12:25:00 PM,30.318,93.752,,,,,
7231,07/02/19 12:30:00 PM,30.394,93.244,,,,,
7232,07/02/19 12:35:00 PM,30.495,92.323,,,,,
7233,07/02/19 12:40:00 PM,30.646,92.443,,,,,
7234,07/02/19 12:45:00 PM,30.874,92.023,,,,,
7235,07/02/19 12:50:00 PM,31.052,90.889,,,,,
7236,07/02/19 12:55:00 PM,31.153,90.969,,,,,
7237,07/02/19 01:00:00 PM,31.281,90.154,,,,,
7238,07/02/19 01:05:00 PM,31.357,90.285,,,,,
7239,07/02/19 01:10:00 PM,31.408,89.393,,,,,
7240,07/02/19 01:15:00 PM,31.561,89.145,,,,,
7241,07/02/19 01:20:00 PM,31.689,88.493,,,,,
7242,07/02/19 01:25:00 PM,31.816,88.295,,,,,
7243,07/02/19 01:30:00 PM,31.944,86.666,,,,,
7244,07/02/19 01:35:00 PM,31.944,86.552,,,,,
7245,07/02/19 01:40:00 PM,32.073,85.977,,,,,
7246,07/02/19 01:45:00 PM,32.201,85.170,,,,,
7247,07/02/19 01:50:00 PM,32.355,84.307,,,,,
7248,07/02/19 01:55:00 PM,32.562,83.713,,,,,
7249,07/02/19 02:00:00 PM,32.846,83.629,,,,,
7250,07/02/19 02:05:00 PM,33.235,82.458,,,,,
7251,07/02/19 02:10:00 PM,33.652,81.725,,,,,
7252,07/02/19 02:15:00 PM,34.045,80.835,,,,,
7253,07/02/19 02:20:00 PM,34.308,79.526,,,,,
7254,07/02/19 02:25:00 PM,34.360,78.496,,,,,
7255,07/02/19 02:30:00 PM,34.413,77.191,,,,,
7256,07/02/19 02:35:00 PM,34.572,76.592,,,,,
7257,07/02/19 02:40:00 PM,34.969,75.283,,,,,
7258,07/02/19 02:45:00 PM,35.502,74.294,,,,,
7259,07/02/19 02:50:00 PM,35.958,74.624,,,,,
7260,07/02/19 02:55:00 PM,36.417,72.329,,,,,
7261,07/02/19 03:00:00 PM,36.688,71.702,,,,,
7262,07/02/19 03:05:00 PM,36.878,71.552,,,,,
7263,07/02/19 03:10:00 PM,37.042,71.305,,,,,
7264,07/02/19 03:15:00 PM,37.069,69.919,,,,,
7265,07/02/19 03:20:00 PM,36.960,70.178,,,,,
7266,07/02/19 03:25:00 PM,36.661,70.619,,,,,
7267,07/02/19 03:30:00 PM,36.471,70.492,,,,,
7268,07/02/19 03:35:00 PM,36.308,72.401,,,,,
7269,07/02/19 03:40:00 PM,36.092,71.287,,,,,
7270,07/02/19 03:45:00 PM,35.850,71.642,,,,,
7271,07/02/19 03:50:00 PM,35.636,72.338,,,,,
7272,07/02/19 03:55:00 PM,35.422,72.787,,,,,
7273,07/02/19 04:00:00 PM,35.182,73.809,,,,,
7274,07/02/19 04:05:00 PM,34.942,73.733,,,,,
7275,07/02/19 04:10:00 PM,34.519,74.683,,,,,
7276,07/02/19 04:15:00 PM,34.124,76.204,,,,,
7277,07/02/19 04:20:00 PM,33.652,77.817,,,,,
7278,07/02/19 04:25:00 PM,33.235,79.130,,,,,
7279,07/02/19 04:30:00 PM,32.898,80.419,,,,,
7280,07/02/19 04:35:00 PM,32.820,80.727,,,,,
7281,07/02/19 04:40:00 PM,32.872,81.061,,,,,
7282,07/02/19 04:45:00 PM,32.794,81.632,,,,,
7283,07/02/19 04:50:00 PM,32.587,81.735,,,,,
7284,07/02/19 04:55:00 PM,32.381,82.918,,,,,
7285,07/02/19 05:00:00 PM,32.201,83.490,,,,,
7286,07/02/19 05:05:00 PM,31.970,83.730,,,,,
7287,07/02/19 05:10:00 PM,31.765,84.583,,,,,
7288,07/02/19 05:15:00 PM,31.586,85.149,,,,,
7289,07/02/19 05:20:00 PM,31.484,85.184,,,,,
7290,07/02/19 05:25:00 PM,31.459,85.984,,,,,
7291,07/02/19 05:30:00 PM,31.306,85.835,,,,,
7292,07/02/19 05:35:00 PM,31.103,86.448,,,,,
7293,07/02/19 05:40:00 PM,30.824,86.985,,,,,
7294,07/02/19 05:45:00 PM,30.545,87.889,,,,,
7295,07/02/19 05:50:00 PM,30.318,88.319,,,,,
7296,07/02/19 05:55:00 PM,30.091,88.832,,,,,
7297,07/02/19 06:00:00 PM,29.890,89.293,,,,,
7298,07/02/19 06:05:00 PM,29.715,90.010,,,,,
7299,07/02/19 06:10:00 PM,29.565,90.031,,,,,
7300,07/02/19 06:15:00 PM,29.414,90.556,,,,,
7301,07/02/19 06:20:00 PM,29.290,90.945,,,,,
7302,07/02/19 06:25:00 PM,29.190,91.562,,,,,
7303,07/02/19 06:30:00 PM,29.090,91.927,,,,,
7304,07/02/19 06:35:00 PM,29.040,92.137,,,,,
7305,07/02/19 06:40:00 PM,28.965,92.479,,,,,
7306,07/02/19 06:45:00 PM,28.916,92.716,,,,,
7307,07/02/19 06:50:00 PM,28.841,92.504,,,,,
7308,07/02/19 06:55:00 PM,28.742,92.895,,,,,
7309,07/02/19 07:00:00 PM,28.667,93.153,,,,,
7310,07/02/19 07:05:00 PM,28.568,93.349,,,,,
7311,07/02/19 07:10:00 PM,28.468,93.600,,,,,
7312,07/02/19 07:15:00 PM,28.394,93.664,,,,,
7313,07/02/19 07:20:00 PM,28.295,93.667,,,,,
7314,07/02/19 07:25:00 PM,28.221,93.951,,,,,
7315,07/02/19 07:30:00 PM,28.171,94.021,,,,,
7316,07/02/19 07:35:00 PM,28.097,93.947,,,,,
7317,07/02/19 07:40:00 PM,28.048,94.100,,,,,
7318,07/02/19 07:45:00 PM,28.023,94.477,,,,,
7319,07/02/19 07:50:00 PM,27.998,94.580,,,,,
7320,07/02/19 07:55:00 PM,27.974,94.793,,,,,
7321,07/02/19 08:00:00 PM,27.949,94.896,,,,,
7322,07/02/19 08:05:00 PM,27.899,95.102,,,,,
7323,07/02/19 08:10:00 PM,27.850,95.198,,,,,
7324,07/02/19 08:15:00 PM,27.776,95.261,,,,,
7325,07/02/19 08:20:00 PM,27.702,95.433,,,,,
7326,07/02/19 08:25:00 PM,27.653,95.638,,,,,
7327,07/02/19 08:30:00 PM,27.604,95.898,,,,,
7328,07/02/19 08:35:00 PM,27.554,96.021,,,,,
7329,07/02/19 08:40:00 PM,27.505,96.090,,,,,
7330,07/02/19 08:45:00 PM,27.431,96.125,,,,,
7331,07/02/19 08:50:00 PM,27.382,96.383,,,,,
7332,07/02/19 08:55:00 PM,27.308,96.473,,,,,
7333,07/02/19 09:00:00 PM,27.235,96.670,,,,,
7334,07/02/19 09:05:00 PM,27.161,96.705,,,,,
7335,07/02/19 09:10:00 PM,27.112,96.935,,,,,
7336,07/02/19 09:15:00 PM,27.063,97.111,,,,,
7337,07/02/19 09:20:00 PM,26.989,97.173,,,,,
7338,07/02/19 09:25:00 PM,26.940,97.403,,,,,
7339,07/02/19 09:30:00 PM,26.916,97.504,,,,,
7340,07/02/19 09:35:00 PM,26.867,97.572,,,,,
7341,07/02/19 09:40:00 PM,26.818,97.693,,,,,
7342,07/02/19 09:45:00 PM,26.818,97.855,,,,,
7343,07/02/19 09:50:00 PM,26.769,97.842,,,,,
7344,07/02/19 09:55:00 PM,26.769,97.895,,,,,
7345,07/02/19 10:00:00 PM,26.744,97.996,,,,,
7346,07/02/19 10:05:00 PM,26.720,97.990,,,,,
7347,07/02/19 10:10:00 PM,26.695,98.144,,,,,
7348,07/02/19 10:15:00 PM,26.671,98.191,,,,,
7349,07/02/19 10:20:00 PM,26.646,98.185,,,,,
7350,07/02/19 10:25:00 PM,26.622,98.232,,,,,
7351,07/02/19 10:30:00 PM,26.598,98.306,,,,,
7352,07/02/19 10:35:00 PM,26.573,98.353,,,,,
7353,07/02/19 10:40:00 PM,26.549,98.480,,,,,
7354,07/02/19 10:45:00 PM,26.524,98.527,,,,,
7355,07/02/19 10:50:00 PM,26.475,98.515,,,,,
7356,07/02/19 10:55:00 PM,26.451,98.615,,,,,
7357,07/02/19 11:00:00 PM,26.402,98.789,,,,,
7358,07/02/19 11:05:00 PM,26.378,98.862,,,,,
7359,07/02/19 11:10:00 PM,26.329,98.956,,,,,
7360,07/02/19 11:15:00 PM,26.256,99.043,,,,,
7361,07/02/19 11:20:00 PM,26.207,99.084,,,,,
7362,07/02/19 11:25:00 PM,26.158,99.284,,,,,
7363,07/02/19 11:30:00 PM,26.109,99.457,,,,,
7364,07/02/19 11:35:00 PM,26.085,99.530,,,,,
7365,07/02/19 11:40:00 PM,26.012,99.510,,,,,
7366,07/02/19 11:45:00 PM,25.939,99.517,,,,,
7367,07/02/19 11:50:00 PM,25.890,99.611,,,,,
7368,07/02/19 11:55:00 PM,25.866,99.790,,,,,
7369,07/03/19 12:00:00 AM,25.817,99.883,,,,,
7370,07/03/19 12:05:00 AM,25.768,99.896,,,,,
7371,07/03/19 12:10:00 AM,25.720,99.962,,,,,
7372,07/03/19 12:15:00 AM,25.671,100.000,,,,,
7373,07/03/19 12:20:00 AM,25.647,100.000,,,,,
7374,07/03/19 12:25:00 AM,25.623,100.000,,,,,
7375,07/03/19 12:30:00 AM,25.574,100.000,,,,,
7376,07/03/19 12:35:00 AM,25.550,100.000,,,,,
7377,07/03/19 12:40:00 AM,25.501,100.000,,,,,
7378,07/03/19 12:45:00 AM,25.453,100.000,,,,,
7379,07/03/19 12:50:00 AM,25.404,100.000,,,,,
7380,07/03/19 12:55:00 AM,25.355,100.000,,,,,
7381,07/03/19 01:00:00 AM,25.355,100.000,,,,,
7382,07/03/19 01:05:00 AM,25.307,100.000,,,,,
7383,07/03/19 01:10:00 AM,25.283,100.000,,,,,
7384,07/03/19 01:15:00 AM,25.258,100.000,,,,,
7385,07/03/19 01:20:00 AM,25.210,100.000,,,,,
7386,07/03/19 01:25:00 AM,25.162,100.000,,,,,
7387,07/03/19 01:30:00 AM,25.113,100.000,,,,,
7388,07/03/19 01:35:00 AM,25.089,100.000,,,,,
7389,07/03/19 01:40:00 AM,25.040,100.000,,,,,
7390,07/03/19 01:45:00 AM,24.992,100.000,,,,,
7391,07/03/19 01:50:00 AM,24.944,100.000,,,,,
7392,07/03/19 01:55:00 AM,24.944,100.000,,,,,
7393,07/03/19 02:00:00 AM,24.871,100.000,,,,,
7394,07/03/19 02:05:00 AM,24.823,100.000,,,,,
7395,07/03/19 02:10:00 AM,24.823,100.000,,,,,
7396,07/03/19 02:15:00 AM,24.774,100.000,,,,,
7397,07/03/19 02:20:00 AM,24.750,100.000,,,,,
7398,07/03/19 02:25:00 AM,24.677,100.000,,,,,
7399,07/03/19 02:30:00 AM,24.653,100.000,,,,,
7400,07/03/19 02:35:00 AM,24.605,100.000,,,,,
7401,07/03/19 02:40:00 AM,24.557,100.000,,,,,
7402,07/03/19 02:45:00 AM,24.508,100.000,,,,,
7403,07/03/19 02:50:00 AM,24.484,100.000,,,,,
7404,07/03/19 02:55:00 AM,24.460,100.000,,,,,
7405,07/03/19 03:00:00 AM,24.436,100.000,,,,,
7406,07/03/19 03:05:00 AM,24.388,100.000,,,,,
7407,07/03/19 03:10:00 AM,24.388,100.000,,,,,
7408,07/03/19 03:15:00 AM,24.388,100.000,,,,,
7409,07/03/19 03:20:00 AM,24.363,100.000,,,,,
7410,07/03/19 03:25:00 AM,24.363,100.000,,,,,
7411,07/03/19 03:30:00 AM,24.315,100.000,,,,,
7412,07/03/19 03:35:00 AM,24.291,100.000,,,,,
7413,07/03/19 03:40:00 AM,24.267,100.000,,,,,
7414,07/03/19 03:45:00 AM,24.267,100.000,,,,,
7415,07/03/19 03:50:00 AM,24.267,100.000,,,,,
7416,07/03/19 03:55:00 AM,24.243,100.000,,,,,
7417,07/03/19 04:00:00 AM,24.195,100.000,,,,,
7418,07/03/19 04:05:00 AM,24.122,100.000,,,,,
7419,07/03/19 04:10:00 AM,24.074,100.000,,,,,
7420,07/03/19 04:15:00 AM,24.098,100.000,,,,,
7421,07/03/19 04:20:00 AM,24.050,100.000,,,,,
7422,07/03/19 04:25:00 AM,24.050,100.000,,,,,
7423,07/03/19 04:30:00 AM,24.050,100.000,,,,,
7424,07/03/19 04:35:00 AM,24.050,100.000,,,,,
7425,07/03/19 04:40:00 AM,24.026,100.000,,,,,
7426,07/03/19 04:45:00 AM,24.050,100.000,,,,,
7427,07/03/19 04:50:00 AM,24.074,100.000,,,,,
7428,07/03/19 04:55:00 AM,24.122,100.000,,,,,
7429,07/03/19 05:00:00 AM,24.146,100.000,,,,,
7430,07/03/19 05:05:00 AM,24.122,100.000,,,,,
7431,07/03/19 05:10:00 AM,24.122,100.000,,,,,
7432,07/03/19 05:15:00 AM,24.122,100.000,,,,,
7433,07/03/19 05:20:00 AM,24.098,100.000,,,,,
7434,07/03/19 05:25:00 AM,24.050,100.000,,,,,
7435,07/03/19 05:30:00 AM,24.026,100.000,,,,,
7436,07/03/19 05:35:00 AM,24.002,100.000,,,,,
7437,07/03/19 05:40:00 AM,24.002,100.000,,,,,
7438,07/03/19 05:45:00 AM,24.002,100.000,,,,,
7439,07/03/19 05:50:00 AM,23.978,100.000,,,,,
7440,07/03/19 05:55:00 AM,24.002,100.000,,,,,
7441,07/03/19 06:00:00 AM,24.050,100.000,,,,,
7442,07/03/19 06:05:00 AM,24.074,100.000,,,,,
7443,07/03/19 06:10:00 AM,24.050,100.000,,,,,
7444,07/03/19 06:15:00 AM,24.050,100.000,,,,,
7445,07/03/19 06:20:00 AM,24.050,100.000,,,,,
7446,07/03/19 06:25:00 AM,24.074,100.000,,,,,
7447,07/03/19 06:30:00 AM,24.074,100.000,,,,,
7448,07/03/19 06:35:00 AM,24.050,100.000,,,,,
7449,07/03/19 06:40:00 AM,24.050,100.000,,,,,
7450,07/03/19 06:45:00 AM,24.050,100.000,,,,,
7451,07/03/19 06:50:00 AM,24.026,100.000,,,,,
7452,07/03/19 06:55:00 AM,24.002,100.000,,,,,
7453,07/03/19 07:00:00 AM,24.002,100.000,,,,,
7454,07/03/19 07:05:00 AM,23.978,100.000,,,,,
7455,07/03/19 07:10:00 AM,23.954,100.000,,,,,
7456,07/03/19 07:15:00 AM,23.954,100.000,,,,,
7457,07/03/19 07:20:00 AM,23.930,100.000,,,,,
7458,07/03/19 07:25:00 AM,23.930,100.000,,,,,
7459,07/03/19 07:30:00 AM,23.930,100.000,,,,,
7460,07/03/19 07:35:00 AM,23.954,100.000,,,,,
7461,07/03/19 07:40:00 AM,24.002,100.000,,,,,
7462,07/03/19 07:45:00 AM,24.050,100.000,,,,,
7463,07/03/19 07:50:00 AM,24.098,100.000,,,,,
7464,07/03/19 07:55:00 AM,24.171,100.000,,,,,
7465,07/03/19 08:00:00 AM,24.243,100.000,,,,,
7466,07/03/19 08:05:00 AM,24.315,100.000,,,,,
7467,07/03/19 08:10:00 AM,24.388,100.000,,,,,
7468,07/03/19 08:15:00 AM,24.484,100.000,,,,,
7469,07/03/19 08:20:00 AM,24.581,100.000,,,,,
7470,07/03/19 08:25:00 AM,24.677,100.000,,,,,
7471,07/03/19 08:30:00 AM,24.774,100.000,,,,,
7472,07/03/19 08:35:00 AM,24.847,100.000,,,,,
7473,07/03/19 08:40:00 AM,24.944,100.000,,,,,
7474,07/03/19 08:45:00 AM,25.040,100.000,,,,,
7475,07/03/19 08:50:00 AM,25.113,100.000,,,,,
7476,07/03/19 08:55:00 AM,25.234,100.000,,,,,
7477,07/03/19 09:00:00 AM,25.355,100.000,,,,,
7478,07/03/19 09:05:00 AM,25.453,100.000,,,,,
7479,07/03/19 09:10:00 AM,25.550,100.000,,,,,
7480,07/03/19 09:15:00 AM,25.647,100.000,,,,,
7481,07/03/19 09:20:00 AM,25.768,100.000,,,,,
7482,07/03/19 09:25:00 AM,25.866,100.000,,,,,
7483,07/03/19 09:30:00 AM,25.987,100.000,,,,,
7484,07/03/19 09:35:00 AM,26.158,100.000,,,,,
7485,07/03/19 09:40:00 AM,26.329,100.000,,,,,
7486,07/03/19 09:45:00 AM,26.500,100.000,,,,,
7487,07/03/19 09:50:00 AM,26.622,100.000,,,,,
7488,07/03/19 09:55:00 AM,26.720,100.000,,,,,
7489,07/03/19 10:00:00 AM,26.818,100.000,,,,,
7490,07/03/19 10:05:00 AM,26.867,100.000,,,,,
7491,07/03/19 10:10:00 AM,26.916,100.000,,,,,
7492,07/03/19 10:15:00 AM,27.014,100.000,,,,,
7493,07/03/19 10:20:00 AM,27.186,100.000,,,,,
7494,07/03/19 10:25:00 AM,27.308,99.963,,,,,
7495,07/03/19 10:30:00 AM,27.431,99.782,,,,,
7496,07/03/19 10:35:00 AM,27.554,99.735,,,,,
7497,07/03/19 10:40:00 AM,27.653,99.280,,,,,
7498,07/03/19 10:45:00 AM,27.801,98.971,,,,,
7499,07/03/19 10:50:00 AM,27.998,98.727,,,,,
7500,07/03/19 10:55:00 AM,28.171,98.262,,,,,
7501,07/03/19 11:00:00 AM,28.320,97.977,,,,,
7502,07/03/19 11:05:00 AM,28.493,97.427,,,,,
7503,07/03/19 11:10:00 AM,28.667,97.499,,,,,
7504,07/03/19 11:15:00 AM,28.866,96.736,,,,,
7505,07/03/19 11:20:00 AM,29.040,96.672,,,,,
7506,07/03/19 11:25:00 AM,29.215,96.389,,,,,
7507,07/03/19 11:30:00 AM,29.389,95.669,,,,,
7508,07/03/19 11:35:00 AM,29.590,95.253,,,,,
7509,07/03/19 11:40:00 AM,29.765,94.747,,,,,
7510,07/03/19 11:45:00 AM,29.941,94.901,,,,,
7511,07/03/19 11:50:00 AM,30.091,94.884,,,,,
7512,07/03/19 11:55:00 AM,30.192,93.998,,,,,
7513,07/03/19 12:00:00 PM,30.293,93.719,,,,,
7514,07/03/19 12:05:00 PM,30.394,93.161,,,,,
7515,07/03/19 12:10:00 PM,30.444,92.867,,,,,
7516,07/03/19 12:15:00 PM,30.469,92.762,,,,,
7517,07/03/19 12:20:00 PM,30.571,92.759,,,,,
7518,07/03/19 12:25:00 PM,30.697,91.925,,,,,
7519,07/03/19 12:30:00 PM,30.849,91.570,,,,,
7520,07/03/19 12:35:00 PM,30.950,91.117,,,,,
7521,07/03/19 12:40:00 PM,31.026,89.982,,,,,
7522,07/03/19 12:45:00 PM,31.179,89.679,,,,,
7523,07/03/19 12:50:00 PM,31.382,89.981,,,,,
7524,07/03/19 12:55:00 PM,31.561,88.634,,,,,
7525,07/03/19 01:00:00 PM,31.586,88.356,,,,,
7526,07/03/19 01:05:00 PM,31.689,87.067,,,,,
7527,07/03/19 01:10:00 PM,31.791,87.404,,,,,
7528,07/03/19 01:15:00 PM,31.944,86.953,,,,,
7529,07/03/19 01:20:00 PM,32.073,86.494,,,,,
7530,07/03/19 01:25:00 PM,32.227,85.522,,,,,
7531,07/03/19 01:30:00 PM,32.355,84.915,,,,,
7532,07/03/19 01:35:00 PM,32.458,84.301,,,,,
7533,07/03/19 01:40:00 PM,32.613,83.579,,,,,
7534,07/03/19 01:45:00 PM,32.742,83.199,,,,,
7535,07/03/19 01:50:00 PM,32.872,82.176,,,,,
7536,07/03/19 01:55:00 PM,33.001,81.617,,,,,
7537,07/03/19 02:00:00 PM,33.287,79.851,,,,,
7538,07/03/19 02:05:00 PM,33.678,79.131,,,,,
7539,07/03/19 02:10:00 PM,34.045,78.164,,,,,
7540,07/03/19 02:15:00 PM,34.492,78.194,,,,,
7541,07/03/19 02:20:00 PM,34.836,75.801,,,,,
7542,07/03/19 02:25:00 PM,34.995,74.805,,,,,
7543,07/03/19 02:30:00 PM,35.342,74.112,,,,,
7544,07/03/19 02:35:00 PM,35.797,74.016,,,,,
7545,07/03/19 02:40:00 PM,36.254,72.145,,,,,
7546,07/03/19 02:45:00 PM,36.606,70.486,,,,,
7547,07/03/19 02:50:00 PM,36.579,70.759,,,,,
7548,07/03/19 02:55:00 PM,35.877,72.015,,,,,
7549,07/03/19 03:00:00 PM,34.916,73.728,,,,,
7550,07/03/19 03:05:00 PM,34.045,76.279,,,,,
7551,07/03/19 03:10:00 PM,33.365,78.027,,,,,
7552,07/03/19 03:15:00 PM,32.846,79.583,,,,,
7553,07/03/19 03:20:00 PM,32.407,81.257,,,,,
7554,07/03/19 03:25:00 PM,32.073,82.298,,,,,
7555,07/03/19 03:30:00 PM,31.765,82.931,,,,,
7556,07/03/19 03:35:00 PM,31.433,83.556,,,,,
7557,07/03/19 03:40:00 PM,31.128,84.328,,,,,
7558,07/03/19 03:45:00 PM,30.849,85.503,,,,,
7559,07/03/19 03:50:00 PM,30.596,86.134,,,,,
7560,07/03/19 03:55:00 PM,30.469,86.477,,,,,
7561,07/03/19 04:00:00 PM,30.444,86.386,,,,,
7562,07/03/19 04:05:00 PM,30.596,85.418,,,,,
7563,07/03/19 04:10:00 PM,30.976,85.417,,,,,
7564,07/03/19 04:15:00 PM,31.484,83.914,,,,,
7565,07/03/19 04:20:00 PM,31.893,83.336,,,,,
7566,07/03/19 04:25:00 PM,32.047,83.050,,,,,
7567,07/03/19 04:30:00 PM,32.047,83.224,,,,,
7568,07/03/19 04:35:00 PM,32.021,83.248,,,,,
7569,07/03/19 04:40:00 PM,31.996,83.620,,,,,
7570,07/03/19 04:45:00 PM,32.073,83.375,,,,,
7571,07/03/19 04:50:00 PM,32.201,83.432,,,,,
7572,07/03/19 04:55:00 PM,32.330,82.936,,,,,
7573,07/03/19 05:00:00 PM,32.433,82.812,,,,,
7574,07/03/19 05:05:00 PM,32.484,82.911,,,,,
7575,07/03/19 05:10:00 PM,32.536,82.455,,,,,
7576,07/03/19 05:15:00 PM,32.510,82.391,,,,,
7577,07/03/19 05:20:00 PM,32.458,82.847,,,,,
7578,07/03/19 05:25:00 PM,32.484,82.678,,,,,
7579,07/03/19 05:30:00 PM,32.536,82.046,,,,,
7580,07/03/19 05:35:00 PM,32.407,80.847,,,,,
7581,07/03/19 05:40:00 PM,32.253,81.547,,,,,
7582,07/03/19 05:45:00 PM,32.381,81.486,,,,,
7583,07/03/19 05:50:00 PM,32.407,82.252,,,,,
7584,07/03/19 05:55:00 PM,32.227,82.856,,,,,
7585,07/03/19 06:00:00 PM,31.893,83.365,,,,,
7586,07/03/19 06:05:00 PM,31.510,84.036,,,,,
7587,07/03/19 06:10:00 PM,31.204,85.209,,,,,
7588,07/03/19 06:15:00 PM,30.925,86.036,,,,,
7589,07/03/19 06:20:00 PM,30.697,86.728,,,,,
7590,07/03/19 06:25:00 PM,30.520,87.400,,,,,
7591,07/03/19 06:30:00 PM,30.318,87.808,,,,,
7592,07/03/19 06:35:00 PM,30.142,88.533,,,,,
7593,07/03/19 06:40:00 PM,29.966,88.831,,,,,
7594,07/03/19 06:45:00 PM,29.815,89.584,,,,,
7595,07/03/19 06:50:00 PM,29.690,89.443,,,,,
7596,07/03/19 06:55:00 PM,29.540,90.081,,,,,
7597,07/03/19 07:00:00 PM,29.414,90.611,,,,,
7598,07/03/19 07:05:00 PM,29.290,90.889,,,,,
7599,07/03/19 07:10:00 PM,29.165,91.222,,,,,
7600,07/03/19 07:15:00 PM,29.065,91.587,,,,,
7601,07/03/19 07:20:00 PM,28.916,91.690,,,,,
7602,07/03/19 07:25:00 PM,28.791,92.021,,,,,
7603,07/03/19 07:30:00 PM,28.642,92.345,,,,,
7604,07/03/19 07:35:00 PM,28.518,92.536,,,,,
7605,07/03/19 07:40:00 PM,28.419,92.926,,,,,
7606,07/03/19 07:45:00 PM,28.345,93.349,,,,,
7607,07/03/19 07:50:00 PM,28.245,93.545,,,,,
7608,07/03/19 07:55:00 PM,28.122,94.063,,,,,
7609,07/03/19 08:00:00 PM,27.998,94.306,,,,,
7610,07/03/19 08:05:00 PM,27.899,94.665,,,,,
7611,07/03/19 08:10:00 PM,27.776,94.661,,,,,
7612,07/03/19 08:15:00 PM,27.653,95.203,,,,,
7613,07/03/19 08:20:00 PM,27.554,95.505,,,,,
7614,07/03/19 08:25:00 PM,27.456,95.806,,,,,
7615,07/03/19 08:30:00 PM,27.407,96.064,,,,,
7616,07/03/19 08:35:00 PM,27.333,96.100,,,,,
7617,07/03/19 08:40:00 PM,27.308,96.337,,,,,
7618,07/03/19 08:45:00 PM,27.284,96.466,,,,,
7619,07/03/19 08:50:00 PM,27.259,96.568,,,,,
7620,07/03/19 08:55:00 PM,27.210,96.772,,,,,
7621,07/03/19 09:00:00 PM,27.161,96.840,,,,,
7622,07/03/19 09:05:00 PM,27.136,97.077,,,,,
7623,07/03/19 09:10:00 PM,27.112,97.178,,,,,
7624,07/03/19 09:15:00 PM,27.063,97.273,,,,,
7625,07/03/19 09:20:00 PM,27.014,97.476,,,,,
7626,07/03/19 09:25:00 PM,26.989,97.577,,,,,
7627,07/03/19 09:30:00 PM,26.965,97.705,,,,,
7628,07/03/19 09:35:00 PM,26.940,97.833,,,,,
7629,07/03/19 09:40:00 PM,26.916,97.907,,,,,
7630,07/03/19 09:45:00 PM,26.867,98.001,,,,,
7631,07/03/19 09:50:00 PM,26.842,98.076,,,,,
7632,07/03/19 09:55:00 PM,26.818,98.123,,,,,
7633,07/03/19 10:00:00 PM,26.793,98.223,,,,,
7634,07/03/19 10:05:00 PM,26.769,98.271,,,,,
7635,07/03/19 10:10:00 PM,26.769,98.351,,,,,
7636,07/03/19 10:15:00 PM,26.769,98.324,,,,,
7637,07/03/19 10:20:00 PM,26.744,98.398,,,,,
7638,07/03/19 10:25:00 PM,26.720,98.472,,,,,
7639,07/03/19 10:30:00 PM,26.720,98.579,,,,,
7640,07/03/19 10:35:00 PM,26.671,98.619,,,,,
7641,07/03/19 10:40:00 PM,26.646,98.693,,,,,
7642,07/03/19 10:45:00 PM,26.622,98.794,,,,,
7643,07/03/19 10:50:00 PM,26.598,98.894,,,,,
7644,07/03/19 10:55:00 PM,26.573,98.967,,,,,
7645,07/03/19 11:00:00 PM,26.549,99.068,,,,,
7646,07/03/19 11:05:00 PM,26.500,99.108,,,,,
7647,07/03/19 11:10:00 PM,26.451,99.202,,,,,
7648,07/03/19 11:15:00 PM,26.426,99.302,,,,,
7649,07/03/19 11:20:00 PM,26.378,99.315,,,,,
7650,07/03/19 11:25:00 PM,26.304,99.429,,,,,
7651,07/03/19 11:30:00 PM,26.280,99.529,,,,,
7652,07/03/19 11:35:00 PM,26.231,99.622,,,,,
7653,07/03/19 11:40:00 PM,26.207,99.775,,,,,
7654,07/03/19 11:45:00 PM,26.158,99.815,,,,,
7655,07/03/19 11:50:00 PM,26.085,99.795,,,,,
7656,07/03/19 11:55:00 PM,26.061,99.974,,,,,
7657,07/04/19 12:00:00 AM,26.036,100.000,,,,,
7658,07/04/19 12:05:00 AM,26.012,100.000,,,,,
7659,07/04/19 12:10:00 AM,25.987,100.000,,,,,
7660,07/04/19 12:15:00 AM,25.963,100.000,,,,,
7661,07/04/19 12:20:00 AM,25.939,100.000,,,,,
7662,07/04/19 12:25:00 AM,25.939,100.000,,,,,
7663,07/04/19 12:30:00 AM,25.890,100.000,,,,,
7664,07/04/19 12:35:00 AM,25.866,100.000,,,,,
7665,07/04/19 12:40:00 AM,25.841,100.000,,,,,
7666,07/04/19 12:45:00 AM,25.841,100.000,,,,,
7667,07/04/19 12:50:00 AM,25.817,100.000,,,,,
7668,07/04/19 12:55:00 AM,25.793,100.000,,,,,
7669,07/04/19 01:00:00 AM,25.744,100.000,,,,,
7670,07/04/19 01:05:00 AM,25.695,100.000,,,,,
7671,07/04/19 01:10:00 AM,25.647,100.000,,,,,
7672,07/04/19 01:15:00 AM,25.598,100.000,,,,,
7673,07/04/19 01:20:00 AM,25.574,100.000,,,,,
7674,07/04/19 01:25:00 AM,25.550,100.000,,,,,
7675,07/04/19 01:30:00 AM,25.525,100.000,,,,,
7676,07/04/19 01:35:00 AM,25.501,100.000,,,,,
7677,07/04/19 01:40:00 AM,25.477,100.000,,,,,
7678,07/04/19 01:45:00 AM,25.428,100.000,,,,,
7679,07/04/19 01:50:00 AM,25.355,100.000,,,,,
7680,07/04/19 01:55:00 AM,25.307,100.000,,,,,
7681,07/04/19 02:00:00 AM,25.283,100.000,,,,,
7682,07/04/19 02:05:00 AM,25.258,100.000,,,,,
7683,07/04/19 02:10:00 AM,25.210,100.000,,,,,
7684,07/04/19 02:15:00 AM,25.186,100.000,,,,,
7685,07/04/19 02:20:00 AM,25.113,100.000,,,,,
7686,07/04/19 02:25:00 AM,25.113,100.000,,,,,
7687,07/04/19 02:30:00 AM,25.113,100.000,,,,,
7688,07/04/19 02:35:00 AM,25.089,100.000,,,,,
7689,07/04/19 02:40:00 AM,25.065,100.000,,,,,
7690,07/04/19 02:45:00 AM,25.065,100.000,,,,,
7691,07/04/19 02:50:00 AM,25.040,100.000,,,,,
7692,07/04/19 02:55:00 AM,25.016,100.000,,,,,
7693,07/04/19 03:00:00 AM,24.968,100.000,,,,,
7694,07/04/19 03:05:00 AM,24.968,100.000,,,,,
7695,07/04/19 03:10:00 AM,24.968,100.000,,,,,
7696,07/04/19 03:15:00 AM,24.944,100.000,,,,,
7697,07/04/19 03:20:00 AM,24.919,100.000,,,,,
7698,07/04/19 03:25:00 AM,24.919,100.000,,,,,
7699,07/04/19 03:30:00 AM,24.871,100.000,,,,,
7700,07/04/19 03:35:00 AM,24.871,100.000,,,,,
7701,07/04/19 03:40:00 AM,24.823,100.000,,,,,
7702,07/04/19 03:45:00 AM,24.774,100.000,,,,,
7703,07/04/19 03:50:00 AM,24.774,100.000,,,,,
7704,07/04/19 03:55:00 AM,24.774,100.000,,,,,
7705,07/04/19 04:00:00 AM,24.750,100.000,,,,,
7706,07/04/19 04:05:00 AM,24.702,100.000,,,,,
7707,07/04/19 04:10:00 AM,24.629,100.000,,,,,
7708,07/04/19 04:15:00 AM,24.581,100.000,,,,,
7709,07/04/19 04:20:00 AM,24.581,100.000,,,,,
7710,07/04/19 04:25:00 AM,24.557,100.000,,,,,
7711,07/04/19 04:30:00 AM,24.532,100.000,,,,,
7712,07/04/19 04:35:00 AM,24.581,100.000,,,,,
7713,07/04/19 04:40:00 AM,24.581,100.000,,,,,
7714,07/04/19 04:45:00 AM,24.581,100.000,,,,,
7715,07/04/19 04:50:00 AM,24.532,100.000,,,,,
7716,07/04/19 04:55:00 AM,24.484,100.000,,,,,
7717,07/04/19 05:00:00 AM,24.436,100.000,,,,,
7718,07/04/19 05:05:00 AM,24.412,100.000,,,,,
7719,07/04/19 05:10:00 AM,24.436,100.000,,,,,
7720,07/04/19 05:15:00 AM,24.436,100.000,,,,,
7721,07/04/19 05:20:00 AM,24.388,100.000,,,,,
7722,07/04/19 05:25:00 AM,24.388,100.000,,,,,
7723,07/04/19 05:30:00 AM,24.363,100.000,,,,,
7724,07/04/19 05:35:00 AM,24.339,100.000,,,,,
7725,07/04/19 05:40:00 AM,24.339,100.000,,,,,
7726,07/04/19 05:45:00 AM,24.339,100.000,,,,,
7727,07/04/19 05:50:00 AM,24.388,100.000,,,,,
7728,07/04/19 05:55:00 AM,24.388,100.000,,,,,
7729,07/04/19 06:00:00 AM,24.388,100.000,,,,,
7730,07/04/19 06:05:00 AM,24.363,100.000,,,,,
7731,07/04/19 06:10:00 AM,24.291,100.000,,,,,
7732,07/04/19 06:15:00 AM,24.243,100.000,,,,,
7733,07/04/19 06:20:00 AM,24.171,100.000,,,,,
7734,07/04/19 06:25:00 AM,24.146,100.000,,,,,
7735,07/04/19 06:30:00 AM,24.122,100.000,,,,,
7736,07/04/19 06:35:00 AM,24.074,100.000,,,,,
7737,07/04/19 06:40:00 AM,24.074,100.000,,,,,
7738,07/04/19 06:45:00 AM,24.074,100.000,,,,,
7739,07/04/19 06:50:00 AM,24.098,100.000,,,,,
7740,07/04/19 06:55:00 AM,24.122,100.000,,,,,
7741,07/04/19 07:00:00 AM,24.122,100.000,,,,,
7742,07/04/19 07:05:00 AM,24.098,100.000,,,,,
7743,07/04/19 07:10:00 AM,24.122,100.000,,,,,
7744,07/04/19 07:15:00 AM,24.122,100.000,,,,,
7745,07/04/19 07:20:00 AM,24.146,100.000,,,,,
7746,07/04/19 07:25:00 AM,24.171,100.000,,,,,
7747,07/04/19 07:30:00 AM,24.195,100.000,,,,,
7748,07/04/19 07:35:00 AM,24.267,100.000,,,,,
7749,07/04/19 07:40:00 AM,24.339,100.000,,,,,
7750,07/04/19 07:45:00 AM,24.436,100.000,,,,,
7751,07/04/19 07:50:00 AM,24.508,100.000,,,,,
7752,07/04/19 07:55:00 AM,24.581,100.000,,,,,
7753,07/04/19 08:00:00 AM,24.677,100.000,,,,,
7754,07/04/19 08:05:00 AM,24.774,100.000,,,,,
7755,07/04/19 08:10:00 AM,24.895,100.000,,,,,
7756,07/04/19 08:15:00 AM,24.992,100.000,,,,,
7757,07/04/19 08:20:00 AM,25.089,100.000,,,,,
7758,07/04/19 08:25:00 AM,25.186,100.000,,,,,
7759,07/04/19 08:30:00 AM,25.258,100.000,,,,,
7760,07/04/19 08:35:00 AM,25.331,100.000,,,,,
7761,07/04/19 08:40:00 AM,25.404,100.000,,,,,
7762,07/04/19 08:45:00 AM,25.501,100.000,,,,,
7763,07/04/19 08:50:00 AM,25.598,100.000,,,,,
7764,07/04/19 08:55:00 AM,25.695,100.000,,,,,
7765,07/04/19 09:00:00 AM,25.768,100.000,,,,,
7766,07/04/19 09:05:00 AM,25.866,100.000,,,,,
7767,07/04/19 09:10:00 AM,25.939,100.000,,,,,
7768,07/04/19 09:15:00 AM,25.987,100.000,,,,,
7769,07/04/19 09:20:00 AM,26.085,100.000,,,,,
7770,07/04/19 09:25:00 AM,26.207,100.000,,,,,
7771,07/04/19 09:30:00 AM,26.329,100.000,,,,,
7772,07/04/19 09:35:00 AM,26.475,100.000,,,,,
7773,07/04/19 09:40:00 AM,26.671,100.000,,,,,
7774,07/04/19 09:45:00 AM,26.867,100.000,,,,,
7775,07/04/19 09:50:00 AM,26.965,100.000,,,,,
7776,07/04/19 09:55:00 AM,27.063,100.000,,,,,
7777,07/04/19 10:00:00 AM,27.112,100.000,,,,,
7778,07/04/19 10:05:00 AM,27.186,100.000,,,,,
7779,07/04/19 10:10:00 AM,27.284,100.000,,,,,
7780,07/04/19 10:15:00 AM,27.358,100.000,,,,,
7781,07/04/19 10:20:00 AM,27.407,100.000,,,,,
7782,07/04/19 10:25:00 AM,27.505,100.000,,,,,
7783,07/04/19 10:30:00 AM,27.628,99.968,,,,,
7784,07/04/19 10:35:00 AM,27.727,99.781,,,,,
7785,07/04/19 10:40:00 AM,27.801,99.265,,,,,
7786,07/04/19 10:45:00 AM,27.875,99.071,,,,,
7787,07/04/19 10:50:00 AM,27.949,98.956,,,,,
7788,07/04/19 10:55:00 AM,27.998,98.459,,,,,
7789,07/04/19 11:00:00 AM,27.998,98.055,,,,,
7790,07/04/19 11:05:00 AM,28.171,98.100,,,,,
7791,07/04/19 11:10:00 AM,28.369,97.611,,,,,
7792,07/04/19 11:15:00 AM,28.593,96.802,,,,,
7793,07/04/19 11:20:00 AM,28.841,96.947,,,,,
7794,07/04/19 11:25:00 AM,29.040,95.936,,,,,
7795,07/04/19 11:30:00 AM,29.215,95.761,,,,,
7796,07/04/19 11:35:00 AM,29.340,95.519,,,,,
7797,07/04/19 11:40:00 AM,29.365,95.251,,,,,
7798,07/04/19 11:45:00 AM,29.464,95.277,,,,,
7799,07/04/19 11:50:00 AM,29.615,93.993,,,,,
7800,07/04/19 11:55:00 AM,29.815,94.098,,,,,
7801,07/04/19 12:00:00 PM,29.890,93.426,,,,,
7802,07/04/19 12:05:00 PM,29.941,92.411,,,,,
7803,07/04/19 12:10:00 PM,30.117,91.673,,,,,
7804,07/04/19 12:15:00 PM,30.268,91.318,,,,,
7805,07/04/19 12:20:00 PM,30.444,91.305,,,,,
7806,07/04/19 12:25:00 PM,30.596,90.162,,,,,
7807,07/04/19 12:30:00 PM,30.722,90.586,,,,,
7808,07/04/19 12:35:00 PM,30.849,88.980,,,,,
7809,07/04/19 12:40:00 PM,31.001,87.253,,,,,
7810,07/04/19 12:45:00 PM,31.153,87.687,,,,,
7811,07/04/19 12:50:00 PM,31.255,87.283,,,,,
7812,07/04/19 12:55:00 PM,31.382,86.826,,,,,
7813,07/04/19 01:00:00 PM,31.510,85.420,,,,,
7814,07/04/19 01:05:00 PM,31.689,85.920,,,,,
7815,07/04/19 01:10:00 PM,31.816,85.287,,,,,
7816,07/04/19 01:15:00 PM,31.919,85.194,,,,,
7817,07/04/19 01:20:00 PM,31.996,84.922,,,,,
7818,07/04/19 01:25:00 PM,32.098,83.061,,,,,
7819,07/04/19 01:30:00 PM,32.227,81.776,,,,,
7820,07/04/19 01:35:00 PM,32.355,82.008,,,,,
7821,07/04/19 01:40:00 PM,32.510,81.220,,,,,
7822,07/04/19 01:45:00 PM,32.691,80.583,,,,,
7823,07/04/19 01:50:00 PM,32.898,81.008,,,,,
7824,07/04/19 01:55:00 PM,33.131,80.468,,,,,
7825,07/04/19 02:00:00 PM,33.417,79.848,,,,,
7826,07/04/19 02:05:00 PM,33.704,77.887,,,,,
7827,07/04/19 02:10:00 PM,34.019,76.933,,,,,
7828,07/04/19 02:15:00 PM,34.519,76.011,,,,,
7829,07/04/19 02:20:00 PM,34.466,76.631,,,,,
7830,07/04/19 02:25:00 PM,34.440,75.121,,,,,
7831,07/04/19 02:30:00 PM,34.598,73.577,,,,,
7832,07/04/19 02:35:00 PM,34.942,73.733,,,,,
7833,07/04/19 02:40:00 PM,35.529,72.196,,,,,
7834,07/04/19 02:45:00 PM,36.039,70.969,,,,,
7835,07/04/19 02:50:00 PM,36.444,69.869,,,,,
7836,07/04/19 02:55:00 PM,36.851,69.849,,,,,
7837,07/04/19 03:00:00 PM,37.206,67.828,,,,,
7838,07/04/19 03:05:00 PM,37.206,67.609,,,,,
7839,07/04/19 03:10:00 PM,36.933,68.777,,,,,
7840,07/04/19 03:15:00 PM,36.606,68.938,,,,,
7841,07/04/19 03:20:00 PM,35.958,71.201,,,,,
7842,07/04/19 03:25:00 PM,35.609,72.149,,,,,
7843,07/04/19 03:30:00 PM,35.475,72.614,,,,,
7844,07/04/19 03:35:00 PM,35.422,72.635,,,,,
7845,07/04/19 03:40:00 PM,35.022,72.987,,,,,
7846,07/04/19 03:45:00 PM,34.519,74.653,,,,,
7847,07/04/19 03:50:00 PM,33.992,75.758,,,,,
7848,07/04/19 03:55:00 PM,33.495,77.278,,,,,
7849,07/04/19 04:00:00 PM,33.105,78.302,,,,,
7850,07/04/19 04:05:00 PM,32.717,79.851,,,,,
7851,07/04/19 04:10:00 PM,32.381,80.518,,,,,
7852,07/04/19 04:15:00 PM,32.098,81.544,,,,,
7853,07/04/19 04:20:00 PM,31.816,82.331,,,,,
7854,07/04/19 04:25:00 PM,31.612,83.160,,,,,
7855,07/04/19 04:30:00 PM,31.612,83.421,,,,,
7856,07/04/19 04:35:00 PM,31.612,83.711,,,,,
7857,07/04/19 04:40:00 PM,31.740,83.651,,,,,
7858,07/04/19 04:45:00 PM,32.098,82.712,,,,,
7859,07/04/19 04:50:00 PM,32.510,82.041,,,,,
7860,07/04/19 04:55:00 PM,32.639,80.983,,,,,
7861,07/04/19 05:00:00 PM,32.458,81.737,,,,,
7862,07/04/19 05:05:00 PM,32.278,81.874,,,,,
7863,07/04/19 05:10:00 PM,32.484,82.152,,,,,
7864,07/04/19 05:15:00 PM,32.846,81.350,,,,,
7865,07/04/19 05:20:00 PM,33.209,80.307,,,,,
7866,07/04/19 05:25:00 PM,33.417,79.759,,,,,
7867,07/04/19 05:30:00 PM,33.704,79.196,,,,,
7868,07/04/19 05:35:00 PM,33.940,77.516,,,,,
7869,07/04/19 05:40:00 PM,34.097,77.368,,,,,
7870,07/04/19 05:45:00 PM,34.045,77.806,,,,,
7871,07/04/19 05:50:00 PM,34.045,77.746,,,,,
7872,07/04/19 05:55:00 PM,33.835,77.973,,,,,
7873,07/04/19 06:00:00 PM,33.521,78.564,,,,,
7874,07/04/19 06:05:00 PM,33.209,79.480,,,,,
7875,07/04/19 06:10:00 PM,33.183,80.243,,,,,
7876,07/04/19 06:15:00 PM,33.209,80.130,,,,,
7877,07/04/19 06:20:00 PM,33.261,79.816,,,,,
7878,07/04/19 06:25:00 PM,33.365,80.280,,,,,
7879,07/04/19 06:30:00 PM,33.313,79.649,,,,,
7880,07/04/19 06:35:00 PM,33.079,80.251,,,,,
7881,07/04/19 06:40:00 PM,32.768,81.010,,,,,
7882,07/04/19 06:45:00 PM,32.458,82.030,,,,,
7883,07/04/19 06:50:00 PM,32.124,82.484,,,,,
7884,07/04/19 06:55:00 PM,31.714,81.988,,,,,
7885,07/04/19 07:00:00 PM,31.204,82.026,,,,,
7886,07/04/19 07:05:00 PM,30.773,81.760,,,,,
7887,07/04/19 07:10:00 PM,30.268,82.841,,,,,
7888,07/04/19 07:15:00 PM,29.715,84.305,,,,,
7889,07/04/19 07:20:00 PM,28.543,88.134,,,,,
7890,07/04/19 07:25:00 PM,26.256,90.469,,,,,
7891,07/04/19 07:30:00 PM,24.315,93.901,,,,,
7892,07/04/19 07:35:00 PM,23.593,96.694,,,,,
7893,07/04/19 07:40:00 PM,23.448,98.352,,,,,
7894,07/04/19 07:45:00 PM,23.521,99.057,,,,,
7895,07/04/19 07:50:00 PM,23.665,99.464,,,,,
7896,07/04/19 07:55:00 PM,23.785,99.864,,,,,
7897,07/04/19 08:00:00 PM,23.905,100.000,,,,,
7898,07/04/19 08:05:00 PM,24.002,100.000,,,,,
7899,07/04/19 08:10:00 PM,24.074,100.000,,,,,
7900,07/04/19 08:15:00 PM,24.195,100.000,,,,,
7901,07/04/19 08:20:00 PM,24.243,100.000,,,,,
7902,07/04/19 08:25:00 PM,24.291,100.000,,,,,
7903,07/04/19 08:30:00 PM,24.388,100.000,,,,,
7904,07/04/19 08:35:00 PM,24.532,100.000,,,,,
7905,07/04/19 08:40:00 PM,24.605,100.000,,,,,
7906,07/04/19 08:45:00 PM,24.677,100.000,,,,,
7907,07/04/19 08:50:00 PM,24.750,100.000,,,,,
7908,07/04/19 08:55:00 PM,24.798,100.000,,,,,
7909,07/04/19 09:00:00 PM,24.919,100.000,,,,,
7910,07/04/19 09:05:00 PM,25.016,100.000,,,,,
7911,07/04/19 09:10:00 PM,25.040,100.000,,,,,
7912,07/04/19 09:15:00 PM,25.089,100.000,,,,,
7913,07/04/19 09:20:00 PM,25.089,100.000,,,,,
7914,07/04/19 09:25:00 PM,25.016,100.000,,,,,
7915,07/04/19 09:30:00 PM,24.895,100.000,,,,,
7916,07/04/19 09:35:00 PM,24.677,100.000,,,,,
7917,07/04/19 09:40:00 PM,24.532,100.000,,,,,
7918,07/04/19 09:45:00 PM,24.388,100.000,,,,,
7919,07/04/19 09:50:00 PM,24.315,100.000,,,,,
7920,07/04/19 09:55:00 PM,24.195,100.000,,,,,
7921,07/04/19 10:00:00 PM,23.857,100.000,,,,,
7922,07/04/19 10:05:00 PM,23.569,100.000,,,,,
7923,07/04/19 10:10:00 PM,23.400,100.000,,,,,
7924,07/04/19 10:15:00 PM,23.376,100.000,,,,,
7925,07/04/19 10:20:00 PM,23.376,100.000,,,,,
7926,07/04/19 10:25:00 PM,23.328,100.000,,,,,
7927,07/04/19 10:30:00 PM,23.280,100.000,,,,,
7928,07/04/19 10:35:00 PM,23.400,100.000,,,,,
7929,07/04/19 10:40:00 PM,23.569,100.000,,,,,
7930,07/04/19 10:45:00 PM,23.761,100.000,,,,,
7931,07/04/19 10:50:00 PM,23.881,100.000,,,,,
7932,07/04/19 10:55:00 PM,23.954,100.000,,,,,
7933,07/04/19 11:00:00 PM,24.026,100.000,,,,,
7934,07/04/19 11:05:00 PM,24.074,100.000,,,,,
7935,07/04/19 11:10:00 PM,24.098,100.000,,,,,
7936,07/04/19 11:15:00 PM,24.122,100.000,,,,,
7937,07/04/19 11:20:00 PM,24.195,100.000,,,,,
7938,07/04/19 11:25:00 PM,24.219,100.000,,,,,
7939,07/04/19 11:30:00 PM,24.267,100.000,,,,,
7940,07/04/19 11:35:00 PM,24.315,100.000,,,,,
7941,07/04/19 11:40:00 PM,24.315,100.000,,,,,
7942,07/04/19 11:45:00 PM,24.339,100.000,,,,,
7943,07/04/19 11:50:00 PM,24.388,100.000,,,,,
7944,07/04/19 11:55:00 PM,24.436,100.000,,,,,
7945,07/05/19 12:00:00 AM,24.436,100.000,,,,,
7946,07/05/19 12:05:00 AM,24.436,100.000,,,,,
7947,07/05/19 12:10:00 AM,24.508,100.000,,,,,
7948,07/05/19 12:15:00 AM,24.484,100.000,,,,,
7949,07/05/19 12:20:00 AM,24.532,100.000,,,,,
7950,07/05/19 12:25:00 AM,24.532,100.000,,,,,
7951,07/05/19 12:30:00 AM,24.557,100.000,,,,,
7952,07/05/19 12:35:00 AM,24.484,100.000,,,,,
7953,07/05/19 12:40:00 AM,24.460,100.000,,,,,
7954,07/05/19 12:45:00 AM,24.436,100.000,,,,,
7955,07/05/19 12:50:00 AM,24.436,100.000,,,,,
7956,07/05/19 12:55:00 AM,24.412,100.000,,,,,
7957,07/05/19 01:00:00 AM,24.363,100.000,,,,,
7958,07/05/19 01:05:00 AM,24.339,100.000,,,,,
7959,07/05/19 01:10:00 AM,24.291,100.000,,,,,
7960,07/05/19 01:15:00 AM,24.291,100.000,,,,,
7961,07/05/19 01:20:00 AM,24.339,100.000,,,,,
7962,07/05/19 01:25:00 AM,24.339,100.000,,,,,
7963,07/05/19 01:30:00 AM,24.315,100.000,,,,,
7964,07/05/19 01:35:00 AM,24.243,100.000,,,,,
7965,07/05/19 01:40:00 AM,24.267,100.000,,,,,
7966,07/05/19 01:45:00 AM,24.219,100.000,,,,,
7967,07/05/19 01:50:00 AM,24.195,100.000,,,,,
7968,07/05/19 01:55:00 AM,24.146,100.000,,,,,
7969,07/05/19 02:00:00 AM,24.098,100.000,,,,,
7970,07/05/19 02:05:00 AM,24.074,100.000,,,,,
7971,07/05/19 02:10:00 AM,24.122,100.000,,,,,
7972,07/05/19 02:15:00 AM,24.146,100.000,,,,,
7973,07/05/19 02:20:00 AM,24.098,100.000,,,,,
7974,07/05/19 02:25:00 AM,24.050,100.000,,,,,
7975,07/05/19 02:30:00 AM,24.050,100.000,,,,,
7976,07/05/19 02:35:00 AM,24.026,100.000,,,,,
7977,07/05/19 02:40:00 AM,24.026,100.000,,,,,
7978,07/05/19 02:45:00 AM,24.050,100.000,,,,,
7979,07/05/19 02:50:00 AM,24.026,100.000,,,,,
7980,07/05/19 02:55:00 AM,24.050,100.000,,,,,
7981,07/05/19 03:00:00 AM,24.050,100.000,,,,,
7982,07/05/19 03:05:00 AM,24.002,100.000,,,,,
7983,07/05/19 03:10:00 AM,24.002,100.000,,,,,
7984,07/05/19 03:15:00 AM,24.002,100.000,,,,,
7985,07/05/19 03:20:00 AM,24.026,100.000,,,,,
7986,07/05/19 03:25:00 AM,24.050,100.000,,,,,
7987,07/05/19 03:30:00 AM,24.074,100.000,,,,,
7988,07/05/19 03:35:00 AM,24.074,100.000,,,,,
7989,07/05/19 03:40:00 AM,24.050,100.000,,,,,
7990,07/05/19 03:45:00 AM,24.050,100.000,,,,,
7991,07/05/19 03:50:00 AM,24.050,100.000,,,,,
7992,07/05/19 03:55:00 AM,24.050,100.000,,,,,
7993,07/05/19 04:00:00 AM,24.098,100.000,,,,,
7994,07/05/19 04:05:00 AM,24.098,100.000,,,,,
7995,07/05/19 04:10:00 AM,24.050,100.000,,,,,
7996,07/05/19 04:15:00 AM,24.050,100.000,,,,,
7997,07/05/19 04:20:00 AM,24.050,100.000,,,,,
7998,07/05/19 04:25:00 AM,24.050,100.000,,,,,
7999,07/05/19 04:30:00 AM,24.002,100.000,,,,,
8000,07/05/19 04:35:00 AM,24.026,100.000,,,,,
8001,07/05/19 04:40:00 AM,24.002,100.000,,,,,
8002,07/05/19 04:45:00 AM,24.026,100.000,,,,,
8003,07/05/19 04:50:00 AM,24.050,100.000,,,,,
8004,07/05/19 04:55:00 AM,24.026,100.000,,,,,
8005,07/05/19 05:00:00 AM,24.026,100.000,,,,,
8006,07/05/19 05:05:00 AM,24.026,100.000,,,,,
8007,07/05/19 05:10:00 AM,24.026,100.000,,,,,
8008,07/05/19 05:15:00 AM,24.026,100.000,,,,,
8009,07/05/19 05:20:00 AM,24.002,100.000,,,,,
8010,07/05/19 05:25:00 AM,24.002,100.000,,,,,
8011,07/05/19 05:30:00 AM,24.002,100.000,,,,,
8012,07/05/19 05:35:00 AM,24.002,100.000,,,,,
8013,07/05/19 05:40:00 AM,23.978,100.000,,,,,
8014,07/05/19 05:45:00 AM,24.002,100.000,,,,,
8015,07/05/19 05:50:00 AM,23.954,100.000,,,,,
8016,07/05/19 05:55:00 AM,23.930,100.000,,,,,
8017,07/05/19 06:00:00 AM,23.881,100.000,,,,,
8018,07/05/19 06:05:00 AM,23.905,100.000,,,,,
8019,07/05/19 06:10:00 AM,23.857,100.000,,,,,
8020,07/05/19 06:15:00 AM,23.833,100.000,,,,,
8021,07/05/19 06:20:00 AM,23.833,100.000,,,,,
8022,07/05/19 06:25:00 AM,23.833,100.000,,,,,
8023,07/05/19 06:30:00 AM,23.833,100.000,,,,,
8024,07/05/19 06:35:00 AM,23.809,100.000,,,,,
8025,07/05/19 06:40:00 AM,23.785,100.000,,,,,
8026,07/05/19 06:45:00 AM,23.785,100.000,,,,,
8027,07/05/19 06:50:00 AM,23.785,100.000,,,,,
8028,07/05/19 06:55:00 AM,23.761,100.000,,,,,
8029,07/05/19 07:00:00 AM,23.737,100.000,,,,,
8030,07/05/19 07:05:00 AM,23.761,100.000,,,,,
8031,07/05/19 07:10:00 AM,23.809,100.000,,,,,
8032,07/05/19 07:15:00 AM,23.833,100.000,,,,,
8033,07/05/19 07:20:00 AM,23.857,100.000,,,,,
8034,07/05/19 07:25:00 AM,23.905,100.000,,,,,
8035,07/05/19 07:30:00 AM,23.905,100.000,,,,,
8036,07/05/19 07:35:00 AM,23.978,100.000,,,,,
8037,07/05/19 07:40:00 AM,24.002,100.000,,,,,
8038,07/05/19 07:45:00 AM,24.098,100.000,,,,,
8039,07/05/19 07:50:00 AM,24.195,100.000,,,,,
8040,07/05/19 07:55:00 AM,24.243,100.000,,,,,
8041,07/05/19 08:00:00 AM,24.291,100.000,,,,,
8042,07/05/19 08:05:00 AM,24.339,100.000,,,,,
8043,07/05/19 08:10:00 AM,24.388,100.000,,,,,
8044,07/05/19 08:15:00 AM,24.460,100.000,,,,,
8045,07/05/19 08:20:00 AM,24.532,100.000,,,,,
8046,07/05/19 08:25:00 AM,24.581,100.000,,,,,
8047,07/05/19 08:30:00 AM,24.677,100.000,,,,,
8048,07/05/19 08:35:00 AM,24.774,100.000,,,,,
8049,07/05/19 08:40:00 AM,24.871,100.000,,,,,
8050,07/05/19 08:45:00 AM,24.944,100.000,,,,,
8051,07/05/19 08:50:00 AM,24.992,100.000,,,,,
8052,07/05/19 08:55:00 AM,25.040,100.000,,,,,
8053,07/05/19 09:00:00 AM,25.040,100.000,,,,,
8054,07/05/19 09:05:00 AM,25.089,100.000,,,,,
8055,07/05/19 09:10:00 AM,25.089,100.000,,,,,
8056,07/05/19 09:15:00 AM,25.137,100.000,,,,,
8057,07/05/19 09:20:00 AM,25.186,100.000,,,,,
8058,07/05/19 09:25:00 AM,25.234,100.000,,,,,
8059,07/05/19 09:30:00 AM,25.283,100.000,,,,,
8060,07/05/19 09:35:00 AM,25.283,100.000,,,,,
8061,07/05/19 09:40:00 AM,25.307,100.000,,,,,
8062,07/05/19 09:45:00 AM,25.331,100.000,,,,,
8063,07/05/19 09:50:00 AM,25.355,100.000,,,,,
8064,07/05/19 09:55:00 AM,25.404,100.000,,,,,
8065,07/05/19 10:00:00 AM,25.453,100.000,,,,,
8066,07/05/19 10:05:00 AM,25.525,100.000,,,,,
8067,07/05/19 10:10:00 AM,25.623,100.000,,,,,
8068,07/05/19 10:15:00 AM,25.793,100.000,,,,,
8069,07/05/19 10:20:00 AM,25.963,100.000,,,,,
8070,07/05/19 10:25:00 AM,26.061,100.000,,,,,
8071,07/05/19 10:30:00 AM,26.134,100.000,,,,,
8072,07/05/19 10:35:00 AM,26.207,100.000,,,,,
8073,07/05/19 10:40:00 AM,26.280,100.000,,,,,
8074,07/05/19 10:45:00 AM,26.329,100.000,,,,,
8075,07/05/19 10:50:00 AM,26.426,100.000,,,,,
8076,07/05/19 10:55:00 AM,26.573,100.000,,,,,
8077,07/05/19 11:00:00 AM,26.720,100.000,,,,,
8078,07/05/19 11:05:00 AM,26.891,100.000,,,,,
8079,07/05/19 11:10:00 AM,27.014,100.000,,,,,
8080,07/05/19 11:15:00 AM,27.063,100.000,,,,,
8081,07/05/19 11:20:00 AM,27.161,100.000,,,,,
8082,07/05/19 11:25:00 AM,27.358,100.000,,,,,
8083,07/05/19 11:30:00 AM,27.431,100.000,,,,,
8084,07/05/19 11:35:00 AM,27.481,100.000,,,,,
8085,07/05/19 11:40:00 AM,27.604,100.000,,,,,
8086,07/05/19 11:45:00 AM,27.579,100.000,,,,,
8087,07/05/19 11:50:00 AM,27.456,100.000,,,,,
8088,07/05/19 11:55:00 AM,27.407,100.000,,,,,
8089,07/05/19 12:00:00 PM,27.407,100.000,,,,,
8090,07/05/19 12:05:00 PM,27.382,100.000,,,,,
8091,07/05/19 12:10:00 PM,27.382,100.000,,,,,
8092,07/05/19 12:15:00 PM,27.456,100.000,,,,,
8093,07/05/19 12:20:00 PM,27.505,100.000,,,,,
8094,07/05/19 12:25:00 PM,27.530,100.000,,,,,
8095,07/05/19 12:30:00 PM,27.530,100.000,,,,,
8096,07/05/19 12:35:00 PM,27.604,100.000,,,,,
8097,07/05/19 12:40:00 PM,27.727,100.000,,,,,
8098,07/05/19 12:45:00 PM,27.801,100.000,,,,,
8099,07/05/19 12:50:00 PM,27.825,100.000,,,,,
8100,07/05/19 12:55:00 PM,27.801,100.000,,,,,
8101,07/05/19 01:00:00 PM,27.801,100.000,,,,,
8102,07/05/19 01:05:00 PM,27.825,100.000,,,,,
8103,07/05/19 01:10:00 PM,27.850,100.000,,,,,
8104,07/05/19 01:15:00 PM,27.924,100.000,,,,,
8105,07/05/19 01:20:00 PM,27.949,100.000,,,,,
8106,07/05/19 01:25:00 PM,27.875,100.000,,,,,
8107,07/05/19 01:30:00 PM,27.825,100.000,,,,,
8108,07/05/19 01:35:00 PM,27.875,100.000,,,,,
8109,07/05/19 01:40:00 PM,27.850,100.000,,,,,
8110,07/05/19 01:45:00 PM,27.875,100.000,,,,,
8111,07/05/19 01:50:00 PM,27.899,100.000,,,,,
8112,07/05/19 01:55:00 PM,27.924,100.000,,,,,
8113,07/05/19 02:00:00 PM,27.949,100.000,,,,,
8114,07/05/19 02:05:00 PM,27.974,100.000,,,,,
8115,07/05/19 02:10:00 PM,28.023,100.000,,,,,
8116,07/05/19 02:15:00 PM,28.072,100.000,,,,,
8117,07/05/19 02:20:00 PM,28.097,100.000,,,,,
8118,07/05/19 02:25:00 PM,28.196,100.000,,,,,
8119,07/05/19 02:30:00 PM,28.221,100.000,,,,,
8120,07/05/19 02:35:00 PM,28.171,100.000,,,,,
8121,07/05/19 02:40:00 PM,28.221,100.000,,,,,
8122,07/05/19 02:45:00 PM,28.320,100.000,,,,,
8123,07/05/19 02:50:00 PM,28.419,100.000,,,,,
8124,07/05/19 02:55:00 PM,28.518,100.000,,,,,
8125,07/05/19 03:00:00 PM,28.543,100.000,,,,,
8126,07/05/19 03:05:00 PM,28.518,100.000,,,,,
8127,07/05/19 03:10:00 PM,28.593,100.000,,,,,
8128,07/05/19 03:15:00 PM,28.791,100.000,,,,,
8129,07/05/19 03:20:00 PM,28.990,100.000,,,,,
8130,07/05/19 03:25:00 PM,29.065,100.000,,,,,
8131,07/05/19 03:30:00 PM,29.090,100.000,,,,,
8132,07/05/19 03:35:00 PM,29.140,100.000,,,,,
8133,07/05/19 03:40:00 PM,29.090,100.000,,,,,
8134,07/05/19 03:45:00 PM,29.140,100.000,,,,,
8135,07/05/19 03:50:00 PM,29.290,100.000,,,,,
8136,07/05/19 03:55:00 PM,29.290,100.000,,,,,
8137,07/05/19 04:00:00 PM,29.290,100.000,,,,,
8138,07/05/19 04:05:00 PM,29.315,100.000,,,,,
8139,07/05/19 04:10:00 PM,29.290,100.000,,,,,
8140,07/05/19 04:15:00 PM,29.190,100.000,,,,,
8141,07/05/19 04:20:00 PM,29.190,100.000,,,,,
8142,07/05/19 04:25:00 PM,29.190,100.000,,,,,
8143,07/05/19 04:30:00 PM,29.065,100.000,,,,,
8144,07/05/19 04:35:00 PM,29.040,100.000,,,,,
8145,07/05/19 04:40:00 PM,28.965,100.000,,,,,
8146,07/05/19 04:45:00 PM,29.065,100.000,,,,,
8147,07/05/19 04:50:00 PM,29.140,100.000,,,,,
8148,07/05/19 04:55:00 PM,29.265,100.000,,,,,
8149,07/05/19 05:00:00 PM,29.340,100.000,,,,,
8150,07/05/19 05:05:00 PM,29.439,100.000,,,,,
8151,07/05/19 05:10:00 PM,29.540,100.000,,,,,
8152,07/05/19 05:15:00 PM,29.690,100.000,,,,,
8153,07/05/19 05:20:00 PM,29.765,100.000,,,,,
8154,07/05/19 05:25:00 PM,29.715,100.000,,,,,
8155,07/05/19 05:30:00 PM,29.690,100.000,,,,,
8156,07/05/19 05:35:00 PM,29.640,100.000,,,,,
8157,07/05/19 05:40:00 PM,29.615,100.000,,,,,
8158,07/05/19 05:45:00 PM,29.515,100.000,,,,,
8159,07/05/19 05:50:00 PM,29.439,100.000,,,,,
8160,07/05/19 05:55:00 PM,29.439,100.000,,,,,
8161,07/05/19 06:00:00 PM,29.365,100.000,,,,,
8162,07/05/19 06:05:00 PM,29.315,100.000,,,,,
8163,07/05/19 06:10:00 PM,29.265,100.000,,,,,
8164,07/05/19 06:15:00 PM,29.215,100.000,,,,,
8165,07/05/19 06:20:00 PM,29.190,100.000,,,,,
8166,07/05/19 06:25:00 PM,29.215,100.000,,,,,
8167,07/05/19 06:30:00 PM,29.215,100.000,,,,,
8168,07/05/19 06:35:00 PM,29.240,100.000,,,,,
8169,07/05/19 06:40:00 PM,29.215,100.000,,,,,
8170,07/05/19 06:45:00 PM,29.065,100.000,,,,,
8171,07/05/19 06:50:00 PM,28.791,100.000,,,,,
8172,07/05/19 06:55:00 PM,28.468,100.000,,,,,
8173,07/05/19 07:00:00 PM,28.122,100.000,,,,,
8174,07/05/19 07:05:00 PM,27.801,100.000,,,,,
8175,07/05/19 07:10:00 PM,27.604,100.000,,,,,
8176,07/05/19 07:15:00 PM,27.505,100.000,,,,,
8177,07/05/19 07:20:00 PM,27.407,100.000,,,,,
8178,07/05/19 07:25:00 PM,27.358,100.000,,,,,
8179,07/05/19 07:30:00 PM,27.333,100.000,,,,,
8180,07/05/19 07:35:00 PM,27.333,100.000,,,,,
8181,07/05/19 07:40:00 PM,27.333,100.000,,,,,
8182,07/05/19 07:45:00 PM,27.333,100.000,,,,,
8183,07/05/19 07:50:00 PM,27.333,100.000,,,,,
8184,07/05/19 07:55:00 PM,27.358,100.000,,,,,
8185,07/05/19 08:00:00 PM,27.382,100.000,,,,,
8186,07/05/19 08:05:00 PM,27.407,100.000,,,,,
8187,07/05/19 08:10:00 PM,27.308,100.000,,,,,
8188,07/05/19 08:15:00 PM,27.186,100.000,,,,,
8189,07/05/19 08:20:00 PM,27.112,100.000,,,,,
8190,07/05/19 08:25:00 PM,27.063,100.000,,,,,
8191,07/05/19 08:30:00 PM,27.038,100.000,,,,,
8192,07/05/19 08:35:00 PM,26.989,100.000,,,,,
8193,07/05/19 08:40:00 PM,26.940,100.000,,,,,
8194,07/05/19 08:45:00 PM,26.891,100.000,,,,,
8195,07/05/19 08:50:00 PM,26.867,100.000,,,,,
8196,07/05/19 08:55:00 PM,26.867,100.000,,,,,
8197,07/05/19 09:00:00 PM,26.842,100.000,,,,,
8198,07/05/19 09:05:00 PM,26.793,100.000,,,,,
8199,07/05/19 09:10:00 PM,26.744,100.000,,,,,
8200,07/05/19 09:15:00 PM,26.720,100.000,,,,,
8201,07/05/19 09:20:00 PM,26.695,100.000,,,,,
8202,07/05/19 09:25:00 PM,26.671,100.000,,,,,
8203,07/05/19 09:30:00 PM,26.695,100.000,,,,,
8204,07/05/19 09:35:00 PM,26.671,100.000,,,,,
8205,07/05/19 09:40:00 PM,26.646,100.000,,,,,
8206,07/05/19 09:45:00 PM,26.646,100.000,,,,,
8207,07/05/19 09:50:00 PM,26.671,100.000,,,,,
8208,07/05/19 09:55:00 PM,26.695,100.000,,,,,
8209,07/05/19 10:00:00 PM,26.622,100.000,,,,,
8210,07/05/19 10:05:00 PM,26.500,100.000,,,,,
8211,07/05/19 10:10:00 PM,26.402,100.000,,,,,
8212,07/05/19 10:15:00 PM,26.304,100.000,,,,,
8213,07/05/19 10:20:00 PM,26.158,100.000,,,,,
8214,07/05/19 10:25:00 PM,26.061,100.000,,,,,
8215,07/05/19 10:30:00 PM,25.963,100.000,,,,,
8216,07/05/19 10:35:00 PM,25.890,100.000,,,,,
8217,07/05/19 10:40:00 PM,25.890,100.000,,,,,
8218,07/05/19 10:45:00 PM,25.890,100.000,,,,,
8219,07/05/19 10:50:00 PM,25.866,100.000,,,,,
8220,07/05/19 10:55:00 PM,25.866,100.000,,,,,
8221,07/05/19 11:00:00 PM,25.841,100.000,,,,,
8222,07/05/19 11:05:00 PM,25.768,100.000,,,,,
8223,07/05/19 11:10:00 PM,25.695,100.000,,,,,
8224,07/05/19 11:15:00 PM,25.598,100.000,,,,,
8225,07/05/19 11:20:00 PM,25.623,100.000,,,,,
8226,07/05/19 11:25:00 PM,25.623,100.000,,,,,
8227,07/05/19 11:30:00 PM,25.623,100.000,,,,,
8228,07/05/19 11:35:00 PM,25.647,100.000,,,,,
8229,07/05/19 11:40:00 PM,25.695,100.000,,,,,
8230,07/05/19 11:45:00 PM,25.720,100.000,,,,,
8231,07/05/19 11:50:00 PM,25.744,100.000,,,,,
8232,07/05/19 11:55:00 PM,25.720,100.000,,,,,
8233,07/06/19 12:00:00 AM,25.720,100.000,,,,,
8234,07/06/19 12:05:00 AM,25.720,100.000,,,,,
8235,07/06/19 12:10:00 AM,25.695,100.000,,,,,
8236,07/06/19 12:15:00 AM,25.720,100.000,,,,,
8237,07/06/19 12:20:00 AM,25.695,100.000,,,,,
8238,07/06/19 12:25:00 AM,25.671,100.000,,,,,
8239,07/06/19 12:30:00 AM,25.671,100.000,,,,,
8240,07/06/19 12:35:00 AM,25.671,100.000,,,,,
8241,07/06/19 12:40:00 AM,25.647,100.000,,,,,
8242,07/06/19 12:45:00 AM,25.623,100.000,,,,,
8243,07/06/19 12:50:00 AM,25.598,100.000,,,,,
8244,07/06/19 12:55:00 AM,25.598,100.000,,,,,
8245,07/06/19 01:00:00 AM,25.623,100.000,,,,,
8246,07/06/19 01:05:00 AM,25.647,100.000,,,,,
8247,07/06/19 01:10:00 AM,25.671,100.000,,,,,
8248,07/06/19 01:15:00 AM,25.671,100.000,,,,,
8249,07/06/19 01:20:00 AM,25.695,100.000,,,,,
8250,07/06/19 01:25:00 AM,25.695,100.000,,,,,
8251,07/06/19 01:30:00 AM,25.695,100.000,,,,,
8252,07/06/19 01:35:00 AM,25.695,100.000,,,,,
8253,07/06/19 01:40:00 AM,25.695,100.000,,,,,
8254,07/06/19 01:45:00 AM,25.720,100.000,,,,,
8255,07/06/19 01:50:00 AM,25.744,100.000,,,,,
8256,07/06/19 01:55:00 AM,25.744,100.000,,,,,
8257,07/06/19 02:00:00 AM,25.744,100.000,,,,,
8258,07/06/19 02:05:00 AM,25.744,100.000,,,,,
8259,07/06/19 02:10:00 AM,25.695,100.000,,,,,
8260,07/06/19 02:15:00 AM,25.695,100.000,,,,,
8261,07/06/19 02:20:00 AM,25.647,100.000,,,,,
8262,07/06/19 02:25:00 AM,25.623,100.000,,,,,
8263,07/06/19 02:30:00 AM,25.598,100.000,,,,,
8264,07/06/19 02:35:00 AM,25.550,100.000,,,,,
8265,07/06/19 02:40:00 AM,25.501,100.000,,,,,
8266,07/06/19 02:45:00 AM,25.428,100.000,,,,,
8267,07/06/19 02:50:00 AM,25.404,100.000,,,,,
8268,07/06/19 02:55:00 AM,25.380,100.000,,,,,
8269,07/06/19 03:00:00 AM,25.355,100.000,,,,,
8270,07/06/19 03:05:00 AM,25.283,100.000,,,,,
8271,07/06/19 03:10:00 AM,25.210,100.000,,,,,
8272,07/06/19 03:15:00 AM,25.162,100.000,,,,,
8273,07/06/19 03:20:00 AM,25.089,100.000,,,,,
8274,07/06/19 03:25:00 AM,25.089,100.000,,,,,
8275,07/06/19 03:30:00 AM,25.040,100.000,,,,,
8276,07/06/19 03:35:00 AM,24.992,100.000,,,,,
8277,07/06/19 03:40:00 AM,24.944,100.000,,,,,
8278,07/06/19 03:45:00 AM,24.895,100.000,,,,,
8279,07/06/19 03:50:00 AM,24.823,100.000,,,,,
8280,07/06/19 03:55:00 AM,24.750,100.000,,,,,
8281,07/06/19 04:00:00 AM,24.726,100.000,,,,,
8282,07/06/19 04:05:00 AM,24.629,100.000,,,,,
8283,07/06/19 04:10:00 AM,24.557,100.000,,,,,
8284,07/06/19 04:15:00 AM,24.532,100.000,,,,,
8285,07/06/19 04:20:00 AM,24.508,100.000,,,,,
8286,07/06/19 04:25:00 AM,24.436,100.000,,,,,
8287,07/06/19 04:30:00 AM,24.436,100.000,,,,,
8288,07/06/19 04:35:00 AM,24.484,100.000,,,,,
8289,07/06/19 04:40:00 AM,24.460,100.000,,,,,
8290,07/06/19 04:45:00 AM,24.412,100.000,,,,,
8291,07/06/19 04:50:00 AM,24.388,100.000,,,,,
8292,07/06/19 04:55:00 AM,24.436,100.000,,,,,
8293,07/06/19 05:00:00 AM,24.484,100.000,,,,,
8294,07/06/19 05:05:00 AM,24.557,100.000,,,,,
8295,07/06/19 05:10:00 AM,24.557,100.000,,,,,
8296,07/06/19 05:15:00 AM,24.581,100.000,,,,,
8297,07/06/19 05:20:00 AM,24.581,100.000,,,,,
8298,07/06/19 05:25:00 AM,24.605,100.000,,,,,
8299,07/06/19 05:30:00 AM,24.581,100.000,,,,,
8300,07/06/19 05:35:00 AM,24.605,100.000,,,,,
8301,07/06/19 05:40:00 AM,24.629,100.000,,,,,
8302,07/06/19 05:45:00 AM,24.629,100.000,,,,,
8303,07/06/19 05:50:00 AM,24.629,100.000,,,,,
8304,07/06/19 05:55:00 AM,24.629,100.000,,,,,
8305,07/06/19 06:00:00 AM,24.629,100.000,,,,,
8306,07/06/19 06:05:00 AM,24.605,100.000,,,,,
8307,07/06/19 06:10:00 AM,24.629,100.000,,,,,
8308,07/06/19 06:15:00 AM,24.653,100.000,,,,,
8309,07/06/19 06:20:00 AM,24.653,100.000,,,,,
8310,07/06/19 06:25:00 AM,24.629,100.000,,,,,
8311,07/06/19 06:30:00 AM,24.629,100.000,,,,,
8312,07/06/19 06:35:00 AM,24.629,100.000,,,,,
8313,07/06/19 06:40:00 AM,24.677,100.000,,,,,
8314,07/06/19 06:45:00 AM,24.677,100.000,,,,,
8315,07/06/19 06:50:00 AM,24.677,100.000,,,,,
8316,07/06/19 06:55:00 AM,24.653,100.000,,,,,
8317,07/06/19 07:00:00 AM,24.677,100.000,,,,,
8318,07/06/19 07:05:00 AM,24.653,100.000,,,,,
8319,07/06/19 07:10:00 AM,24.677,100.000,,,,,
8320,07/06/19 07:15:00 AM,24.677,100.000,,,,,
8321,07/06/19 07:20:00 AM,24.702,100.000,,,,,
8322,07/06/19 07:25:00 AM,24.726,100.000,,,,,
8323,07/06/19 07:30:00 AM,24.702,100.000,,,,,
8324,07/06/19 07:35:00 AM,24.726,100.000,,,,,
8325,07/06/19 07:40:00 AM,24.726,100.000,,,,,
8326,07/06/19 07:45:00 AM,24.774,100.000,,,,,
8327,07/06/19 07:50:00 AM,24.798,100.000,,,,,
8328,07/06/19 07:55:00 AM,24.823,100.000,,,,,
8329,07/06/19 08:00:00 AM,24.823,100.000,,,,,
8330,07/06/19 08:05:00 AM,24.798,100.000,,,,,
8331,07/06/19 08:10:00 AM,24.823,100.000,,,,,
8332,07/06/19 08:15:00 AM,24.823,100.000,,,,,
8333,07/06/19 08:20:00 AM,24.871,100.000,,,,,
8334,07/06/19 08:25:00 AM,24.895,100.000,,,,,
8335,07/06/19 08:30:00 AM,24.944,100.000,,,,,
8336,07/06/19 08:35:00 AM,24.968,100.000,,,,,
8337,07/06/19 08:40:00 AM,24.992,100.000,,,,,
8338,07/06/19 08:45:00 AM,25.040,100.000,,,,,
8339,07/06/19 08:50:00 AM,25.040,100.000,,,,,
8340,07/06/19 08:55:00 AM,25.065,100.000,,,,,
8341,07/06/19 09:00:00 AM,25.089,100.000,,,,,
8342,07/06/19 09:05:00 AM,25.162,100.000,,,,,
8343,07/06/19 09:10:00 AM,25.258,100.000,,,,,
8344,07/06/19 09:15:00 AM,25.355,100.000,,,,,
8345,07/06/19 09:20:00 AM,25.404,100.000,,,,,
8346,07/06/19 09:25:00 AM,25.477,100.000,,,,,
8347,07/06/19 09:30:00 AM,25.550,100.000,,,,,
8348,07/06/19 09:35:00 AM,25.598,100.000,,,,,
8349,07/06/19 09:40:00 AM,25.647,100.000,,,,,
8350,07/06/19 09:45:00 AM,25.720,100.000,,,,,
8351,07/06/19 09:50:00 AM,25.817,100.000,,,,,
8352,07/06/19 09:55:00 AM,25.914,100.000,,,,,
8353,07/06/19 10:00:00 AM,26.012,100.000,,,,,
8354,07/06/19 10:05:00 AM,26.134,100.000,,,,,
8355,07/06/19 10:10:00 AM,26.207,100.000,,,,,
8356,07/06/19 10:15:00 AM,26.207,100.000,,,,,
8357,07/06/19 10:20:00 AM,26.207,100.000,,,,,
8358,07/06/19 10:25:00 AM,26.256,100.000,,,,,
8359,07/06/19 10:30:00 AM,26.353,100.000,,,,,
8360,07/06/19 10:35:00 AM,26.402,100.000,,,,,
8361,07/06/19 10:40:00 AM,26.402,100.000,,,,,
8362,07/06/19 10:45:00 AM,26.378,100.000,,,,,
8363,07/06/19 10:50:00 AM,26.426,100.000,,,,,
8364,07/06/19 10:55:00 AM,26.475,100.000,,,,,
8365,07/06/19 11:00:00 AM,26.524,100.000,,,,,
8366,07/06/19 11:05:00 AM,26.549,100.000,,,,,
8367,07/06/19 11:10:00 AM,26.524,100.000,,,,,
8368,07/06/19 11:15:00 AM,26.500,100.000,,,,,
8369,07/06/19 11:20:00 AM,26.500,100.000,,,,,
8370,07/06/19 11:25:00 AM,26.500,100.000,,,,,
8371,07/06/19 11:30:00 AM,26.500,100.000,,,,,
8372,07/06/19 11:35:00 AM,26.524,100.000,,,,,
8373,07/06/19 11:40:00 AM,26.622,100.000,,,,,
8374,07/06/19 11:45:00 AM,26.769,100.000,,,,,
8375,07/06/19 11:50:00 AM,26.842,100.000,,,,,
8376,07/06/19 11:55:00 AM,26.867,100.000,,,,,
8377,07/06/19 12:00:00 PM,26.965,100.000,,,,,
8378,07/06/19 12:05:00 PM,27.038,100.000,,,,,
8379,07/06/19 12:10:00 PM,27.063,100.000,,,,,
8380,07/06/19 12:15:00 PM,27.161,100.000,,,,,
8381,07/06/19 12:20:00 PM,27.333,100.000,,,,,
8382,07/06/19 12:25:00 PM,27.505,100.000,,,,,
8383,07/06/19 12:30:00 PM,27.579,100.000,,,,,
8384,07/06/19 12:35:00 PM,27.653,100.000,,,,,
8385,07/06/19 12:40:00 PM,27.653,100.000,,,,,
8386,07/06/19 12:45:00 PM,27.727,100.000,,,,,
8387,07/06/19 12:50:00 PM,27.653,100.000,,,,,
8388,07/06/19 12:55:00 PM,27.628,100.000,,,,,
8389,07/06/19 01:00:00 PM,27.751,100.000,,,,,
8390,07/06/19 01:05:00 PM,27.677,100.000,,,,,
8391,07/06/19 01:10:00 PM,27.677,100.000,,,,,
8392,07/06/19 01:15:00 PM,27.875,100.000,,,,,
8393,07/06/19 01:20:00 PM,27.998,100.000,,,,,
8394,07/06/19 01:25:00 PM,27.825,100.000,,,,,
8395,07/06/19 01:30:00 PM,27.653,100.000,,,,,
8396,07/06/19 01:35:00 PM,27.579,100.000,,,,,
8397,07/06/19 01:40:00 PM,27.554,100.000,,,,,
8398,07/06/19 01:45:00 PM,27.653,100.000,,,,,
8399,07/06/19 01:50:00 PM,27.505,100.000,,,,,
8400,07/06/19 01:55:00 PM,27.358,100.000,,,,,
8401,07/06/19 02:00:00 PM,27.358,100.000,,,,,
8402,07/06/19 02:05:00 PM,27.431,100.000,,,,,
8403,07/06/19 02:10:00 PM,27.530,100.000,,,,,
8404,07/06/19 02:15:00 PM,27.530,100.000,,,,,
8405,07/06/19 02:20:00 PM,27.382,100.000,,,,,
8406,07/06/19 02:25:00 PM,27.235,100.000,,,,,
8407,07/06/19 02:30:00 PM,25.598,100.000,,,,,
8408,07/06/19 02:35:00 PM,24.195,100.000,,,,,
8409,07/06/19 02:40:00 PM,23.569,100.000,,,,,
8410,07/06/19 02:45:00 PM,23.040,100.000,,,,,
8411,07/06/19 02:50:00 PM,22.681,100.000,,,,,
8412,07/06/19 02:55:00 PM,22.657,100.000,,,,,
8413,07/06/19 03:00:00 PM,22.776,100.000,,,,,
8414,07/06/19 03:05:00 PM,22.872,100.000,,,,,
8415,07/06/19 03:10:00 PM,22.920,100.000,,,,,
8416,07/06/19 03:15:00 PM,22.944,100.000,,,,,
8417,07/06/19 03:20:00 PM,23.016,100.000,,,,,
8418,07/06/19 03:25:00 PM,23.040,100.000,,,,,
8419,07/06/19 03:30:00 PM,23.040,100.000,,,,,
8420,07/06/19 03:35:00 PM,23.064,100.000,,,,,
8421,07/06/19 03:40:00 PM,23.088,100.000,,,,,
8422,07/06/19 03:45:00 PM,23.136,100.000,,,,,
8423,07/06/19 03:50:00 PM,23.160,100.000,,,,,
8424,07/06/19 03:55:00 PM,23.208,100.000,,,,,
8425,07/06/19 04:00:00 PM,23.208,100.000,,,,,
8426,07/06/19 04:05:00 PM,23.184,100.000,,,,,
8427,07/06/19 04:10:00 PM,23.160,100.000,,,,,
8428,07/06/19 04:15:00 PM,23.160,100.000,,,,,
8429,07/06/19 04:20:00 PM,23.136,100.000,,,,,
8430,07/06/19 04:25:00 PM,23.160,100.000,,,,,
8431,07/06/19 04:30:00 PM,23.184,100.000,,,,,
8432,07/06/19 04:35:00 PM,23.184,100.000,,,,,
8433,07/06/19 04:40:00 PM,23.232,100.000,,,,,
8434,07/06/19 04:45:00 PM,23.256,100.000,,,,,
8435,07/06/19 04:50:00 PM,23.304,100.000,,,,,
8436,07/06/19 04:55:00 PM,23.352,100.000,,,,,
8437,07/06/19 05:00:00 PM,23.400,100.000,,,,,
8438,07/06/19 05:05:00 PM,23.448,100.000,,,,,
8439,07/06/19 05:10:00 PM,23.472,100.000,,,,,
8440,07/06/19 05:15:00 PM,23.521,100.000,,,,,
8441,07/06/19 05:20:00 PM,23.569,100.000,,,,,
8442,07/06/19 05:25:00 PM,23.593,100.000,,,,,
8443,07/06/19 05:30:00 PM,23.593,100.000,,,,,
8444,07/06/19 05:35:00 PM,23.569,100.000,,,,,
8445,07/06/19 05:40:00 PM,23.569,100.000,,,,,
8446,07/06/19 05:45:00 PM,23.569,100.000,,,,,
8447,07/06/19 05:50:00 PM,23.593,100.000,,,,,
8448,07/06/19 05:55:00 PM,23.593,100.000,,,,,
8449,07/06/19 06:00:00 PM,23.569,100.000,,,,,
8450,07/06/19 06:05:00 PM,23.545,100.000,,,,,
8451,07/06/19 06:10:00 PM,23.545,100.000,,,,,
8452,07/06/19 06:15:00 PM,23.545,100.000,,,,,
8453,07/06/19 06:20:00 PM,23.569,100.000,,,,,
8454,07/06/19 06:25:00 PM,23.545,100.000,,,,,
8455,07/06/19 06:30:00 PM,23.545,100.000,,,,,
8456,07/06/19 06:35:00 PM,23.569,100.000,,,,,
8457,07/06/19 06:40:00 PM,23.593,100.000,,,,,
8458,07/06/19 06:45:00 PM,23.593,100.000,,,,,
8459,07/06/19 06:50:00 PM,23.593,100.000,,,,,
8460,07/06/19 06:55:00 PM,23.593,100.000,,,,,
8461,07/06/19 07:00:00 PM,23.593,100.000,,,,,
8462,07/06/19 07:05:00 PM,23.617,100.000,,,,,
8463,07/06/19 07:10:00 PM,23.641,100.000,,,,,
8464,07/06/19 07:15:00 PM,23.665,100.000,,,,,
8465,07/06/19 07:20:00 PM,23.689,100.000,,,,,
8466,07/06/19 07:25:00 PM,23.737,100.000,,,,,
8467,07/06/19 07:30:00 PM,23.761,100.000,,,,,
8468,07/06/19 07:35:00 PM,23.761,100.000,,,,,
8469,07/06/19 07:40:00 PM,23.737,100.000,,,,,
8470,07/06/19 07:45:00 PM,23.737,100.000,,,,,
8471,07/06/19 07:50:00 PM,23.713,100.000,,,,,
8472,07/06/19 07:55:00 PM,23.689,100.000,,,,,
8473,07/06/19 08:00:00 PM,23.665,100.000,,,,,
8474,07/06/19 08:05:00 PM,23.665,100.000,,,,,
8475,07/06/19 08:10:00 PM,23.689,100.000,,,,,
8476,07/06/19 08:15:00 PM,23.665,100.000,,,,,
8477,07/06/19 08:20:00 PM,23.641,100.000,,,,,
8478,07/06/19 08:25:00 PM,23.617,100.000,,,,,
8479,07/06/19 08:30:00 PM,23.641,100.000,,,,,
8480,07/06/19 08:35:00 PM,23.641,100.000,,,,,
8481,07/06/19 08:40:00 PM,23.617,100.000,,,,,
8482,07/06/19 08:45:00 PM,23.617,100.000,,,,,
8483,07/06/19 08:50:00 PM,23.641,100.000,,,,,
8484,07/06/19 08:55:00 PM,23.617,100.000,,,,,
8485,07/06/19 09:00:00 PM,23.593,100.000,,,,,
8486,07/06/19 09:05:00 PM,23.617,100.000,,,,,
8487,07/06/19 09:10:00 PM,23.593,100.000,,,,,
8488,07/06/19 09:15:00 PM,23.593,100.000,,,,,
8489,07/06/19 09:20:00 PM,23.593,100.000,,,,,
8490,07/06/19 09:25:00 PM,23.593,100.000,,,,,
8491,07/06/19 09:30:00 PM,23.617,100.000,,,,,
8492,07/06/19 09:35:00 PM,23.665,100.000,,,,,
8493,07/06/19 09:40:00 PM,23.665,100.000,,,,,
8494,07/06/19 09:45:00 PM,23.665,100.000,,,,,
8495,07/06/19 09:50:00 PM,23.617,100.000,,,,,
8496,07/06/19 09:55:00 PM,23.617,100.000,,,,,
8497,07/06/19 10:00:00 PM,23.617,100.000,,,,,
8498,07/06/19 10:05:00 PM,23.617,100.000,,,,,
8499,07/06/19 10:10:00 PM,23.593,100.000,,,,,
8500,07/06/19 10:15:00 PM,23.569,100.000,,,,,
8501,07/06/19 10:20:00 PM,23.593,100.000,,,,,
8502,07/06/19 10:25:00 PM,23.593,100.000,,,,,
8503,07/06/19 10:30:00 PM,23.521,100.000,,,,,
8504,07/06/19 10:35:00 PM,23.472,100.000,,,,,
8505,07/06/19 10:40:00 PM,23.472,100.000,,,,,
8506,07/06/19 10:45:00 PM,23.424,100.000,,,,,
8507,07/06/19 10:50:00 PM,23.448,100.000,,,,,
8508,07/06/19 10:55:00 PM,23.472,100.000,,,,,
8509,07/06/19 11:00:00 PM,23.448,100.000,,,,,
8510,07/06/19 11:05:00 PM,23.472,100.000,,,,,
8511,07/06/19 11:10:00 PM,23.424,100.000,,,,,
8512,07/06/19 11:15:00 PM,23.376,100.000,,,,,
8513,07/06/19 11:20:00 PM,23.376,100.000,,,,,
8514,07/06/19 11:25:00 PM,23.352,100.000,,,,,
8515,07/06/19 11:30:00 PM,23.304,100.000,,,,,
8516,07/06/19 11:35:00 PM,23.280,100.000,,,,,
8517,07/06/19 11:40:00 PM,23.256,100.000,,,,,
8518,07/06/19 11:45:00 PM,23.280,100.000,,,,,
8519,07/06/19 11:50:00 PM,23.328,100.000,,,,,
8520,07/06/19 11:55:00 PM,23.328,100.000,,,,,
8521,07/07/19 12:00:00 AM,23.400,100.000,,,,,
8522,07/07/19 12:05:00 AM,23.424,100.000,,,,,
8523,07/07/19 12:10:00 AM,23.376,100.000,,,,,
8524,07/07/19 12:15:00 AM,23.280,100.000,,,,,
8525,07/07/19 12:20:00 AM,23.184,100.000,,,,,
8526,07/07/19 12:25:00 AM,23.208,100.000,,,,,
8527,07/07/19 12:30:00 AM,23.160,100.000,,,,,
8528,07/07/19 12:35:00 AM,23.136,100.000,,,,,
8529,07/07/19 12:40:00 AM,23.064,100.000,,,,,
8530,07/07/19 12:45:00 AM,23.088,100.000,,,,,
8531,07/07/19 12:50:00 AM,23.136,100.000,,,,,
8532,07/07/19 12:55:00 AM,23.064,100.000,,,,,
8533,07/07/19 01:00:00 AM,23.040,100.000,,,,,
8534,07/07/19 01:05:00 AM,22.992,100.000,,,,,
8535,07/07/19 01:10:00 AM,22.992,100.000,,,,,
8536,07/07/19 01:15:00 AM,22.992,100.000,,,,,
8537,07/07/19 01:20:00 AM,23.040,100.000,,,,,
8538,07/07/19 01:25:00 AM,23.040,100.000,,,,,
8539,07/07/19 01:30:00 AM,22.992,100.000,,,,,
8540,07/07/19 01:35:00 AM,22.992,100.000,,,,,
8541,07/07/19 01:40:00 AM,22.944,100.000,,,,,
8542,07/07/19 01:45:00 AM,22.896,100.000,,,,,
8543,07/07/19 01:50:00 AM,22.872,100.000,,,,,
8544,07/07/19 01:55:00 AM,22.896,100.000,,,,,
8545,07/07/19 02:00:00 AM,22.944,100.000,,,,,
8546,07/07/19 02:05:00 AM,22.920,100.000,,,,,
8547,07/07/19 02:10:00 AM,22.896,100.000,,,,,
8548,07/07/19 02:15:00 AM,22.920,100.000,,,,,
8549,07/07/19 02:20:00 AM,22.968,100.000,,,,,
8550,07/07/19 02:25:00 AM,22.968,100.000,,,,,
8551,07/07/19 02:30:00 AM,22.968,100.000,,,,,
8552,07/07/19 02:35:00 AM,22.944,100.000,,,,,
8553,07/07/19 02:40:00 AM,22.896,100.000,,,,,
8554,07/07/19 02:45:00 AM,22.920,100.000,,,,,
8555,07/07/19 02:50:00 AM,22.896,100.000,,,,,
8556,07/07/19 02:55:00 AM,22.920,100.000,,,,,
8557,07/07/19 03:00:00 AM,22.896,100.000,,,,,
8558,07/07/19 03:05:00 AM,22.896,100.000,,,,,
8559,07/07/19 03:10:00 AM,22.848,100.000,,,,,
8560,07/07/19 03:15:00 AM,22.800,100.000,,,,,
8561,07/07/19 03:20:00 AM,22.800,100.000,,,,,
8562,07/07/19 03:25:00 AM,22.729,100.000,,,,,
8563,07/07/19 03:30:00 AM,22.705,100.000,,,,,
8564,07/07/19 03:35:00 AM,22.681,100.000,,,,,
8565,07/07/19 03:40:00 AM,22.681,100.000,,,,,
8566,07/07/19 03:45:00 AM,22.729,100.000,,,,,
8567,07/07/19 03:50:00 AM,22.705,100.000,,,,,
8568,07/07/19 03:55:00 AM,22.657,100.000,,,,,
8569,07/07/19 04:00:00 AM,22.657,100.000,,,,,
8570,07/07/19 04:05:00 AM,22.633,100.000,,,,,
8571,07/07/19 04:10:00 AM,22.633,100.000,,,,,
8572,07/07/19 04:15:00 AM,22.633,100.000,,,,,
8573,07/07/19 04:20:00 AM,22.657,100.000,,,,,
8574,07/07/19 04:25:00 AM,22.633,100.000,,,,,
8575,07/07/19 04:30:00 AM,22.633,100.000,,,,,
8576,07/07/19 04:35:00 AM,22.681,100.000,,,,,
8577,07/07/19 04:40:00 AM,22.705,100.000,,,,,
8578,07/07/19 04:45:00 AM,22.705,100.000,,,,,
8579,07/07/19 04:50:00 AM,22.729,100.000,,,,,
8580,07/07/19 04:55:00 AM,22.729,100.000,,,,,
8581,07/07/19 05:00:00 AM,22.705,100.000,,,,,
8582,07/07/19 05:05:00 AM,22.657,100.000,,,,,
8583,07/07/19 05:10:00 AM,22.657,100.000,,,,,
8584,07/07/19 05:15:00 AM,22.681,100.000,,,,,
8585,07/07/19 05:20:00 AM,22.705,100.000,,,,,
8586,07/07/19 05:25:00 AM,22.705,100.000,,,,,
8587,07/07/19 05:30:00 AM,22.705,100.000,,,,,
8588,07/07/19 05:35:00 AM,22.705,100.000,,,,,
8589,07/07/19 05:40:00 AM,22.657,100.000,,,,,
8590,07/07/19 05:45:00 AM,22.657,100.000,,,,,
8591,07/07/19 05:50:00 AM,22.681,100.000,,,,,
8592,07/07/19 05:55:00 AM,22.609,100.000,,,,,
8593,07/07/19 06:00:00 AM,22.561,100.000,,,,,
8594,07/07/19 06:05:00 AM,22.561,100.000,,,,,
8595,07/07/19 06:10:00 AM,22.585,100.000,,,,,
8596,07/07/19 06:15:00 AM,22.585,100.000,,,,,
8597,07/07/19 06:20:00 AM,22.585,100.000,,,,,
8598,07/07/19 06:25:00 AM,22.561,100.000,,,,,
8599,07/07/19 06:30:00 AM,22.489,100.000,,,,,
8600,07/07/19 06:35:00 AM,22.465,100.000,,,,,
8601,07/07/19 06:40:00 AM,22.441,100.000,,,,,
8602,07/07/19 06:45:00 AM,22.417,100.000,,,,,
8603,07/07/19 06:50:00 AM,22.441,100.000,,,,,
8604,07/07/19 06:55:00 AM,22.441,100.000,,,,,
8605,07/07/19 07:00:00 AM,22.441,100.000,,,,,
8606,07/07/19 07:05:00 AM,22.465,100.000,,,,,
8607,07/07/19 07:10:00 AM,22.513,100.000,,,,,
8608,07/07/19 07:15:00 AM,22.561,100.000,,,,,
8609,07/07/19 07:20:00 AM,22.633,100.000,,,,,
8610,07/07/19 07:25:00 AM,22.705,100.000,,,,,
8611,07/07/19 07:30:00 AM,22.800,100.000,,,,,
8612,07/07/19 07:35:00 AM,22.848,100.000,,,,,
8613,07/07/19 07:40:00 AM,22.896,100.000,,,,,
8614,07/07/19 07:45:00 AM,22.992,100.000,,,,,
8615,07/07/19 07:50:00 AM,23.040,100.000,,,,,
8616,07/07/19 07:55:00 AM,23.136,100.000,,,,,
8617,07/07/19 08:00:00 AM,23.232,100.000,,,,,
8618,07/07/19 08:05:00 AM,23.304,100.000,,,,,
8619,07/07/19 08:10:00 AM,23.376,100.000,,,,,
8620,07/07/19 08:15:00 AM,23.448,100.000,,,,,
8621,07/07/19 08:20:00 AM,23.545,100.000,,,,,
8622,07/07/19 08:25:00 AM,23.617,100.000,,,,,
8623,07/07/19 08:30:00 AM,23.689,100.000,,,,,
8624,07/07/19 08:35:00 AM,23.785,100.000,,,,,
8625,07/07/19 08:40:00 AM,23.857,100.000,,,,,
8626,07/07/19 08:45:00 AM,23.954,100.000,,,,,
8627,07/07/19 08:50:00 AM,24.050,100.000,,,,,
8628,07/07/19 08:55:00 AM,24.146,100.000,,,,,
8629,07/07/19 09:00:00 AM,24.243,100.000,,,,,
8630,07/07/19 09:05:00 AM,24.339,100.000,,,,,
8631,07/07/19 09:10:00 AM,24.412,100.000,,,,,
8632,07/07/19 09:15:00 AM,24.484,100.000,,,,,
8633,07/07/19 09:20:00 AM,24.605,100.000,,,,,
8634,07/07/19 09:25:00 AM,24.702,100.000,,,,,
8635,07/07/19 09:30:00 AM,24.823,100.000,,,,,
8636,07/07/19 09:35:00 AM,24.992,100.000,,,,,
8637,07/07/19 09:40:00 AM,25.210,100.000,,,,,
8638,07/07/19 09:45:00 AM,25.428,100.000,,,,,
8639,07/07/19 09:50:00 AM,25.598,100.000,,,,,
8640,07/07/19 09:55:00 AM,25.768,100.000,,,,,
8641,07/07/19 10:00:00 AM,25.793,100.000,,,,,
8642,07/07/19 10:05:00 AM,25.817,100.000,,,,,
8643,07/07/19 10:10:00 AM,25.914,100.000,,,,,
8644,07/07/19 10:15:00 AM,26.085,100.000,,,,,
8645,07/07/19 10:20:00 AM,26.231,100.000,,,,,
8646,07/07/19 10:25:00 AM,26.353,100.000,,,,,
8647,07/07/19 10:30:00 AM,26.426,100.000,,,,,
8648,07/07/19 10:35:00 AM,26.500,100.000,,,,,
8649,07/07/19 10:40:00 AM,26.622,100.000,,,,,
8650,07/07/19 10:45:00 AM,26.744,100.000,,,,,
8651,07/07/19 10:50:00 AM,26.891,100.000,,,,,
8652,07/07/19 10:55:00 AM,27.087,100.000,,,,,
8653,07/07/19 11:00:00 AM,27.210,100.000,,,,,
8654,07/07/19 11:05:00 AM,27.308,100.000,,,,,
8655,07/07/19 11:10:00 AM,27.456,100.000,,,,,
8656,07/07/19 11:15:00 AM,27.456,100.000,,,,,
8657,07/07/19 11:20:00 AM,27.530,100.000,,,,,
8658,07/07/19 11:25:00 AM,27.776,100.000,,,,,
8659,07/07/19 11:30:00 AM,27.949,100.000,,,,,
8660,07/07/19 11:35:00 AM,28.048,100.000,,,,,
8661,07/07/19 11:40:00 AM,27.974,100.000,,,,,
8662,07/07/19 11:45:00 AM,27.875,100.000,,,,,
8663,07/07/19 11:50:00 AM,27.850,100.000,,,,,
8664,07/07/19 11:55:00 AM,28.122,100.000,,,,,
8665,07/07/19 12:00:00 PM,28.245,100.000,,,,,
8666,07/07/19 12:05:00 PM,28.320,100.000,,,,,
8667,07/07/19 12:10:00 PM,28.245,100.000,,,,,
8668,07/07/19 12:15:00 PM,28.245,100.000,,,,,
8669,07/07/19 12:20:00 PM,28.345,100.000,,,,,
8670,07/07/19 12:25:00 PM,28.518,100.000,,,,,
8671,07/07/19 12:30:00 PM,28.717,100.000,,,,,
8672,07/07/19 12:35:00 PM,28.916,100.000,,,,,
8673,07/07/19 12:40:00 PM,29.090,100.000,,,,,
8674,07/07/19 12:45:00 PM,29.015,100.000,,,,,
8675,07/07/19 12:50:00 PM,28.891,100.000,,,,,
8676,07/07/19 12:55:00 PM,28.941,100.000,,,,,
8677,07/07/19 01:00:00 PM,28.891,100.000,,,,,
8678,07/07/19 01:05:00 PM,28.692,100.000,,,,,
8679,07/07/19 01:10:00 PM,28.742,100.000,,,,,
8680,07/07/19 01:15:00 PM,28.941,100.000,,,,,
8681,07/07/19 01:20:00 PM,29.015,100.000,,,,,
8682,07/07/19 01:25:00 PM,28.990,100.000,,,,,
8683,07/07/19 01:30:00 PM,28.816,100.000,,,,,
8684,07/07/19 01:35:00 PM,28.990,100.000,,,,,
8685,07/07/19 01:40:00 PM,29.190,100.000,,,,,
8686,07/07/19 01:45:00 PM,29.290,100.000,,,,,
8687,07/07/19 01:50:00 PM,29.140,100.000,,,,,
8688,07/07/19 01:55:00 PM,29.115,100.000,,,,,
8689,07/07/19 02:00:00 PM,29.340,100.000,,,,,
8690,07/07/19 02:05:00 PM,29.389,100.000,,,,,
8691,07/07/19 02:10:00 PM,29.389,100.000,,,,,
8692,07/07/19 02:15:00 PM,29.190,100.000,,,,,
8693,07/07/19 02:20:00 PM,28.891,100.000,,,,,
8694,07/07/19 02:25:00 PM,28.667,100.000,,,,,
8695,07/07/19 02:30:00 PM,28.916,100.000,,,,,
8696,07/07/19 02:35:00 PM,29.590,100.000,,,,,
8697,07/07/19 02:40:00 PM,29.890,100.000,,,,,
8698,07/07/19 02:45:00 PM,29.665,100.000,,,,,
8699,07/07/19 02:50:00 PM,29.190,100.000,,,,,
8700,07/07/19 02:55:00 PM,28.841,100.000,,,,,
8701,07/07/19 03:00:00 PM,28.642,100.000,,,,,
8702,07/07/19 03:05:00 PM,28.468,100.000,,,,,
8703,07/07/19 03:10:00 PM,28.097,100.000,,,,,
8704,07/07/19 03:15:00 PM,27.407,100.000,,,,,
8705,07/07/19 03:20:00 PM,26.916,100.000,,,,,
8706,07/07/19 03:25:00 PM,26.720,100.000,,,,,
8707,07/07/19 03:30:00 PM,26.475,100.000,,,,,
8708,07/07/19 03:35:00 PM,26.280,100.000,,,,,
8709,07/07/19 03:40:00 PM,26.085,100.000,,,,,
8710,07/07/19 03:45:00 PM,25.987,100.000,,,,,
8711,07/07/19 03:50:00 PM,25.987,100.000,,,,,
8712,07/07/19 03:55:00 PM,25.987,100.000,,,,,
8713,07/07/19 04:00:00 PM,25.841,100.000,,,,,
8714,07/07/19 04:05:00 PM,25.768,100.000,,,,,
8715,07/07/19 04:10:00 PM,25.744,100.000,,,,,
8716,07/07/19 04:15:00 PM,25.695,100.000,,,,,
8717,07/07/19 04:20:00 PM,25.647,100.000,,,,,
8718,07/07/19 04:25:00 PM,25.623,100.000,,,,,
8719,07/07/19 04:30:00 PM,25.671,100.000,,,,,
8720,07/07/19 04:35:00 PM,25.744,100.000,,,,,
8721,07/07/19 04:40:00 PM,25.841,100.000,,,,,
8722,07/07/19 04:45:00 PM,25.890,100.000,,,,,
8723,07/07/19 04:50:00 PM,26.012,100.000,,,,,
8724,07/07/19 04:55:00 PM,26.085,100.000,,,,,
8725,07/07/19 05:00:00 PM,26.109,100.000,,,,,
8726,07/07/19 05:05:00 PM,26.280,100.000,,,,,
8727,07/07/19 05:10:00 PM,26.378,100.000,,,,,
8728,07/07/19 05:15:00 PM,26.378,100.000,,,,,
8729,07/07/19 05:20:00 PM,26.426,100.000,,,,,
8730,07/07/19 05:25:00 PM,26.329,100.000,,,,,
8731,07/07/19 05:30:00 PM,26.256,100.000,,,,,
8732,07/07/19 05:35:00 PM,26.231,100.000,,,,,
8733,07/07/19 05:40:00 PM,26.304,100.000,,,,,
8734,07/07/19 05:45:00 PM,26.329,100.000,,,,,
8735,07/07/19 05:50:00 PM,26.329,100.000,,,,,
8736,07/07/19 05:55:00 PM,26.353,100.000,,,,,
8737,07/07/19 06:00:00 PM,26.378,100.000,,,,,
8738,07/07/19 06:05:00 PM,26.402,100.000,,,,,
8739,07/07/19 06:10:00 PM,26.426,100.000,,,,,
8740,07/07/19 06:15:00 PM,26.500,100.000,,,,,
8741,07/07/19 06:20:00 PM,26.524,100.000,,,,,
8742,07/07/19 06:25:00 PM,26.500,100.000,,,,,
8743,07/07/19 06:30:00 PM,26.475,100.000,,,,,
8744,07/07/19 06:35:00 PM,26.500,100.000,,,,,
8745,07/07/19 06:40:00 PM,26.451,100.000,,,,,
8746,07/07/19 06:45:00 PM,26.451,100.000,,,,,
8747,07/07/19 06:50:00 PM,26.378,100.000,,,,,
8748,07/07/19 06:55:00 PM,26.353,100.000,,,,,
8749,07/07/19 07:00:00 PM,26.329,100.000,,,,,
8750,07/07/19 07:05:00 PM,26.378,100.000,,,,,
8751,07/07/19 07:10:00 PM,26.378,100.000,,,,,
8752,07/07/19 07:15:00 PM,26.378,100.000,,,,,
8753,07/07/19 07:20:00 PM,26.378,100.000,,,,,
8754,07/07/19 07:25:00 PM,26.353,100.000,,,,,
8755,07/07/19 07:30:00 PM,26.329,100.000,,,,,
8756,07/07/19 07:35:00 PM,26.280,100.000,,,,,
8757,07/07/19 07:40:00 PM,26.280,100.000,,,,,
8758,07/07/19 07:45:00 PM,26.280,100.000,,,,,
8759,07/07/19 07:50:00 PM,26.304,100.000,,,,,
8760,07/07/19 07:55:00 PM,26.256,100.000,,,,,
8761,07/07/19 08:00:00 PM,26.207,100.000,,,,,
8762,07/07/19 08:05:00 PM,26.158,100.000,,,,,
8763,07/07/19 08:10:00 PM,26.134,100.000,,,,,
8764,07/07/19 08:15:00 PM,26.134,100.000,,,,,
8765,07/07/19 08:20:00 PM,26.109,100.000,,,,,
8766,07/07/19 08:25:00 PM,26.085,100.000,,,,,
8767,07/07/19 08:30:00 PM,26.036,100.000,,,,,
8768,07/07/19 08:35:00 PM,25.987,100.000,,,,,
8769,07/07/19 08:40:00 PM,25.939,100.000,,,,,
8770,07/07/19 08:45:00 PM,25.914,100.000,,,,,
8771,07/07/19 08:50:00 PM,25.866,100.000,,,,,
8772,07/07/19 08:55:00 PM,25.768,100.000,,,,,
8773,07/07/19 09:00:00 PM,25.744,100.000,,,,,
8774,07/07/19 09:05:00 PM,25.720,100.000,,,,,
8775,07/07/19 09:10:00 PM,25.695,100.000,,,,,
8776,07/07/19 09:15:00 PM,25.671,100.000,,,,,
8777,07/07/19 09:20:00 PM,25.647,100.000,,,,,
8778,07/07/19 09:25:00 PM,25.598,100.000,,,,,
8779,07/07/19 09:30:00 PM,25.623,100.000,,,,,
8780,07/07/19 09:35:00 PM,25.623,100.000,,,,,
8781,07/07/19 09:40:00 PM,25.598,100.000,,,,,
8782,07/07/19 09:45:00 PM,25.623,100.000,,,,,
8783,07/07/19 09:50:00 PM,25.623,100.000,,,,,
8784,07/07/19 09:55:00 PM,25.623,100.000,,,,,
8785,07/07/19 10:00:00 PM,25.574,100.000,,,,,
8786,07/07/19 10:05:00 PM,25.331,100.000,,,,,
8787,07/07/19 10:10:00 PM,25.065,100.000,,,,,
8788,07/07/19 10:15:00 PM,24.702,100.000,,,,,
8789,07/07/19 10:20:00 PM,24.315,100.000,,,,,
8790,07/07/19 10:25:00 PM,24.026,100.000,,,,,
8791,07/07/19 10:30:00 PM,23.761,100.000,,,,,
8792,07/07/19 10:35:00 PM,23.593,100.000,,,,,
8793,07/07/19 10:40:00 PM,23.472,100.000,,,,,
8794,07/07/19 10:45:00 PM,23.376,100.000,,,,,
8795,07/07/19 10:50:00 PM,23.208,100.000,,,,,
8796,07/07/19 10:55:00 PM,23.136,100.000,,,,,
8797,07/07/19 11:00:00 PM,23.088,100.000,,,,,
8798,07/07/19 11:05:00 PM,23.136,100.000,,,,,
8799,07/07/19 11:10:00 PM,23.184,100.000,,,,,
8800,07/07/19 11:15:00 PM,23.256,100.000,,,,,
8801,07/07/19 11:20:00 PM,23.304,100.000,,,,,
8802,07/07/19 11:25:00 PM,23.400,100.000,,,,,
8803,07/07/19 11:30:00 PM,23.521,100.000,,,,,
8804,07/07/19 11:35:00 PM,23.593,100.000,,,,,
8805,07/07/19 11:40:00 PM,23.641,100.000,,,,,
8806,07/07/19 11:45:00 PM,23.689,100.000,,,,,
8807,07/07/19 11:50:00 PM,23.665,100.000,,,,,
8808,07/07/19 11:55:00 PM,23.665,100.000,,,,,
8809,07/08/19 12:00:00 AM,23.617,100.000,,,,,
8810,07/08/19 12:05:00 AM,23.569,100.000,,,,,
8811,07/08/19 12:10:00 AM,23.521,100.000,,,,,
8812,07/08/19 12:15:00 AM,23.497,100.000,,,,,
8813,07/08/19 12:20:00 AM,23.472,100.000,,,,,
8814,07/08/19 12:25:00 AM,23.400,100.000,,,,,
8815,07/08/19 12:30:00 AM,23.400,100.000,,,,,
8816,07/08/19 12:35:00 AM,23.376,100.000,,,,,
8817,07/08/19 12:40:00 AM,23.352,100.000,,,,,
8818,07/08/19 12:45:00 AM,23.328,100.000,,,,,
8819,07/08/19 12:50:00 AM,23.328,100.000,,,,,
8820,07/08/19 12:55:00 AM,23.304,100.000,,,,,
8821,07/08/19 01:00:00 AM,23.328,100.000,,,,,
8822,07/08/19 01:05:00 AM,23.352,100.000,,,,,
8823,07/08/19 01:10:00 AM,23.376,100.000,,,,,
8824,07/08/19 01:15:00 AM,23.424,100.000,,,,,
8825,07/08/19 01:20:00 AM,23.497,100.000,,,,,
8826,07/08/19 01:25:00 AM,23.448,100.000,,,,,
8827,07/08/19 01:30:00 AM,23.400,100.000,,,,,
8828,07/08/19 01:35:00 AM,23.352,100.000,,,,,
8829,07/08/19 01:40:00 AM,23.304,100.000,,,,,
8830,07/08/19 01:45:00 AM,23.256,100.000,,,,,
8831,07/08/19 01:50:00 AM,23.232,100.000,,,,,
8832,07/08/19 01:55:00 AM,23.232,100.000,,,,,
8833,07/08/19 02:00:00 AM,23.280,100.000,,,,,
8834,07/08/19 02:05:00 AM,23.376,100.000,,,,,
8835,07/08/19 02:10:00 AM,23.448,100.000,,,,,
8836,07/08/19 02:15:00 AM,23.497,100.000,,,,,
8837,07/08/19 02:20:00 AM,23.521,100.000,,,,,
8838,07/08/19 02:25:00 AM,23.472,100.000,,,,,
8839,07/08/19 02:30:00 AM,23.376,100.000,,,,,
8840,07/08/19 02:35:00 AM,23.376,100.000,,,,,
8841,07/08/19 02:40:00 AM,23.352,100.000,,,,,
8842,07/08/19 02:45:00 AM,23.424,100.000,,,,,
8843,07/08/19 02:50:00 AM,23.424,100.000,,,,,
8844,07/08/19 02:55:00 AM,23.448,100.000,,,,,
8845,07/08/19 03:00:00 AM,23.400,100.000,,,,,
8846,07/08/19 03:05:00 AM,23.400,100.000,,,,,
8847,07/08/19 03:10:00 AM,23.424,100.000,,,,,
8848,07/08/19 03:15:00 AM,23.448,100.000,,,,,
8849,07/08/19 03:20:00 AM,23.376,100.000,,,,,
8850,07/08/19 03:25:00 AM,23.376,100.000,,,,,
8851,07/08/19 03:30:00 AM,23.376,100.000,,,,,
8852,07/08/19 03:35:00 AM,23.328,100.000,,,,,
8853,07/08/19 03:40:00 AM,23.352,100.000,,,,,
8854,07/08/19 03:45:00 AM,23.424,100.000,,,,,
8855,07/08/19 03:50:00 AM,23.424,100.000,,,,,
8856,07/08/19 03:55:00 AM,23.448,100.000,,,,,
8857,07/08/19 04:00:00 AM,23.400,100.000,,,,,
8858,07/08/19 04:05:00 AM,23.352,100.000,,,,,
8859,07/08/19 04:10:00 AM,23.376,100.000,,,,,
8860,07/08/19 04:15:00 AM,23.352,100.000,,,,,
8861,07/08/19 04:20:00 AM,23.352,100.000,,,,,
8862,07/08/19 04:25:00 AM,23.376,100.000,,,,,
8863,07/08/19 04:30:00 AM,23.352,100.000,,,,,
8864,07/08/19 04:35:00 AM,23.328,100.000,,,,,
8865,07/08/19 04:40:00 AM,23.352,100.000,,,,,
8866,07/08/19 04:45:00 AM,23.328,100.000,,,,,
8867,07/08/19 04:50:00 AM,23.376,100.000,,,,,
8868,07/08/19 04:55:00 AM,23.328,100.000,,,,,
8869,07/08/19 05:00:00 AM,23.256,100.000,,,,,
8870,07/08/19 05:05:00 AM,23.184,100.000,,,,,
8871,07/08/19 05:10:00 AM,23.136,100.000,,,,,
8872,07/08/19 05:15:00 AM,23.136,100.000,,,,,
8873,07/08/19 05:20:00 AM,23.136,100.000,,,,,
8874,07/08/19 05:25:00 AM,23.136,100.000,,,,,
8875,07/08/19 05:30:00 AM,23.112,100.000,,,,,
8876,07/08/19 05:35:00 AM,23.112,100.000,,,,,
8877,07/08/19 05:40:00 AM,23.136,100.000,,,,,
8878,07/08/19 05:45:00 AM,23.184,100.000,,,,,
8879,07/08/19 05:50:00 AM,23.184,100.000,,,,,
8880,07/08/19 05:55:00 AM,23.184,100.000,,,,,
8881,07/08/19 06:00:00 AM,23.136,100.000,,,,,
8882,07/08/19 06:05:00 AM,23.136,100.000,,,,,
8883,07/08/19 06:10:00 AM,23.136,100.000,,,,,
8884,07/08/19 06:15:00 AM,23.112,100.000,,,,,
8885,07/08/19 06:20:00 AM,23.112,100.000,,,,,
8886,07/08/19 06:25:00 AM,23.064,100.000,,,,,
8887,07/08/19 06:30:00 AM,23.040,100.000,,,,,
8888,07/08/19 06:35:00 AM,23.064,100.000,,,,,
8889,07/08/19 06:40:00 AM,23.064,100.000,,,,,
8890,07/08/19 06:45:00 AM,23.064,100.000,,,,,
8891,07/08/19 06:50:00 AM,22.992,100.000,,,,,
8892,07/08/19 06:55:00 AM,22.944,100.000,,,,,
8893,07/08/19 07:00:00 AM,22.920,100.000,,,,,
8894,07/08/19 07:05:00 AM,22.920,100.000,,,,,
8895,07/08/19 07:10:00 AM,22.896,100.000,,,,,
8896,07/08/19 07:15:00 AM,22.920,100.000,,,,,
8897,07/08/19 07:20:00 AM,22.968,100.000,,,,,
8898,07/08/19 07:25:00 AM,23.016,100.000,,,,,
8899,07/08/19 07:30:00 AM,23.064,100.000,,,,,
8900,07/08/19 07:35:00 AM,23.112,100.000,,,,,
8901,07/08/19 07:40:00 AM,23.160,100.000,,,,,
8902,07/08/19 07:45:00 AM,23.256,100.000,,,,,
8903,07/08/19 07:50:00 AM,23.328,100.000,,,,,
8904,07/08/19 07:55:00 AM,23.424,100.000,,,,,
8905,07/08/19 08:00:00 AM,23.521,100.000,,,,,
8906,07/08/19 08:05:00 AM,23.593,100.000,,,,,
8907,07/08/19 08:10:00 AM,23.665,100.000,,,,,
8908,07/08/19 08:15:00 AM,23.737,100.000,,,,,
8909,07/08/19 08:20:00 AM,23.809,100.000,,,,,
8910,07/08/19 08:25:00 AM,23.833,100.000,,,,,
8911,07/08/19 08:30:00 AM,23.857,100.000,,,,,
8912,07/08/19 08:35:00 AM,23.905,100.000,,,,,
8913,07/08/19 08:40:00 AM,23.954,100.000,,,,,
8914,07/08/19 08:45:00 AM,24.026,100.000,,,,,
8915,07/08/19 08:50:00 AM,24.074,100.000,,,,,
8916,07/08/19 08:55:00 AM,24.171,100.000,,,,,
8917,07/08/19 09:00:00 AM,24.291,100.000,,,,,
8918,07/08/19 09:05:00 AM,24.363,100.000,,,,,
8919,07/08/19 09:10:00 AM,24.412,100.000,,,,,
8920,07/08/19 09:15:00 AM,24.484,100.000,,,,,
8921,07/08/19 09:20:00 AM,24.557,100.000,,,,,
8922,07/08/19 09:25:00 AM,24.653,100.000,,,,,
8923,07/08/19 09:30:00 AM,24.726,100.000,,,,,
8924,07/08/19 09:35:00 AM,24.823,100.000,,,,,
8925,07/08/19 09:40:00 AM,24.992,100.000,,,,,
8926,07/08/19 09:45:00 AM,25.210,100.000,,,,,
8927,07/08/19 09:50:00 AM,25.234,100.000,,,,,
8928,07/08/19 09:55:00 AM,25.210,100.000,,,,,
8929,07/08/19 10:00:00 AM,25.162,100.000,,,,,
8930,07/08/19 10:05:00 AM,25.137,100.000,,,,,
8931,07/08/19 10:10:00 AM,25.186,100.000,,,,,
8932,07/08/19 10:15:00 AM,25.307,100.000,,,,,
8933,07/08/19 10:20:00 AM,25.380,100.000,,,,,
8934,07/08/19 10:25:00 AM,25.477,100.000,,,,,
8935,07/08/19 10:30:00 AM,25.525,100.000,,,,,
8936,07/08/19 10:35:00 AM,25.598,100.000,,,,,
8937,07/08/19 10:40:00 AM,25.744,100.000,,,,,
8938,07/08/19 10:45:00 AM,25.866,100.000,,,,,
8939,07/08/19 10:50:00 AM,25.890,100.000,,,,,
8940,07/08/19 10:55:00 AM,25.866,100.000,,,,,
8941,07/08/19 11:00:00 AM,25.939,100.000,,,,,
8942,07/08/19 11:05:00 AM,25.914,100.000,,,,,
8943,07/08/19 11:10:00 AM,25.939,100.000,,,,,
8944,07/08/19 11:15:00 AM,26.061,100.000,,,,,
8945,07/08/19 11:20:00 AM,26.256,100.000,,,,,
8946,07/08/19 11:25:00 AM,26.353,100.000,,,,,
8947,07/08/19 11:30:00 AM,26.451,100.000,,,,,
8948,07/08/19 11:35:00 AM,26.524,100.000,,,,,
8949,07/08/19 11:40:00 AM,26.793,100.000,,,,,
8950,07/08/19 11:45:00 AM,26.744,100.000,,,,,
8951,07/08/19 11:50:00 AM,26.793,100.000,,,,,
8952,07/08/19 11:55:00 AM,27.014,100.000,,,,,
8953,07/08/19 12:00:00 PM,26.867,100.000,,,,,
8954,07/08/19 12:05:00 PM,26.793,100.000,,,,,
8955,07/08/19 12:10:00 PM,26.965,100.000,,,,,
8956,07/08/19 12:15:00 PM,27.014,100.000,,,,,
8957,07/08/19 12:20:00 PM,26.965,100.000,,,,,
8958,07/08/19 12:25:00 PM,26.965,100.000,,,,,
8959,07/08/19 12:30:00 PM,27.186,100.000,,,,,
8960,07/08/19 12:35:00 PM,27.235,100.000,,,,,
8961,07/08/19 12:40:00 PM,27.481,100.000,,,,,
8962,07/08/19 12:45:00 PM,27.505,100.000,,,,,
8963,07/08/19 12:50:00 PM,27.530,100.000,,,,,
8964,07/08/19 12:55:00 PM,27.358,100.000,,,,,
8965,07/08/19 01:00:00 PM,27.505,100.000,,,,,
8966,07/08/19 01:05:00 PM,27.776,100.000,,,,,
8967,07/08/19 01:10:00 PM,27.924,100.000,,,,,
8968,07/08/19 01:15:00 PM,27.899,100.000,,,,,
8969,07/08/19 01:20:00 PM,27.974,100.000,,,,,
8970,07/08/19 01:25:00 PM,27.875,100.000,,,,,
8971,07/08/19 01:30:00 PM,27.924,100.000,,,,,
8972,07/08/19 01:35:00 PM,27.875,100.000,,,,,
8973,07/08/19 01:40:00 PM,28.048,100.000,,,,,
8974,07/08/19 01:45:00 PM,28.097,100.000,,,,,
8975,07/08/19 01:50:00 PM,28.245,100.000,,,,,
8976,07/08/19 01:55:00 PM,28.196,100.000,,,,,
8977,07/08/19 02:00:00 PM,27.949,100.000,,,,,
8978,07/08/19 02:05:00 PM,27.998,100.000,,,,,
8979,07/08/19 02:10:00 PM,28.345,100.000,,,,,
8980,07/08/19 02:15:00 PM,28.419,100.000,,,,,
8981,07/08/19 02:20:00 PM,28.642,100.000,,,,,
8982,07/08/19 02:25:00 PM,28.816,100.000,,,,,
8983,07/08/19 02:30:00 PM,28.791,100.000,,,,,
8984,07/08/19 02:35:00 PM,29.040,100.000,,,,,
8985,07/08/19 02:40:00 PM,28.891,100.000,,,,,
8986,07/08/19 02:45:00 PM,28.742,100.000,,,,,
8987,07/08/19 02:50:00 PM,28.692,100.000,,,,,
8988,07/08/19 02:55:00 PM,28.766,100.000,,,,,
8989,07/08/19 03:00:00 PM,29.015,100.000,,,,,
8990,07/08/19 03:05:00 PM,29.190,100.000,,,,,
8991,07/08/19 03:10:00 PM,29.090,100.000,,,,,
8992,07/08/19 03:15:00 PM,28.990,100.000,,,,,
8993,07/08/19 03:20:00 PM,28.891,100.000,,,,,
8994,07/08/19 03:25:00 PM,28.941,100.000,,,,,
8995,07/08/19 03:30:00 PM,29.240,100.000,,,,,
8996,07/08/19 03:35:00 PM,29.565,100.000,,,,,
8997,07/08/19 03:40:00 PM,29.690,100.000,,,,,
8998,07/08/19 03:45:00 PM,29.665,100.000,,,,,
8999,07/08/19 03:50:00 PM,29.439,100.000,,,,,
9000,07/08/19 03:55:00 PM,29.265,100.000,,,,,
9001,07/08/19 04:00:00 PM,29.040,100.000,,,,,
9002,07/08/19 04:05:00 PM,28.816,100.000,,,,,
9003,07/08/19 04:10:00 PM,28.667,100.000,,,,,
9004,07/08/19 04:15:00 PM,28.742,100.000,,,,,
9005,07/08/19 04:20:00 PM,29.040,100.000,,,,,
9006,07/08/19 04:25:00 PM,29.389,100.000,,,,,
9007,07/08/19 04:30:00 PM,29.590,100.000,,,,,
9008,07/08/19 04:35:00 PM,29.740,100.000,,,,,
9009,07/08/19 04:40:00 PM,29.515,100.000,,,,,
9010,07/08/19 04:45:00 PM,29.140,100.000,,,,,
9011,07/08/19 04:50:00 PM,28.791,100.000,,,,,
9012,07/08/19 04:55:00 PM,28.394,100.000,,,,,
9013,07/08/19 05:00:00 PM,27.751,100.000,,,,,
9014,07/08/19 05:05:00 PM,27.284,100.000,,,,,
9015,07/08/19 05:10:00 PM,27.014,100.000,,,,,
9016,07/08/19 05:15:00 PM,26.793,100.000,,,,,
9017,07/08/19 05:20:00 PM,26.671,100.000,,,,,
9018,07/08/19 05:25:00 PM,26.622,100.000,,,,,
9019,07/08/19 05:30:00 PM,26.646,100.000,,,,,
9020,07/08/19 05:35:00 PM,26.744,100.000,,,,,
9021,07/08/19 05:40:00 PM,26.769,100.000,,,,,
9022,07/08/19 05:45:00 PM,26.695,100.000,,,,,
9023,07/08/19 05:50:00 PM,26.573,100.000,,,,,
9024,07/08/19 05:55:00 PM,26.475,100.000,,,,,
9025,07/08/19 06:00:00 PM,26.353,100.000,,,,,
9026,07/08/19 06:05:00 PM,26.231,100.000,,,,,
9027,07/08/19 06:10:00 PM,26.134,100.000,,,,,
9028,07/08/19 06:15:00 PM,26.036,100.000,,,,,
9029,07/08/19 06:20:00 PM,25.963,100.000,,,,,
9030,07/08/19 06:25:00 PM,25.914,100.000,,,,,
9031,07/08/19 06:30:00 PM,25.793,100.000,,,,,
9032,07/08/19 06:35:00 PM,25.695,100.000,,,,,
9033,07/08/19 06:40:00 PM,25.647,100.000,,,,,
9034,07/08/19 06:45:00 PM,25.623,100.000,,,,,
9035,07/08/19 06:50:00 PM,25.671,100.000,,,,,
9036,07/08/19 06:55:00 PM,25.671,100.000,,,,,
9037,07/08/19 07:00:00 PM,25.695,100.000,,,,,
9038,07/08/19 07:05:00 PM,25.695,100.000,,,,,
9039,07/08/19 07:10:00 PM,25.647,100.000,,,,,
9040,07/08/19 07:15:00 PM,25.574,100.000,,,,,
9041,07/08/19 07:20:00 PM,25.574,100.000,,,,,
9042,07/08/19 07:25:00 PM,25.525,100.000,,,,,
9043,07/08/19 07:30:00 PM,25.501,100.000,,,,,
9044,07/08/19 07:35:00 PM,25.501,100.000,,,,,
9045,07/08/19 07:40:00 PM,25.453,100.000,,,,,
9046,07/08/19 07:45:00 PM,25.404,100.000,,,,,
9047,07/08/19 07:50:00 PM,25.380,100.000,,,,,
9048,07/08/19 07:55:00 PM,25.355,100.000,,,,,
9049,07/08/19 08:00:00 PM,25.331,100.000,,,,,
9050,07/08/19 08:05:00 PM,25.331,100.000,,,,,
9051,07/08/19 08:10:00 PM,25.307,100.000,,,,,
9052,07/08/19 08:15:00 PM,25.283,100.000,,,,,
9053,07/08/19 08:20:00 PM,25.258,100.000,,,,,
9054,07/08/19 08:25:00 PM,25.234,100.000,,,,,
9055,07/08/19 08:30:00 PM,25.283,100.000,,,,,
9056,07/08/19 08:35:00 PM,25.258,100.000,,,,,
9057,07/08/19 08:40:00 PM,25.234,100.000,,,,,
9058,07/08/19 08:45:00 PM,25.210,100.000,,,,,
9059,07/08/19 08:50:00 PM,25.186,100.000,,,,,
9060,07/08/19 08:55:00 PM,25.186,100.000,,,,,
9061,07/08/19 09:00:00 PM,25.186,100.000,,,,,
9062,07/08/19 09:05:00 PM,25.137,100.000,,,,,
9063,07/08/19 09:10:00 PM,25.137,100.000,,,,,
9064,07/08/19 09:15:00 PM,25.113,100.000,,,,,
9065,07/08/19 09:20:00 PM,25.113,100.000,,,,,
9066,07/08/19 09:25:00 PM,25.113,100.000,,,,,
9067,07/08/19 09:30:00 PM,25.113,100.000,,,,,
9068,07/08/19 09:35:00 PM,25.113,100.000,,,,,
9069,07/08/19 09:40:00 PM,25.089,100.000,,,,,
9070,07/08/19 09:45:00 PM,25.089,100.000,,,,,
9071,07/08/19 09:50:00 PM,25.113,100.000,,,,,
9072,07/08/19 09:55:00 PM,25.113,100.000,,,,,
9073,07/08/19 10:00:00 PM,25.137,100.000,,,,,
9074,07/08/19 10:05:00 PM,25.113,100.000,,,,,
9075,07/08/19 10:10:00 PM,25.113,100.000,,,,,
9076,07/08/19 10:15:00 PM,25.089,100.000,,,,,
9077,07/08/19 10:20:00 PM,25.065,100.000,,,,,
9078,07/08/19 10:25:00 PM,25.040,100.000,,,,,
9079,07/08/19 10:30:00 PM,25.016,100.000,,,,,
9080,07/08/19 10:35:00 PM,25.040,100.000,,,,,
9081,07/08/19 10:40:00 PM,25.016,100.000,,,,,
9082,07/08/19 10:45:00 PM,25.016,100.000,,,,,
9083,07/08/19 10:50:00 PM,24.968,100.000,,,,,
9084,07/08/19 10:55:00 PM,24.968,100.000,,,,,
9085,07/08/19 11:00:00 PM,24.944,100.000,,,,,
9086,07/08/19 11:05:00 PM,24.895,100.000,,,,,
9087,07/08/19 11:10:00 PM,24.823,100.000,,,,,
9088,07/08/19 11:15:00 PM,24.798,100.000,,,,,
9089,07/08/19 11:20:00 PM,24.823,100.000,,,,,
9090,07/08/19 11:25:00 PM,24.823,100.000,,,,,
9091,07/08/19 11:30:00 PM,24.774,100.000,,,,,
9092,07/08/19 11:35:00 PM,24.774,100.000,,,,,
9093,07/08/19 11:40:00 PM,24.750,100.000,,,,,
9094,07/08/19 11:45:00 PM,24.774,100.000,,,,,
9095,07/08/19 11:50:00 PM,24.750,100.000,,,,,
9096,07/08/19 11:55:00 PM,24.774,100.000,,,,,
9097,07/09/19 12:00:00 AM,24.774,100.000,,,,,
9098,07/09/19 12:05:00 AM,24.750,100.000,,,,,
9099,07/09/19 12:10:00 AM,24.726,100.000,,,,,
9100,07/09/19 12:15:00 AM,24.726,100.000,,,,,
9101,07/09/19 12:20:00 AM,24.702,100.000,,,,,
9102,07/09/19 12:25:00 AM,24.677,100.000,,,,,
9103,07/09/19 12:30:00 AM,24.677,100.000,,,,,
9104,07/09/19 12:35:00 AM,24.653,100.000,,,,,
9105,07/09/19 12:40:00 AM,24.605,100.000,,,,,
9106,07/09/19 12:45:00 AM,24.653,100.000,,,,,
9107,07/09/19 12:50:00 AM,24.629,100.000,,,,,
9108,07/09/19 12:55:00 AM,24.629,100.000,,,,,
9109,07/09/19 01:00:00 AM,24.557,100.000,,,,,
9110,07/09/19 01:05:00 AM,24.532,100.000,,,,,
9111,07/09/19 01:10:00 AM,24.508,100.000,,,,,
9112,07/09/19 01:15:00 AM,24.508,100.000,,,,,
9113,07/09/19 01:20:00 AM,24.484,100.000,,,,,
9114,07/09/19 01:25:00 AM,24.484,100.000,,,,,
9115,07/09/19 01:30:00 AM,24.484,100.000,,,,,
9116,07/09/19 01:35:00 AM,24.460,100.000,,,,,
9117,07/09/19 01:40:00 AM,24.436,100.000,,,,,
9118,07/09/19 01:45:00 AM,24.436,100.000,,,,,
9119,07/09/19 01:50:00 AM,24.436,100.000,,,,,
9120,07/09/19 01:55:00 AM,24.436,100.000,,,,,
9121,07/09/19 02:00:00 AM,24.436,100.000,,,,,
9122,07/09/19 02:05:00 AM,24.412,100.000,,,,,
9123,07/09/19 02:10:00 AM,24.412,100.000,,,,,
9124,07/09/19 02:15:00 AM,24.412,100.000,,,,,
9125,07/09/19 02:20:00 AM,24.388,100.000,,,,,
9126,07/09/19 02:25:00 AM,24.388,100.000,,,,,
9127,07/09/19 02:30:00 AM,24.388,100.000,,,,,
9128,07/09/19 02:35:00 AM,24.388,100.000,,,,,
9129,07/09/19 02:40:00 AM,24.388,100.000,,,,,
9130,07/09/19 02:45:00 AM,24.363,100.000,,,,,
9131,07/09/19 02:50:00 AM,24.388,100.000,,,,,
9132,07/09/19 02:55:00 AM,24.388,100.000,,,,,
9133,07/09/19 03:00:00 AM,24.339,100.000,,,,,
9134,07/09/19 03:05:00 AM,24.315,100.000,,,,,
9135,07/09/19 03:10:00 AM,24.291,100.000,,,,,
9136,07/09/19 03:15:00 AM,24.267,100.000,,,,,
9137,07/09/19 03:20:00 AM,24.243,100.000,,,,,
9138,07/09/19 03:25:00 AM,24.243,100.000,,,,,
9139,07/09/19 03:30:00 AM,24.195,100.000,,,,,
9140,07/09/19 03:35:00 AM,24.195,100.000,,,,,
9141,07/09/19 03:40:00 AM,24.219,100.000,,,,,
9142,07/09/19 03:45:00 AM,24.171,100.000,,,,,
9143,07/09/19 03:50:00 AM,24.171,100.000,,,,,
9144,07/09/19 03:55:00 AM,24.171,100.000,,,,,
9145,07/09/19 04:00:00 AM,24.171,100.000,,,,,
9146,07/09/19 04:05:00 AM,24.146,100.000,,,,,
9147,07/09/19 04:10:00 AM,24.098,100.000,,,,,
9148,07/09/19 04:15:00 AM,24.098,100.000,,,,,
9149,07/09/19 04:20:00 AM,24.074,100.000,,,,,
9150,07/09/19 04:25:00 AM,24.074,100.000,,,,,
9151,07/09/19 04:30:00 AM,24.050,100.000,,,,,
9152,07/09/19 04:35:00 AM,24.026,100.000,,,,,
9153,07/09/19 04:40:00 AM,24.050,100.000,,,,,
9154,07/09/19 04:45:00 AM,24.074,100.000,,,,,
9155,07/09/19 04:50:00 AM,24.050,100.000,,,,,
9156,07/09/19 04:55:00 AM,24.002,100.000,,,,,
9157,07/09/19 05:00:00 AM,24.002,100.000,,,,,
9158,07/09/19 05:05:00 AM,23.978,100.000,,,,,
9159,07/09/19 05:10:00 AM,23.954,100.000,,,,,
9160,07/09/19 05:15:00 AM,23.954,100.000,,,,,
9161,07/09/19 05:20:00 AM,23.954,100.000,,,,,
9162,07/09/19 05:25:00 AM,23.954,100.000,,,,,
9163,07/09/19 05:30:00 AM,23.954,100.000,,,,,
9164,07/09/19 05:35:00 AM,23.954,100.000,,,,,
9165,07/09/19 05:40:00 AM,24.002,100.000,,,,,
9166,07/09/19 05:45:00 AM,24.050,100.000,,,,,
9167,07/09/19 05:50:00 AM,24.050,100.000,,,,,
9168,07/09/19 05:55:00 AM,24.002,100.000,,,,,
9169,07/09/19 06:00:00 AM,24.002,100.000,,,,,
9170,07/09/19 06:05:00 AM,23.954,100.000,,,,,
9171,07/09/19 06:10:00 AM,23.930,100.000,,,,,
9172,07/09/19 06:15:00 AM,23.905,100.000,,,,,
9173,07/09/19 06:20:00 AM,23.905,100.000,,,,,
9174,07/09/19 06:25:00 AM,23.954,100.000,,,,,
9175,07/09/19 06:30:00 AM,23.978,100.000,,,,,
9176,07/09/19 06:35:00 AM,23.954,100.000,,,,,
9177,07/09/19 06:40:00 AM,23.930,100.000,,,,,
9178,07/09/19 06:45:00 AM,23.905,100.000,,,,,
9179,07/09/19 06:50:00 AM,23.905,100.000,,,,,
9180,07/09/19 06:55:00 AM,23.857,100.000,,,,,
9181,07/09/19 07:00:00 AM,23.833,100.000,,,,,
9182,07/09/19 07:05:00 AM,23.857,100.000,,,,,
9183,07/09/19 07:10:00 AM,23.857,100.000,,,,,
9184,07/09/19 07:15:00 AM,23.833,100.000,,,,,
9185,07/09/19 07:20:00 AM,23.905,100.000,,,,,
9186,07/09/19 07:25:00 AM,23.930,100.000,,,,,
9187,07/09/19 07:30:00 AM,23.954,100.000,,,,,
9188,07/09/19 07:35:00 AM,23.978,100.000,,,,,
9189,07/09/19 07:40:00 AM,24.074,100.000,,,,,
9190,07/09/19 07:45:00 AM,24.122,100.000,,,,,
9191,07/09/19 07:50:00 AM,24.146,100.000,,,,,
9192,07/09/19 07:55:00 AM,24.219,100.000,,,,,
9193,07/09/19 08:00:00 AM,24.219,100.000,,,,,
9194,07/09/19 08:05:00 AM,24.267,100.000,,,,,
9195,07/09/19 08:10:00 AM,24.363,100.000,,,,,
9196,07/09/19 08:15:00 AM,24.436,100.000,,,,,
9197,07/09/19 08:20:00 AM,24.508,100.000,,,,,
9198,07/09/19 08:25:00 AM,24.581,100.000,,,,,
9199,07/09/19 08:30:00 AM,24.677,100.000,,,,,
9200,07/09/19 08:35:00 AM,24.774,100.000,,,,,
9201,07/09/19 08:40:00 AM,24.847,100.000,,,,,
9202,07/09/19 08:45:00 AM,24.944,100.000,,,,,
9203,07/09/19 08:50:00 AM,25.016,100.000,,,,,
9204,07/09/19 08:55:00 AM,25.089,100.000,,,,,
9205,07/09/19 09:00:00 AM,25.137,100.000,,,,,
9206,07/09/19 09:05:00 AM,25.210,100.000,,,,,
9207,07/09/19 09:10:00 AM,25.283,100.000,,,,,
9208,07/09/19 09:15:00 AM,25.380,100.000,,,,,
9209,07/09/19 09:20:00 AM,25.428,100.000,,,,,
9210,07/09/19 09:25:00 AM,25.501,100.000,,,,,
9211,07/09/19 09:30:00 AM,25.598,100.000,,,,,
9212,07/09/19 09:35:00 AM,25.671,100.000,,,,,
9213,07/09/19 09:40:00 AM,25.817,100.000,,,,,
9214,07/09/19 09:45:00 AM,25.963,100.000,,,,,
9215,07/09/19 09:50:00 AM,25.987,100.000,,,,,
9216,07/09/19 09:55:00 AM,26.036,100.000,,,,,
9217,07/09/19 10:00:00 AM,26.085,100.000,,,,,
9218,07/09/19 10:05:00 AM,26.109,100.000,,,,,
9219,07/09/19 10:10:00 AM,26.158,100.000,,,,,
9220,07/09/19 10:15:00 AM,26.256,100.000,,,,,
9221,07/09/19 10:20:00 AM,26.402,100.000,,,,,
9222,07/09/19 10:25:00 AM,26.549,100.000,,,,,
9223,07/09/19 10:30:00 AM,26.598,100.000,,,,,
9224,07/09/19 10:35:00 AM,26.622,100.000,,,,,
9225,07/09/19 10:40:00 AM,26.744,100.000,,,,,
9226,07/09/19 10:45:00 AM,26.744,100.000,,,,,
9227,07/09/19 10:50:00 AM,26.769,100.000,,,,,
9228,07/09/19 10:55:00 AM,26.916,100.000,,,,,
9229,07/09/19 11:00:00 AM,27.063,100.000,,,,,
9230,07/09/19 11:05:00 AM,27.210,100.000,,,,,
9231,07/09/19 11:10:00 AM,27.259,100.000,,,,,
9232,07/09/19 11:15:00 AM,27.308,100.000,,,,,
9233,07/09/19 11:20:00 AM,27.407,100.000,,,,,
9234,07/09/19 11:25:00 AM,27.431,100.000,,,,,
9235,07/09/19 11:30:00 AM,27.481,100.000,,,,,
9236,07/09/19 11:35:00 AM,27.554,100.000,,,,,
9237,07/09/19 11:40:00 AM,27.776,100.000,,,,,
9238,07/09/19 11:45:00 AM,27.899,100.000,,,,,
9239,07/09/19 11:50:00 AM,27.998,100.000,,,,,
9240,07/09/19 11:55:00 AM,28.122,100.000,,,,,
9241,07/09/19 12:00:00 PM,28.345,100.000,,,,,
9242,07/09/19 12:05:00 PM,28.518,100.000,,,,,
9243,07/09/19 12:10:00 PM,28.568,100.000,,,,,
9244,07/09/19 12:15:00 PM,28.593,100.000,,,,,
9245,07/09/19 12:20:00 PM,28.518,100.000,,,,,
9246,07/09/19 12:25:00 PM,28.444,100.000,,,,,
9247,07/09/19 12:30:00 PM,28.419,100.000,,,,,
9248,07/09/19 12:35:00 PM,28.543,100.000,,,,,
9249,07/09/19 12:40:00 PM,28.568,100.000,,,,,
9250,07/09/19 12:45:00 PM,28.617,100.000,,,,,
9251,07/09/19 12:50:00 PM,28.617,100.000,,,,,
9252,07/09/19 12:55:00 PM,28.642,100.000,,,,,
9253,07/09/19 01:00:00 PM,28.766,100.000,,,,,
9254,07/09/19 01:05:00 PM,28.941,100.000,,,,,
9255,07/09/19 01:10:00 PM,29.015,100.000,,,,,
9256,07/09/19 01:15:00 PM,29.140,100.000,,,,,
9257,07/09/19 01:20:00 PM,29.240,100.000,,,,,
9258,07/09/19 01:25:00 PM,29.365,100.000,,,,,
9259,07/09/19 01:30:00 PM,29.389,100.000,,,,,
9260,07/09/19 01:35:00 PM,29.389,100.000,,,,,
9261,07/09/19 01:40:00 PM,29.290,100.000,,,,,
9262,07/09/19 01:45:00 PM,29.190,100.000,,,,,
9263,07/09/19 01:50:00 PM,29.215,100.000,,,,,
9264,07/09/19 01:55:00 PM,29.290,100.000,,,,,
9265,07/09/19 02:00:00 PM,29.290,100.000,,,,,
9266,07/09/19 02:05:00 PM,29.414,100.000,,,,,
9267,07/09/19 02:10:00 PM,29.715,100.000,,,,,
9268,07/09/19 02:15:00 PM,30.091,100.000,,,,,
9269,07/09/19 02:20:00 PM,30.520,100.000,,,,,
9270,07/09/19 02:25:00 PM,30.722,100.000,,,,,
9271,07/09/19 02:30:00 PM,30.672,100.000,,,,,
9272,07/09/19 02:35:00 PM,30.419,100.000,,,,,
9273,07/09/19 02:40:00 PM,30.192,100.000,,,,,
9274,07/09/19 02:45:00 PM,30.167,100.000,,,,,
9275,07/09/19 02:50:00 PM,29.916,100.000,,,,,
9276,07/09/19 02:55:00 PM,29.515,100.000,,,,,
9277,07/09/19 03:00:00 PM,29.240,100.000,,,,,
9278,07/09/19 03:05:00 PM,29.240,100.000,,,,,
9279,07/09/19 03:10:00 PM,29.565,100.000,,,,,
9280,07/09/19 03:15:00 PM,29.890,100.000,,,,,
9281,07/09/19 03:20:00 PM,29.815,100.000,,,,,
9282,07/09/19 03:25:00 PM,29.540,100.000,,,,,
9283,07/09/19 03:30:00 PM,29.165,100.000,,,,,
9284,07/09/19 03:35:00 PM,28.891,100.000,,,,,
9285,07/09/19 03:40:00 PM,28.717,100.000,,,,,
9286,07/09/19 03:45:00 PM,28.493,100.000,,,,,
9287,07/09/19 03:50:00 PM,28.221,100.000,,,,,
9288,07/09/19 03:55:00 PM,27.924,100.000,,,,,
9289,07/09/19 04:00:00 PM,27.677,100.000,,,,,
9290,07/09/19 04:05:00 PM,27.481,100.000,,,,,
9291,07/09/19 04:10:00 PM,27.358,100.000,,,,,
9292,07/09/19 04:15:00 PM,27.284,100.000,,,,,
9293,07/09/19 04:20:00 PM,27.161,100.000,,,,,
9294,07/09/19 04:25:00 PM,26.965,100.000,,,,,
9295,07/09/19 04:30:00 PM,26.818,100.000,,,,,
9296,07/09/19 04:35:00 PM,26.744,100.000,,,,,
9297,07/09/19 04:40:00 PM,26.646,100.000,,,,,
9298,07/09/19 04:45:00 PM,26.524,100.000,,,,,
9299,07/09/19 04:50:00 PM,26.451,100.000,,,,,
9300,07/09/19 04:55:00 PM,26.426,100.000,,,,,
9301,07/09/19 05:00:00 PM,26.378,100.000,,,,,
9302,07/09/19 05:05:00 PM,26.353,100.000,,,,,
9303,07/09/19 05:10:00 PM,26.329,100.000,,,,,
9304,07/09/19 05:15:00 PM,26.256,100.000,,,,,
9305,07/09/19 05:20:00 PM,26.231,100.000,,,,,
9306,07/09/19 05:25:00 PM,26.182,100.000,,,,,
9307,07/09/19 05:30:00 PM,26.158,100.000,,,,,
9308,07/09/19 05:35:00 PM,26.134,100.000,,,,,
9309,07/09/19 05:40:00 PM,26.085,100.000,,,,,
9310,07/09/19 05:45:00 PM,26.061,100.000,,,,,
9311,07/09/19 05:50:00 PM,26.036,100.000,,,,,
9312,07/09/19 05:55:00 PM,25.987,100.000,,,,,
9313,07/09/19 06:00:00 PM,26.012,100.000,,,,,
9314,07/09/19 06:05:00 PM,25.987,100.000,,,,,
9315,07/09/19 06:10:00 PM,25.987,100.000,,,,,
9316,07/09/19 06:15:00 PM,25.987,100.000,,,,,
9317,07/09/19 06:20:00 PM,25.963,100.000,,,,,
9318,07/09/19 06:25:00 PM,25.939,100.000,,,,,
9319,07/09/19 06:30:00 PM,25.939,100.000,,,,,
9320,07/09/19 06:35:00 PM,25.939,100.000,,,,,
9321,07/09/19 06:40:00 PM,25.987,100.000,,,,,
9322,07/09/19 06:45:00 PM,26.012,100.000,,,,,
9323,07/09/19 06:50:00 PM,26.036,100.000,,,,,
9324,07/09/19 06:55:00 PM,26.036,100.000,,,,,
9325,07/09/19 07:00:00 PM,26.061,100.000,,,,,
9326,07/09/19 07:05:00 PM,26.085,100.000,,,,,
9327,07/09/19 07:10:00 PM,26.085,100.000,,,,,
9328,07/09/19 07:15:00 PM,26.085,100.000,,,,,
9329,07/09/19 07:20:00 PM,26.085,100.000,,,,,
9330,07/09/19 07:25:00 PM,26.085,100.000,,,,,
9331,07/09/19 07:30:00 PM,26.085,100.000,,,,,
9332,07/09/19 07:35:00 PM,26.036,100.000,,,,,
9333,07/09/19 07:40:00 PM,26.012,100.000,,,,,
9334,07/09/19 07:45:00 PM,26.012,100.000,,,,,
9335,07/09/19 07:50:00 PM,25.963,100.000,,,,,
9336,07/09/19 07:55:00 PM,25.890,100.000,,,,,
9337,07/09/19 08:00:00 PM,25.841,100.000,,,,,
9338,07/09/19 08:05:00 PM,25.744,100.000,,,,,
9339,07/09/19 08:10:00 PM,25.695,100.000,,,,,
9340,07/09/19 08:15:00 PM,25.695,100.000,,,,,
9341,07/09/19 08:20:00 PM,25.695,100.000,,,,,
9342,07/09/19 08:25:00 PM,25.647,100.000,,,,,
9343,07/09/19 08:30:00 PM,25.598,100.000,,,,,
9344,07/09/19 08:35:00 PM,25.550,100.000,,,,,
9345,07/09/19 08:40:00 PM,25.501,100.000,,,,,
9346,07/09/19 08:45:00 PM,25.428,100.000,,,,,
9347,07/09/19 08:50:00 PM,25.428,100.000,,,,,
9348,07/09/19 08:55:00 PM,25.428,100.000,,,,,
9349,07/09/19 09:00:00 PM,25.404,100.000,,,,,
9350,07/09/19 09:05:00 PM,25.331,100.000,,,,,
9351,07/09/19 09:10:00 PM,25.331,100.000,,,,,
9352,07/09/19 09:15:00 PM,25.258,100.000,,,,,
9353,07/09/19 09:20:00 PM,25.234,100.000,,,,,
9354,07/09/19 09:25:00 PM,25.210,100.000,,,,,
9355,07/09/19 09:30:00 PM,25.210,100.000,,,,,
9356,07/09/19 09:35:00 PM,25.186,100.000,,,,,
9357,07/09/19 09:40:00 PM,25.162,100.000,,,,,
9358,07/09/19 09:45:00 PM,25.162,100.000,,,,,
9359,07/09/19 09:50:00 PM,25.162,100.000,,,,,
9360,07/09/19 09:55:00 PM,25.186,100.000,,,,,
9361,07/09/19 10:00:00 PM,25.186,100.000,,,,,
9362,07/09/19 10:05:00 PM,25.137,100.000,,,,,
9363,07/09/19 10:10:00 PM,25.186,100.000,,,,,
9364,07/09/19 10:15:00 PM,25.162,100.000,,,,,
9365,07/09/19 10:20:00 PM,25.162,100.000,,,,,
9366,07/09/19 10:25:00 PM,25.137,100.000,,,,,
9367,07/09/19 10:30:00 PM,25.137,100.000,,,,,
9368,07/09/19 10:35:00 PM,25.113,100.000,,,,,
9369,07/09/19 10:40:00 PM,25.137,100.000,,,,,
9370,07/09/19 10:45:00 PM,25.113,100.000,,,,,
9371,07/09/19 10:50:00 PM,25.089,100.000,,,,,
9372,07/09/19 10:55:00 PM,25.065,100.000,,,,,
9373,07/09/19 11:00:00 PM,25.065,100.000,,,,,
9374,07/09/19 11:05:00 PM,25.065,100.000,,,,,
9375,07/09/19 11:10:00 PM,25.089,100.000,,,,,
9376,07/09/19 11:15:00 PM,25.089,100.000,,,,,
9377,07/09/19 11:20:00 PM,25.113,100.000,,,,,
9378,07/09/19 11:25:00 PM,25.137,100.000,,,,,
9379,07/09/19 11:30:00 PM,25.162,100.000,,,,,
9380,07/09/19 11:35:00 PM,25.186,100.000,,,,,
9381,07/09/19 11:40:00 PM,25.210,100.000,,,,,
9382,07/09/19 11:45:00 PM,25.234,100.000,,,,,
9383,07/09/19 11:50:00 PM,25.258,100.000,,,,,
9384,07/09/19 11:55:00 PM,25.258,100.000,,,,,
9385,07/10/19 12:00:00 AM,25.234,100.000,,,,,
9386,07/10/19 12:05:00 AM,25.210,100.000,,,,,
9387,07/10/19 12:10:00 AM,25.186,100.000,,,,,
9388,07/10/19 12:15:00 AM,25.162,100.000,,,,,
9389,07/10/19 12:20:00 AM,25.113,100.000,,,,,
9390,07/10/19 12:25:00 AM,25.089,100.000,,,,,
9391,07/10/19 12:30:00 AM,25.089,100.000,,,,,
9392,07/10/19 12:35:00 AM,25.089,100.000,,,,,
9393,07/10/19 12:40:00 AM,25.113,100.000,,,,,
9394,07/10/19 12:45:00 AM,25.113,100.000,,,,,
9395,07/10/19 12:50:00 AM,25.137,100.000,,,,,
9396,07/10/19 12:55:00 AM,25.162,100.000,,,,,
9397,07/10/19 01:00:00 AM,25.162,100.000,,,,,
9398,07/10/19 01:05:00 AM,25.210,100.000,,,,,
9399,07/10/19 01:10:00 AM,25.234,100.000,,,,,
9400,07/10/19 01:15:00 AM,25.234,100.000,,,,,
9401,07/10/19 01:20:00 AM,25.210,100.000,,,,,
9402,07/10/19 01:25:00 AM,25.210,100.000,,,,,
9403,07/10/19 01:30:00 AM,25.210,100.000,,,,,
9404,07/10/19 01:35:00 AM,25.210,100.000,,,,,
9405,07/10/19 01:40:00 AM,25.210,100.000,,,,,
9406,07/10/19 01:45:00 AM,25.210,100.000,,,,,
9407,07/10/19 01:50:00 AM,25.234,100.000,,,,,
9408,07/10/19 01:55:00 AM,25.234,100.000,,,,,
9409,07/10/19 02:00:00 AM,25.234,100.000,,,,,
9410,07/10/19 02:05:00 AM,25.234,100.000,,,,,
9411,07/10/19 02:10:00 AM,25.258,100.000,,,,,
9412,07/10/19 02:15:00 AM,25.258,100.000,,,,,
9413,07/10/19 02:20:00 AM,25.283,100.000,,,,,
9414,07/10/19 02:25:00 AM,25.331,100.000,,,,,
9415,07/10/19 02:30:00 AM,25.355,100.000,,,,,
9416,07/10/19 02:35:00 AM,25.380,100.000,,,,,
9417,07/10/19 02:40:00 AM,25.404,100.000,,,,,
9418,07/10/19 02:45:00 AM,25.404,100.000,,,,,
9419,07/10/19 02:50:00 AM,25.428,100.000,,,,,
9420,07/10/19 02:55:00 AM,25.428,100.000,,,,,
9421,07/10/19 03:00:00 AM,25.453,100.000,,,,,
9422,07/10/19 03:05:00 AM,25.453,100.000,,,,,
9423,07/10/19 03:10:00 AM,25.428,100.000,,,,,
9424,07/10/19 03:15:00 AM,25.428,100.000,,,,,
9425,07/10/19 03:20:00 AM,25.428,100.000,,,,,
9426,07/10/19 03:25:00 AM,25.404,100.000,,,,,
9427,07/10/19 03:30:00 AM,25.404,100.000,,,,,
9428,07/10/19 03:35:00 AM,25.380,100.000,,,,,
9429,07/10/19 03:40:00 AM,25.380,100.000,,,,,
9430,07/10/19 03:45:00 AM,25.380,100.000,,,,,
9431,07/10/19 03:50:00 AM,25.404,100.000,,,,,
9432,07/10/19 03:55:00 AM,25.404,100.000,,,,,
9433,07/10/19 04:00:00 AM,25.404,100.000,,,,,
9434,07/10/19 04:05:00 AM,25.404,100.000,,,,,
9435,07/10/19 04:10:00 AM,25.404,100.000,,,,,
9436,07/10/19 04:15:00 AM,25.404,100.000,,,,,
9437,07/10/19 04:20:00 AM,25.404,100.000,,,,,
9438,07/10/19 04:25:00 AM,25.404,100.000,,,,,
9439,07/10/19 04:30:00 AM,25.380,100.000,,,,,
9440,07/10/19 04:35:00 AM,25.380,100.000,,,,,
9441,07/10/19 04:40:00 AM,25.380,100.000,,,,,
9442,07/10/19 04:45:00 AM,25.380,100.000,,,,,
9443,07/10/19 04:50:00 AM,25.380,100.000,,,,,
9444,07/10/19 04:55:00 AM,25.380,100.000,,,,,
9445,07/10/19 05:00:00 AM,25.404,100.000,,,,,
9446,07/10/19 05:05:00 AM,25.404,100.000,,,,,
9447,07/10/19 05:10:00 AM,25.404,100.000,,,,,
9448,07/10/19 05:15:00 AM,25.404,100.000,,,,,
9449,07/10/19 05:20:00 AM,25.404,100.000,,,,,
9450,07/10/19 05:25:00 AM,25.404,100.000,,,,,
9451,07/10/19 05:30:00 AM,25.404,100.000,,,,,
9452,07/10/19 05:35:00 AM,25.404,100.000,,,,,
9453,07/10/19 05:40:00 AM,25.404,100.000,,,,,
9454,07/10/19 05:45:00 AM,25.404,100.000,,,,,
9455,07/10/19 05:50:00 AM,25.428,100.000,,,,,
9456,07/10/19 05:55:00 AM,25.428,100.000,,,,,
9457,07/10/19 06:00:00 AM,25.453,100.000,,,,,
9458,07/10/19 06:05:00 AM,25.428,100.000,,,,,
9459,07/10/19 06:10:00 AM,25.428,100.000,,,,,
9460,07/10/19 06:15:00 AM,25.404,100.000,,,,,
9461,07/10/19 06:20:00 AM,25.380,100.000,,,,,
9462,07/10/19 06:25:00 AM,25.355,100.000,,,,,
9463,07/10/19 06:30:00 AM,25.331,100.000,,,,,
9464,07/10/19 06:35:00 AM,25.307,100.000,,,,,
9465,07/10/19 06:40:00 AM,25.283,100.000,,,,,
9466,07/10/19 06:45:00 AM,25.234,100.000,,,,,
9467,07/10/19 06:50:00 AM,25.186,100.000,,,,,
9468,07/10/19 06:55:00 AM,25.162,100.000,,,,,
9469,07/10/19 07:00:00 AM,25.137,100.000,,,,,
9470,07/10/19 07:05:00 AM,25.137,100.000,,,,,
9471,07/10/19 07:10:00 AM,25.113,100.000,,,,,
9472,07/10/19 07:15:00 AM,25.089,100.000,,,,,
9473,07/10/19 07:20:00 AM,25.089,100.000,,,,,
9474,07/10/19 07:25:00 AM,25.113,100.000,,,,,
9475,07/10/19 07:30:00 AM,25.137,100.000,,,,,
9476,07/10/19 07:35:00 AM,25.186,100.000,,,,,
9477,07/10/19 07:40:00 AM,25.258,100.000,,,,,
9478,07/10/19 07:45:00 AM,25.331,100.000,,,,,
9479,07/10/19 07:50:00 AM,25.404,100.000,,,,,
9480,07/10/19 07:55:00 AM,25.453,100.000,,,,,
9481,07/10/19 08:00:00 AM,25.525,100.000,,,,,
9482,07/10/19 08:05:00 AM,25.598,100.000,,,,,
9483,07/10/19 08:10:00 AM,25.647,100.000,,,,,
9484,07/10/19 08:15:00 AM,25.695,100.000,,,,,
9485,07/10/19 08:20:00 AM,25.720,100.000,,,,,
9486,07/10/19 08:25:00 AM,25.793,100.000,,,,,
9487,07/10/19 08:30:00 AM,25.866,100.000,,,,,
9488,07/10/19 08:35:00 AM,25.963,100.000,,,,,
9489,07/10/19 08:40:00 AM,26.061,100.000,,,,,
9490,07/10/19 08:45:00 AM,26.109,100.000,,,,,
9491,07/10/19 08:50:00 AM,26.134,100.000,,,,,
9492,07/10/19 08:55:00 AM,26.134,100.000,,,,,
9493,07/10/19 09:00:00 AM,26.158,100.000,,,,,
9494,07/10/19 09:05:00 AM,26.207,100.000,,,,,
9495,07/10/19 09:10:00 AM,26.280,100.000,,,,,
9496,07/10/19 09:15:00 AM,26.353,100.000,,,,,
9497,07/10/19 09:20:00 AM,26.402,100.000,,,,,
9498,07/10/19 09:25:00 AM,26.451,100.000,,,,,
9499,07/10/19 09:30:00 AM,26.549,100.000,,,,,
9500,07/10/19 09:35:00 AM,26.598,100.000,,,,,
9501,07/10/19 09:40:00 AM,26.646,100.000,,,,,
9502,07/10/19 09:45:00 AM,26.744,100.000,,,,,
9503,07/10/19 09:50:00 AM,26.842,100.000,,,,,
9504,07/10/19 09:55:00 AM,26.916,100.000,,,,,
9505,07/10/19 10:00:00 AM,27.014,100.000,,,,,
9506,07/10/19 10:05:00 AM,27.112,100.000,,,,,
9507,07/10/19 10:10:00 AM,27.210,100.000,,,,,
9508,07/10/19 10:15:00 AM,27.308,100.000,,,,,
9509,07/10/19 10:20:00 AM,27.431,100.000,,,,,
9510,07/10/19 10:25:00 AM,27.505,100.000,,,,,
9511,07/10/19 10:30:00 AM,27.505,100.000,,,,,
9512,07/10/19 10:35:00 AM,27.554,100.000,,,,,
9513,07/10/19 10:40:00 AM,27.579,100.000,,,,,
9514,07/10/19 10:45:00 AM,27.579,100.000,,,,,
9515,07/10/19 10:50:00 AM,27.653,100.000,,,,,
9516,07/10/19 10:55:00 AM,27.751,100.000,,,,,
9517,07/10/19 11:00:00 AM,27.751,100.000,,,,,
9518,07/10/19 11:05:00 AM,27.653,100.000,,,,,
9519,07/10/19 11:10:00 AM,27.456,100.000,,,,,
9520,07/10/19 11:15:00 AM,27.235,100.000,,,,,
9521,07/10/19 11:20:00 AM,27.063,100.000,,,,,
9522,07/10/19 11:25:00 AM,27.063,100.000,,,,,
9523,07/10/19 11:30:00 AM,27.186,100.000,,,,,
9524,07/10/19 11:35:00 AM,27.407,100.000,,,,,
9525,07/10/19 11:40:00 AM,27.677,100.000,,,,,
9526,07/10/19 11:45:00 AM,27.875,100.000,,,,,
9527,07/10/19 11:50:00 AM,27.998,100.000,,,,,
9528,07/10/19 11:55:00 AM,28.097,100.000,,,,,
9529,07/10/19 12:00:00 PM,28.122,100.000,,,,,
9530,07/10/19 12:05:00 PM,28.147,100.000,,,,,
9531,07/10/19 12:10:00 PM,28.221,100.000,,,,,
9532,07/10/19 12:15:00 PM,28.345,100.000,,,,,
9533,07/10/19 12:20:00 PM,28.568,100.000,,,,,
9534,07/10/19 12:25:00 PM,28.742,100.000,,,,,
9535,07/10/19 12:30:00 PM,28.742,100.000,,,,,
9536,07/10/19 12:35:00 PM,28.593,100.000,,,,,
9537,07/10/19 12:40:00 PM,28.444,100.000,,,,,
9538,07/10/19 12:45:00 PM,28.345,100.000,,,,,
9539,07/10/19 12:50:00 PM,28.270,100.000,,,,,
9540,07/10/19 12:55:00 PM,28.196,100.000,,,,,
9541,07/10/19 01:00:00 PM,28.072,100.000,,,,,
9542,07/10/19 01:05:00 PM,27.481,100.000,,,,,
9543,07/10/19 01:10:00 PM,26.793,100.000,,,,,
9544,07/10/19 01:15:00 PM,26.353,100.000,,,,,
9545,07/10/19 01:20:00 PM,26.158,100.000,,,,,
9546,07/10/19 01:25:00 PM,25.987,100.000,,,,,
9547,07/10/19 01:30:00 PM,26.012,100.000,,,,,
9548,07/10/19 01:35:00 PM,25.939,100.000,,,,,
9549,07/10/19 01:40:00 PM,25.866,100.000,,,,,
9550,07/10/19 01:45:00 PM,25.841,100.000,,,,,
9551,07/10/19 01:50:00 PM,25.841,100.000,,,,,
9552,07/10/19 01:55:00 PM,25.939,100.000,,,,,
9553,07/10/19 02:00:00 PM,26.182,100.000,,,,,
9554,07/10/19 02:05:00 PM,26.426,100.000,,,,,
9555,07/10/19 02:10:00 PM,26.573,100.000,,,,,
9556,07/10/19 02:15:00 PM,26.622,100.000,,,,,
9557,07/10/19 02:20:00 PM,26.671,100.000,,,,,
9558,07/10/19 02:25:00 PM,26.744,100.000,,,,,
9559,07/10/19 02:30:00 PM,26.744,100.000,,,,,
9560,07/10/19 02:35:00 PM,26.818,100.000,,,,,
9561,07/10/19 02:40:00 PM,26.940,100.000,,,,,
9562,07/10/19 02:45:00 PM,27.063,100.000,,,,,
9563,07/10/19 02:50:00 PM,27.259,100.000,,,,,
9564,07/10/19 02:55:00 PM,27.505,100.000,,,,,
9565,07/10/19 03:00:00 PM,27.481,100.000,,,,,
9566,07/10/19 03:05:00 PM,27.505,100.000,,,,,
9567,07/10/19 03:10:00 PM,27.554,100.000,,,,,
9568,07/10/19 03:15:00 PM,27.653,100.000,,,,,
9569,07/10/19 03:20:00 PM,27.850,100.000,,,,,
9570,07/10/19 03:25:00 PM,27.974,100.000,,,,,
9571,07/10/19 03:30:00 PM,28.048,100.000,,,,,
9572,07/10/19 03:35:00 PM,28.295,100.000,,,,,
9573,07/10/19 03:40:00 PM,28.493,100.000,,,,,
9574,07/10/19 03:45:00 PM,28.369,100.000,,,,,
9575,07/10/19 03:50:00 PM,28.147,100.000,,,,,
9576,07/10/19 03:55:00 PM,27.998,100.000,,,,,
9577,07/10/19 04:00:00 PM,27.949,100.000,,,,,
9578,07/10/19 04:05:00 PM,27.899,100.000,,,,,
9579,07/10/19 04:10:00 PM,27.899,100.000,,,,,
9580,07/10/19 04:15:00 PM,28.097,100.000,,,,,
9581,07/10/19 04:20:00 PM,28.295,100.000,,,,,
9582,07/10/19 04:25:00 PM,28.320,100.000,,,,,
9583,07/10/19 04:30:00 PM,28.072,100.000,,,,,
9584,07/10/19 04:35:00 PM,27.949,100.000,,,,,
9585,07/10/19 04:40:00 PM,27.949,100.000,,,,,
9586,07/10/19 04:45:00 PM,27.850,100.000,,,,,
9587,07/10/19 04:50:00 PM,27.727,100.000,,,,,
9588,07/10/19 04:55:00 PM,27.628,100.000,,,,,
9589,07/10/19 05:00:00 PM,27.505,100.000,,,,,
9590,07/10/19 05:05:00 PM,27.456,100.000,,,,,
9591,07/10/19 05:10:00 PM,27.358,100.000,,,,,
9592,07/10/19 05:15:00 PM,27.210,100.000,,,,,
9593,07/10/19 05:20:00 PM,27.014,100.000,,,,,
9594,07/10/19 05:25:00 PM,26.793,100.000,,,,,
9595,07/10/19 05:30:00 PM,26.646,100.000,,,,,
9596,07/10/19 05:35:00 PM,26.500,100.000,,,,,
9597,07/10/19 05:40:00 PM,26.402,100.000,,,,,
9598,07/10/19 05:45:00 PM,26.353,100.000,,,,,
9599,07/10/19 05:50:00 PM,26.353,100.000,,,,,
9600,07/10/19 05:55:00 PM,26.329,100.000,,,,,
9601,07/10/19 06:00:00 PM,26.280,100.000,,,,,
9602,07/10/19 06:05:00 PM,26.231,100.000,,,,,
9603,07/10/19 06:10:00 PM,26.207,100.000,,,,,
9604,07/10/19 06:15:00 PM,26.231,100.000,,,,,
9605,07/10/19 06:20:00 PM,26.207,100.000,,,,,
9606,07/10/19 06:25:00 PM,26.207,100.000,,,,,
9607,07/10/19 06:30:00 PM,26.207,100.000,,,,,
9608,07/10/19 06:35:00 PM,26.207,100.000,,,,,
9609,07/10/19 06:40:00 PM,26.182,100.000,,,,,
9610,07/10/19 06:45:00 PM,26.182,100.000,,,,,
9611,07/10/19 06:50:00 PM,26.182,100.000,,,,,
9612,07/10/19 06:55:00 PM,26.207,100.000,,,,,
9613,07/10/19 07:00:00 PM,26.231,100.000,,,,,
9614,07/10/19 07:05:00 PM,26.231,100.000,,,,,
9615,07/10/19 07:10:00 PM,26.231,100.000,,,,,
9616,07/10/19 07:15:00 PM,26.158,100.000,,,,,
9617,07/10/19 07:20:00 PM,26.109,100.000,,,,,
9618,07/10/19 07:25:00 PM,26.085,100.000,,,,,
9619,07/10/19 07:30:00 PM,26.061,100.000,,,,,
9620,07/10/19 07:35:00 PM,26.036,100.000,,,,,
9621,07/10/19 07:40:00 PM,25.987,100.000,,,,,
9622,07/10/19 07:45:00 PM,25.939,100.000,,,,,
9623,07/10/19 07:50:00 PM,25.939,100.000,,,,,
9624,07/10/19 07:55:00 PM,25.939,100.000,,,,,
9625,07/10/19 08:00:00 PM,25.939,100.000,,,,,
9626,07/10/19 08:05:00 PM,25.939,100.000,,,,,
9627,07/10/19 08:10:00 PM,25.939,100.000,,,,,
9628,07/10/19 08:15:00 PM,25.987,100.000,,,,,
9629,07/10/19 08:20:00 PM,25.987,100.000,,,,,
9630,07/10/19 08:25:00 PM,25.987,100.000,,,,,
9631,07/10/19 08:30:00 PM,25.987,100.000,,,,,
9632,07/10/19 08:35:00 PM,25.987,100.000,,,,,
9633,07/10/19 08:40:00 PM,25.963,100.000,,,,,
9634,07/10/19 08:45:00 PM,25.914,100.000,,,,,
9635,07/10/19 08:50:00 PM,25.890,100.000,,,,,
9636,07/10/19 08:55:00 PM,25.890,100.000,,,,,
9637,07/10/19 09:00:00 PM,25.866,100.000,,,,,
9638,07/10/19 09:05:00 PM,25.866,100.000,,,,,
9639,07/10/19 09:10:00 PM,25.841,100.000,,,,,
9640,07/10/19 09:15:00 PM,25.841,100.000,,,,,
9641,07/10/19 09:20:00 PM,25.793,100.000,,,,,
9642,07/10/19 09:25:00 PM,25.768,100.000,,,,,
9643,07/10/19 09:30:00 PM,25.720,100.000,,,,,
9644,07/10/19 09:35:00 PM,25.695,100.000,,,,,
9645,07/10/19 09:40:00 PM,25.671,100.000,,,,,
9646,07/10/19 09:45:00 PM,25.623,100.000,,,,,
9647,07/10/19 09:50:00 PM,25.574,100.000,,,,,
9648,07/10/19 09:55:00 PM,25.550,100.000,,,,,
9649,07/10/19 10:00:00 PM,25.525,100.000,,,,,
9650,07/10/19 10:05:00 PM,25.525,100.000,,,,,
9651,07/10/19 10:10:00 PM,25.525,100.000,,,,,
9652,07/10/19 10:15:00 PM,25.501,100.000,,,,,
9653,07/10/19 10:20:00 PM,25.453,100.000,,,,,
9654,07/10/19 10:25:00 PM,25.428,100.000,,,,,
9655,07/10/19 10:30:00 PM,25.453,100.000,,,,,
9656,07/10/19 10:35:00 PM,25.453,100.000,,,,,
9657,07/10/19 10:40:00 PM,25.453,100.000,,,,,
9658,07/10/19 10:45:00 PM,25.453,100.000,,,,,
9659,07/10/19 10:50:00 PM,25.404,100.000,,,,,
9660,07/10/19 10:55:00 PM,25.380,100.000,,,,,
9661,07/10/19 11:00:00 PM,25.331,100.000,,,,,
9662,07/10/19 11:05:00 PM,25.331,100.000,,,,,
9663,07/10/19 11:10:00 PM,25.380,100.000,,,,,
9664,07/10/19 11:15:00 PM,25.380,100.000,,,,,
9665,07/10/19 11:20:00 PM,25.307,100.000,,,,,
9666,07/10/19 11:25:00 PM,25.258,100.000,,,,,
9667,07/10/19 11:30:00 PM,25.234,100.000,,,,,
9668,07/10/19 11:35:00 PM,25.186,100.000,,,,,
9669,07/10/19 11:40:00 PM,25.137,100.000,,,,,
9670,07/10/19 11:45:00 PM,25.089,100.000,,,,,
9671,07/10/19 11:50:00 PM,25.040,100.000,,,,,
9672,07/10/19 11:55:00 PM,25.089,100.000,,,,,
9673,07/11/19 12:00:00 AM,25.065,100.000,,,,,
9674,07/11/19 12:05:00 AM,25.065,100.000,,,,,
9675,07/11/19 12:10:00 AM,25.016,100.000,,,,,
9676,07/11/19 12:15:00 AM,24.992,100.000,,,,,
9677,07/11/19 12:20:00 AM,24.992,100.000,,,,,
9678,07/11/19 12:25:00 AM,24.968,100.000,,,,,
9679,07/11/19 12:30:00 AM,24.968,100.000,,,,,
9680,07/11/19 12:35:00 AM,24.992,100.000,,,,,
9681,07/11/19 12:40:00 AM,25.016,100.000,,,,,
9682,07/11/19 12:45:00 AM,25.040,100.000,,,,,
9683,07/11/19 12:50:00 AM,25.065,100.000,,,,,
9684,07/11/19 12:55:00 AM,25.065,100.000,,,,,
9685,07/11/19 01:00:00 AM,25.065,100.000,,,,,
9686,07/11/19 01:05:00 AM,25.089,100.000,,,,,
9687,07/11/19 01:10:00 AM,25.089,100.000,,,,,
9688,07/11/19 01:15:00 AM,25.113,100.000,,,,,
9689,07/11/19 01:20:00 AM,25.113,100.000,,,,,
9690,07/11/19 01:25:00 AM,25.162,100.000,,,,,
9691,07/11/19 01:30:00 AM,25.186,100.000,,,,,
9692,07/11/19 01:35:00 AM,25.186,100.000,,,,,
9693,07/11/19 01:40:00 AM,25.137,100.000,,,,,
9694,07/11/19 01:45:00 AM,25.113,100.000,,,,,
9695,07/11/19 01:50:00 AM,25.089,100.000,,,,,
9696,07/11/19 01:55:00 AM,25.089,100.000,,,,,
9697,07/11/19 02:00:00 AM,25.040,100.000,,,,,
9698,07/11/19 02:05:00 AM,25.016,100.000,,,,,
9699,07/11/19 02:10:00 AM,24.968,100.000,,,,,
9700,07/11/19 02:15:00 AM,24.919,100.000,,,,,
9701,07/11/19 02:20:00 AM,24.895,100.000,,,,,
9702,07/11/19 02:25:00 AM,24.895,100.000,,,,,
9703,07/11/19 02:30:00 AM,24.871,100.000,,,,,
9704,07/11/19 02:35:00 AM,24.823,100.000,,,,,
9705,07/11/19 02:40:00 AM,24.798,100.000,,,,,
9706,07/11/19 02:45:00 AM,24.798,100.000,,,,,
9707,07/11/19 02:50:00 AM,24.823,100.000,,,,,
9708,07/11/19 02:55:00 AM,24.847,100.000,,,,,
9709,07/11/19 03:00:00 AM,24.871,100.000,,,,,
9710,07/11/19 03:05:00 AM,24.871,100.000,,,,,
9711,07/11/19 03:10:00 AM,24.847,100.000,,,,,
9712,07/11/19 03:15:00 AM,24.823,100.000,,,,,
9713,07/11/19 03:20:00 AM,24.798,100.000,,,,,
9714,07/11/19 03:25:00 AM,24.798,100.000,,,,,
9715,07/11/19 03:30:00 AM,24.798,100.000,,,,,
9716,07/11/19 03:35:00 AM,24.798,100.000,,,,,
9717,07/11/19 03:40:00 AM,24.823,100.000,,,,,
9718,07/11/19 03:45:00 AM,24.798,100.000,,,,,
9719,07/11/19 03:50:00 AM,24.798,100.000,,,,,
9720,07/11/19 03:55:00 AM,24.774,100.000,,,,,
9721,07/11/19 04:00:00 AM,24.726,100.000,,,,,
9722,07/11/19 04:05:00 AM,24.750,100.000,,,,,
9723,07/11/19 04:10:00 AM,24.750,100.000,,,,,
9724,07/11/19 04:15:00 AM,24.726,100.000,,,,,
9725,07/11/19 04:20:00 AM,24.726,100.000,,,,,
9726,07/11/19 04:25:00 AM,24.750,100.000,,,,,
9727,07/11/19 04:30:00 AM,24.774,100.000,,,,,
9728,07/11/19 04:35:00 AM,24.726,100.000,,,,,
9729,07/11/19 04:40:00 AM,24.677,100.000,,,,,
9730,07/11/19 04:45:00 AM,24.629,100.000,,,,,
9731,07/11/19 04:50:00 AM,24.605,100.000,,,,,
9732,07/11/19 04:55:00 AM,24.557,100.000,,,,,
9733,07/11/19 05:00:00 AM,24.532,100.000,,,,,
9734,07/11/19 05:05:00 AM,24.532,100.000,,,,,
9735,07/11/19 05:10:00 AM,24.532,100.000,,,,,
9736,07/11/19 05:15:00 AM,24.484,100.000,,,,,
9737,07/11/19 05:20:00 AM,24.460,100.000,,,,,
9738,07/11/19 05:25:00 AM,24.436,100.000,,,,,
9739,07/11/19 05:30:00 AM,24.436,100.000,,,,,
9740,07/11/19 05:35:00 AM,24.436,100.000,,,,,
9741,07/11/19 05:40:00 AM,24.412,100.000,,,,,
9742,07/11/19 05:45:00 AM,24.388,100.000,,,,,
9743,07/11/19 05:50:00 AM,24.388,100.000,,,,,
9744,07/11/19 05:55:00 AM,24.388,100.000,,,,,
9745,07/11/19 06:00:00 AM,24.388,100.000,,,,,
9746,07/11/19 06:05:00 AM,24.388,100.000,,,,,
9747,07/11/19 06:10:00 AM,24.388,100.000,,,,,
9748,07/11/19 06:15:00 AM,24.388,100.000,,,,,
9749,07/11/19 06:20:00 AM,24.388,100.000,,,,,
9750,07/11/19 06:25:00 AM,24.388,100.000,,,,,
9751,07/11/19 06:30:00 AM,24.363,100.000,,,,,
9752,07/11/19 06:35:00 AM,24.339,100.000,,,,,
9753,07/11/19 06:40:00 AM,24.363,100.000,,,,,
9754,07/11/19 06:45:00 AM,24.339,100.000,,,,,
9755,07/11/19 06:50:00 AM,24.315,100.000,,,,,
9756,07/11/19 06:55:00 AM,24.315,100.000,,,,,
9757,07/11/19 07:00:00 AM,24.315,100.000,,,,,
9758,07/11/19 07:05:00 AM,24.315,100.000,,,,,
9759,07/11/19 07:10:00 AM,24.339,100.000,,,,,
9760,07/11/19 07:15:00 AM,24.388,100.000,,,,,
9761,07/11/19 07:20:00 AM,24.508,100.000,,,,,
9762,07/11/19 07:25:00 AM,24.581,100.000,,,,,
9763,07/11/19 07:30:00 AM,24.629,100.000,,,,,
9764,07/11/19 07:35:00 AM,24.629,100.000,,,,,
9765,07/11/19 07:40:00 AM,24.726,100.000,,,,,
9766,07/11/19 07:45:00 AM,24.750,100.000,,,,,
9767,07/11/19 07:50:00 AM,24.798,100.000,,,,,
9768,07/11/19 07:55:00 AM,24.847,100.000,,,,,
9769,07/11/19 08:00:00 AM,24.774,100.000,,,,,
9770,07/11/19 08:05:00 AM,24.726,100.000,,,,,
9771,07/11/19 08:10:00 AM,24.702,100.000,,,,,
9772,07/11/19 08:15:00 AM,24.726,100.000,,,,,
9773,07/11/19 08:20:00 AM,24.823,100.000,,,,,
9774,07/11/19 08:25:00 AM,25.016,100.000,,,,,
9775,07/11/19 08:30:00 AM,25.162,100.000,,,,,
9776,07/11/19 08:35:00 AM,24.774,100.000,,,,,
9777,07/11/19 08:40:00 AM,24.315,100.000,,,,,
9778,07/11/19 08:45:00 AM,24.146,100.000,,,,,
9779,07/11/19 08:50:00 AM,24.195,100.000,,,,,
9780,07/11/19 08:55:00 AM,24.291,100.000,,,,,
9781,07/11/19 09:00:00 AM,24.388,100.000,,,,,
9782,07/11/19 09:05:00 AM,24.508,100.000,,,,,
9783,07/11/19 09:10:00 AM,24.605,100.000,,,,,
9784,07/11/19 09:15:00 AM,24.677,100.000,,,,,
9785,07/11/19 09:20:00 AM,24.702,100.000,,,,,
9786,07/11/19 09:25:00 AM,24.798,100.000,,,,,
9787,07/11/19 09:30:00 AM,25.040,100.000,,,,,
9788,07/11/19 09:35:00 AM,25.331,100.000,,,,,
9789,07/11/19 09:40:00 AM,25.598,100.000,,,,,
9790,07/11/19 09:45:00 AM,25.914,100.000,,,,,
9791,07/11/19 09:50:00 AM,26.085,100.000,,,,,
9792,07/11/19 09:55:00 AM,26.061,100.000,,,,,
9793,07/11/19 10:00:00 AM,25.987,100.000,,,,,
9794,07/11/19 10:05:00 AM,25.963,100.000,,,,,
9795,07/11/19 10:10:00 AM,25.939,100.000,,,,,
9796,07/11/19 10:15:00 AM,25.939,100.000,,,,,
9797,07/11/19 10:20:00 AM,26.012,100.000,,,,,
9798,07/11/19 10:25:00 AM,26.085,100.000,,,,,
9799,07/11/19 10:30:00 AM,26.134,100.000,,,,,
9800,07/11/19 10:35:00 AM,26.134,100.000,,,,,
9801,07/11/19 10:40:00 AM,26.158,100.000,,,,,
9802,07/11/19 10:45:00 AM,26.256,100.000,,,,,
9803,07/11/19 10:50:00 AM,26.353,100.000,,,,,
9804,07/11/19 10:55:00 AM,26.524,100.000,,,,,
9805,07/11/19 11:00:00 AM,26.598,100.000,,,,,
9806,07/11/19 11:05:00 AM,26.720,100.000,,,,,
9807,07/11/19 11:10:00 AM,26.891,100.000,,,,,
9808,07/11/19 11:15:00 AM,27.063,100.000,,,,,
9809,07/11/19 11:20:00 AM,27.112,100.000,,,,,
9810,07/11/19 11:25:00 AM,27.063,100.000,,,,,
9811,07/11/19 11:30:00 AM,27.112,100.000,,,,,
9812,07/11/19 11:35:00 AM,27.112,100.000,,,,,
9813,07/11/19 11:40:00 AM,27.259,100.000,,,,,
9814,07/11/19 11:45:00 AM,27.333,100.000,,,,,
9815,07/11/19 11:50:00 AM,27.333,100.000,,,,,
9816,07/11/19 11:55:00 AM,27.554,100.000,,,,,
9817,07/11/19 12:00:00 PM,27.604,100.000,,,,,
9818,07/11/19 12:05:00 PM,27.505,100.000,,,,,
9819,07/11/19 12:10:00 PM,27.505,100.000,,,,,
9820,07/11/19 12:15:00 PM,27.628,100.000,,,,,
9821,07/11/19 12:20:00 PM,27.727,100.000,,,,,
9822,07/11/19 12:25:00 PM,27.751,100.000,,,,,
9823,07/11/19 12:30:00 PM,27.801,100.000,,,,,
9824,07/11/19 12:35:00 PM,27.924,100.000,,,,,
9825,07/11/19 12:40:00 PM,28.023,100.000,,,,,
9826,07/11/19 12:45:00 PM,27.949,100.000,,,,,
9827,07/11/19 12:50:00 PM,27.825,100.000,,,,,
9828,07/11/19 12:55:00 PM,27.801,100.000,,,,,
9829,07/11/19 01:00:00 PM,27.974,100.000,,,,,
9830,07/11/19 01:05:00 PM,28.196,100.000,,,,,
9831,07/11/19 01:10:00 PM,28.295,100.000,,,,,
9832,07/11/19 01:15:00 PM,28.196,100.000,,,,,
9833,07/11/19 01:20:00 PM,28.221,100.000,,,,,
9834,07/11/19 01:25:00 PM,28.419,100.000,,,,,
9835,07/11/19 01:30:00 PM,28.295,100.000,,,,,
9836,07/11/19 01:35:00 PM,28.295,100.000,,,,,
9837,07/11/19 01:40:00 PM,28.444,100.000,,,,,
9838,07/11/19 01:45:00 PM,28.171,100.000,,,,,
9839,07/11/19 01:50:00 PM,27.998,100.000,,,,,
9840,07/11/19 01:55:00 PM,27.776,100.000,,,,,
9841,07/11/19 02:00:00 PM,26.989,100.000,,,,,
9842,07/11/19 02:05:00 PM,26.378,100.000,,,,,
9843,07/11/19 02:10:00 PM,26.109,100.000,,,,,
9844,07/11/19 02:15:00 PM,26.158,100.000,,,,,
9845,07/11/19 02:20:00 PM,26.182,100.000,,,,,
9846,07/11/19 02:25:00 PM,26.231,100.000,,,,,
9847,07/11/19 02:30:00 PM,26.182,100.000,,,,,
9848,07/11/19 02:35:00 PM,26.646,100.000,,,,,
9849,07/11/19 02:40:00 PM,27.186,100.000,,,,,
9850,07/11/19 02:45:00 PM,27.505,100.000,,,,,
9851,07/11/19 02:50:00 PM,27.974,100.000,,,,,
9852,07/11/19 02:55:00 PM,28.196,100.000,,,,,
9853,07/11/19 03:00:00 PM,28.493,100.000,,,,,
9854,07/11/19 03:05:00 PM,28.295,100.000,,,,,
9855,07/11/19 03:10:00 PM,27.924,100.000,,,,,
9856,07/11/19 03:15:00 PM,27.899,100.000,,,,,
9857,07/11/19 03:20:00 PM,28.196,100.000,,,,,
9858,07/11/19 03:25:00 PM,28.543,100.000,,,,,
9859,07/11/19 03:30:00 PM,28.419,100.000,,,,,
9860,07/11/19 03:35:00 PM,28.295,100.000,,,,,
9861,07/11/19 03:40:00 PM,28.221,100.000,,,,,
9862,07/11/19 03:45:00 PM,28.147,100.000,,,,,
9863,07/11/19 03:50:00 PM,28.122,100.000,,,,,
9864,07/11/19 03:55:00 PM,28.221,100.000,,,,,
9865,07/11/19 04:00:00 PM,28.320,100.000,,,,,
9866,07/11/19 04:05:00 PM,28.345,100.000,,,,,
9867,07/11/19 04:10:00 PM,28.518,100.000,,,,,
9868,07/11/19 04:15:00 PM,28.518,100.000,,,,,
9869,07/11/19 04:20:00 PM,28.543,100.000,,,,,
9870,07/11/19 04:25:00 PM,28.642,100.000,,,,,
9871,07/11/19 04:30:00 PM,28.667,100.000,,,,,
9872,07/11/19 04:35:00 PM,28.766,100.000,,,,,
9873,07/11/19 04:40:00 PM,28.791,100.000,,,,,
9874,07/11/19 04:45:00 PM,28.891,100.000,,,,,
9875,07/11/19 04:50:00 PM,28.891,100.000,,,,,
9876,07/11/19 04:55:00 PM,28.990,100.000,,,,,
9877,07/11/19 05:00:00 PM,29.015,100.000,,,,,
9878,07/11/19 05:05:00 PM,29.065,100.000,,,,,
9879,07/11/19 05:10:00 PM,29.040,100.000,,,,,
9880,07/11/19 05:15:00 PM,28.841,100.000,,,,,
9881,07/11/19 05:20:00 PM,28.791,100.000,,,,,
9882,07/11/19 05:25:00 PM,28.816,100.000,,,,,
9883,07/11/19 05:30:00 PM,28.891,100.000,,,,,
9884,07/11/19 05:35:00 PM,29.015,100.000,,,,,
9885,07/11/19 05:40:00 PM,29.040,100.000,,,,,
9886,07/11/19 05:45:00 PM,28.866,100.000,,,,,
9887,07/11/19 05:50:00 PM,28.543,100.000,,,,,
9888,07/11/19 05:55:00 PM,28.320,100.000,,,,,
9889,07/11/19 06:00:00 PM,28.122,100.000,,,,,
9890,07/11/19 06:05:00 PM,28.147,100.000,,,,,
9891,07/11/19 06:10:00 PM,28.097,100.000,,,,,
9892,07/11/19 06:15:00 PM,28.072,100.000,,,,,
9893,07/11/19 06:20:00 PM,28.196,100.000,,,,,
9894,07/11/19 06:25:00 PM,28.221,100.000,,,,,
9895,07/11/19 06:30:00 PM,28.147,100.000,,,,,
9896,07/11/19 06:35:00 PM,28.072,100.000,,,,,
9897,07/11/19 06:40:00 PM,28.023,100.000,,,,,
9898,07/11/19 06:45:00 PM,27.998,100.000,,,,,
9899,07/11/19 06:50:00 PM,27.998,100.000,,,,,
9900,07/11/19 06:55:00 PM,28.023,100.000,,,,,
9901,07/11/19 07:00:00 PM,28.072,100.000,,,,,
9902,07/11/19 07:05:00 PM,28.072,100.000,,,,,
9903,07/11/19 07:10:00 PM,27.998,100.000,,,,,
9904,07/11/19 07:15:00 PM,27.875,100.000,,,,,
9905,07/11/19 07:20:00 PM,27.727,100.000,,,,,
9906,07/11/19 07:25:00 PM,27.604,100.000,,,,,
9907,07/11/19 07:30:00 PM,27.505,100.000,,,,,
9908,07/11/19 07:35:00 PM,27.505,100.000,,,,,
9909,07/11/19 07:40:00 PM,27.530,100.000,,,,,
9910,07/11/19 07:45:00 PM,27.505,100.000,,,,,
9911,07/11/19 07:50:00 PM,27.456,100.000,,,,,
9912,07/11/19 07:55:00 PM,27.407,100.000,,,,,
9913,07/11/19 08:00:00 PM,27.333,100.000,,,,,
9914,07/11/19 08:05:00 PM,27.284,100.000,,,,,
9915,07/11/19 08:10:00 PM,27.210,100.000,,,,,
9916,07/11/19 08:15:00 PM,27.136,100.000,,,,,
9917,07/11/19 08:20:00 PM,27.063,100.000,,,,,
9918,07/11/19 08:25:00 PM,26.989,100.000,,,,,
9919,07/11/19 08:30:00 PM,26.916,100.000,,,,,
9920,07/11/19 08:35:00 PM,26.842,100.000,,,,,
9921,07/11/19 08:40:00 PM,26.793,100.000,,,,,
9922,07/11/19 08:45:00 PM,26.720,100.000,,,,,
9923,07/11/19 08:50:00 PM,26.646,100.000,,,,,
9924,07/11/19 08:55:00 PM,26.573,100.000,,,,,
9925,07/11/19 09:00:00 PM,26.549,100.000,,,,,
9926,07/11/19 09:05:00 PM,26.451,100.000,,,,,
9927,07/11/19 09:10:00 PM,26.402,100.000,,,,,
9928,07/11/19 09:15:00 PM,26.353,100.000,,,,,
9929,07/11/19 09:20:00 PM,26.304,100.000,,,,,
9930,07/11/19 09:25:00 PM,26.280,100.000,,,,,
9931,07/11/19 09:30:00 PM,26.231,100.000,,,,,
9932,07/11/19 09:35:00 PM,26.182,100.000,,,,,
9933,07/11/19 09:40:00 PM,26.158,100.000,,,,,
9934,07/11/19 09:45:00 PM,26.085,100.000,,,,,
9935,07/11/19 09:50:00 PM,26.012,100.000,,,,,
9936,07/11/19 09:55:00 PM,25.987,100.000,,,,,
9937,07/11/19 10:00:00 PM,25.963,100.000,,,,,
9938,07/11/19 10:05:00 PM,25.939,100.000,,,,,
9939,07/11/19 10:10:00 PM,25.890,100.000,,,,,
9940,07/11/19 10:15:00 PM,25.866,100.000,,,,,
9941,07/11/19 10:20:00 PM,25.890,100.000,,,,,
9942,07/11/19 10:25:00 PM,25.866,100.000,,,,,
9943,07/11/19 10:30:00 PM,25.890,100.000,,,,,
9944,07/11/19 10:35:00 PM,25.866,100.000,,,,,
9945,07/11/19 10:40:00 PM,25.793,100.000,,,,,
9946,07/11/19 10:45:00 PM,25.744,100.000,,,,,
9947,07/11/19 10:50:00 PM,25.695,100.000,,,,,
9948,07/11/19 10:55:00 PM,25.695,100.000,,,,,
9949,07/11/19 11:00:00 PM,25.720,100.000,,,,,
9950,07/11/19 11:05:00 PM,25.720,100.000,,,,,
9951,07/11/19 11:10:00 PM,25.671,100.000,,,,,
9952,07/11/19 11:15:00 PM,25.623,100.000,,,,,
9953,07/11/19 11:20:00 PM,25.598,100.000,,,,,
9954,07/11/19 11:25:00 PM,25.598,100.000,,,,,
9955,07/11/19 11:30:00 PM,25.550,100.000,,,,,
9956,07/11/19 11:35:00 PM,25.525,100.000,,,,,
9957,07/11/19 11:40:00 PM,25.525,100.000,,,,,
9958,07/11/19 11:45:00 PM,25.525,100.000,,,,,
9959,07/11/19 11:50:00 PM,25.477,100.000,,,,,
9960,07/11/19 11:55:00 PM,25.428,100.000,,,,,
9961,07/12/19 12:00:00 AM,25.380,100.000,,,,,
9962,07/12/19 12:05:00 AM,25.380,100.000,,,,,
9963,07/12/19 12:10:00 AM,25.380,100.000,,,,,
9964,07/12/19 12:15:00 AM,25.380,100.000,,,,,
9965,07/12/19 12:20:00 AM,25.355,100.000,,,,,
9966,07/12/19 12:25:00 AM,25.355,100.000,,,,,
9967,07/12/19 12:30:00 AM,25.355,100.000,,,,,
9968,07/12/19 12:35:00 AM,25.404,100.000,,,,,
9969,07/12/19 12:40:00 AM,25.404,100.000,,,,,
9970,07/12/19 12:45:00 AM,25.380,100.000,,,,,
9971,07/12/19 12:50:00 AM,25.380,100.000,,,,,
9972,07/12/19 12:55:00 AM,25.331,100.000,,,,,
9973,07/12/19 01:00:00 AM,25.307,100.000,,,,,
9974,07/12/19 01:05:00 AM,25.331,100.000,,,,,
9975,07/12/19 01:10:00 AM,25.331,100.000,,,,,
9976,07/12/19 01:15:00 AM,25.331,100.000,,,,,
9977,07/12/19 01:20:00 AM,25.307,100.000,,,,,
9978,07/12/19 01:25:00 AM,25.283,100.000,,,,,
9979,07/12/19 01:30:00 AM,25.258,100.000,,,,,
9980,07/12/19 01:35:00 AM,25.258,100.000,,,,,
9981,07/12/19 01:40:00 AM,25.234,100.000,,,,,
9982,07/12/19 01:45:00 AM,25.234,100.000,,,,,
9983,07/12/19 01:50:00 AM,25.234,100.000,,,,,
9984,07/12/19 01:55:00 AM,25.186,100.000,,,,,
9985,07/12/19 02:00:00 AM,25.186,100.000,,,,,
9986,07/12/19 02:05:00 AM,25.162,100.000,,,,,
9987,07/12/19 02:10:00 AM,25.137,100.000,,,,,
9988,07/12/19 02:15:00 AM,25.113,100.000,,,,,
9989,07/12/19 02:20:00 AM,25.089,100.000,,,,,
9990,07/12/19 02:25:00 AM,25.089,100.000,,,,,
9991,07/12/19 02:30:00 AM,25.089,100.000,,,,,
9992,07/12/19 02:35:00 AM,25.089,100.000,,,,,
9993,07/12/19 02:40:00 AM,25.113,100.000,,,,,
9994,07/12/19 02:45:00 AM,25.065,100.000,,,,,
9995,07/12/19 02:50:00 AM,24.992,100.000,,,,,
9996,07/12/19 02:55:00 AM,24.944,100.000,,,,,
9997,07/12/19 03:00:00 AM,24.919,100.000,,,,,
9998,07/12/19 03:05:00 AM,24.895,100.000,,,,,
9999,07/12/19 03:10:00 AM,24.871,100.000,,,,,
10000,07/12/19 03:15:00 AM,24.871,100.000,,,,,
10001,07/12/19 03:20:00 AM,24.847,100.000,,,,,
10002,07/12/19 03:25:00 AM,24.847,100.000,,,,,
10003,07/12/19 03:30:00 AM,24.871,100.000,,,,,
10004,07/12/19 03:35:00 AM,24.847,100.000,,,,,
10005,07/12/19 03:40:00 AM,24.823,100.000,,,,,
10006,07/12/19 03:45:00 AM,24.774,100.000,,,,,
10007,07/12/19 03:50:00 AM,24.726,100.000,,,,,
10008,07/12/19 03:55:00 AM,24.702,100.000,,,,,
10009,07/12/19 04:00:00 AM,24.677,100.000,,,,,
10010,07/12/19 04:05:00 AM,24.677,100.000,,,,,
10011,07/12/19 04:10:00 AM,24.677,100.000,,,,,
10012,07/12/19 04:15:00 AM,24.653,100.000,,,,,
10013,07/12/19 04:20:00 AM,24.629,100.000,,,,,
10014,07/12/19 04:25:00 AM,24.605,100.000,,,,,
10015,07/12/19 04:30:00 AM,24.605,100.000,,,,,
10016,07/12/19 04:35:00 AM,24.557,100.000,,,,,
10017,07/12/19 04:40:00 AM,24.532,100.000,,,,,
10018,07/12/19 04:45:00 AM,24.532,100.000,,,,,
10019,07/12/19 04:50:00 AM,24.532,100.000,,,,,
10020,07/12/19 04:55:00 AM,24.557,100.000,,,,,
10021,07/12/19 05:00:00 AM,24.581,100.000,,,,,
10022,07/12/19 05:05:00 AM,24.629,100.000,,,,,
10023,07/12/19 05:10:00 AM,24.629,100.000,,,,,
10024,07/12/19 05:15:00 AM,24.653,100.000,,,,,
10025,07/12/19 05:20:00 AM,24.677,100.000,,,,,
10026,07/12/19 05:25:00 AM,24.702,100.000,,,,,
10027,07/12/19 05:30:00 AM,24.702,100.000,,,,,
10028,07/12/19 05:35:00 AM,24.677,100.000,,,,,
10029,07/12/19 05:40:00 AM,24.677,100.000,,,,,
10030,07/12/19 05:45:00 AM,24.653,100.000,,,,,
10031,07/12/19 05:50:00 AM,24.653,100.000,,,,,
10032,07/12/19 05:55:00 AM,24.653,100.000,,,,,
10033,07/12/19 06:00:00 AM,24.581,100.000,,,,,
10034,07/12/19 06:05:00 AM,24.508,100.000,,,,,
10035,07/12/19 06:10:00 AM,24.460,100.000,,,,,
10036,07/12/19 06:15:00 AM,24.412,100.000,,,,,
10037,07/12/19 06:20:00 AM,24.388,100.000,,,,,
10038,07/12/19 06:25:00 AM,24.315,100.000,,,,,
10039,07/12/19 06:30:00 AM,24.291,100.000,,,,,
10040,07/12/19 06:35:00 AM,24.291,100.000,,,,,
10041,07/12/19 06:40:00 AM,24.267,100.000,,,,,
10042,07/12/19 06:45:00 AM,24.291,100.000,,,,,
10043,07/12/19 06:50:00 AM,24.315,100.000,,,,,
10044,07/12/19 06:55:00 AM,24.291,100.000,,,,,
10045,07/12/19 07:00:00 AM,24.291,100.000,,,,,
10046,07/12/19 07:05:00 AM,24.291,100.000,,,,,
10047,07/12/19 07:10:00 AM,24.291,100.000,,,,,
10048,07/12/19 07:15:00 AM,24.267,100.000,,,,,
10049,07/12/19 07:20:00 AM,24.267,100.000,,,,,
10050,07/12/19 07:25:00 AM,24.315,100.000,,,,,
10051,07/12/19 07:30:00 AM,24.315,100.000,,,,,
10052,07/12/19 07:35:00 AM,24.315,100.000,,,,,
10053,07/12/19 07:40:00 AM,24.315,100.000,,,,,
10054,07/12/19 07:45:00 AM,24.339,100.000,,,,,
10055,07/12/19 07:50:00 AM,24.388,100.000,,,,,
10056,07/12/19 07:55:00 AM,24.460,100.000,,,,,
10057,07/12/19 08:00:00 AM,24.532,100.000,,,,,
10058,07/12/19 08:05:00 AM,24.581,100.000,,,,,
10059,07/12/19 08:10:00 AM,24.677,100.000,,,,,
10060,07/12/19 08:15:00 AM,24.774,100.000,,,,,
10061,07/12/19 08:20:00 AM,24.919,100.000,,,,,
10062,07/12/19 08:25:00 AM,25.016,100.000,,,,,
10063,07/12/19 08:30:00 AM,25.065,100.000,,,,,
10064,07/12/19 08:35:00 AM,25.065,100.000,,,,,
10065,07/12/19 08:40:00 AM,25.065,100.000,,,,,
10066,07/12/19 08:45:00 AM,25.065,100.000,,,,,
10067,07/12/19 08:50:00 AM,25.065,100.000,,,,,
10068,07/12/19 08:55:00 AM,25.065,100.000,,,,,
10069,07/12/19 09:00:00 AM,25.113,100.000,,,,,
10070,07/12/19 09:05:00 AM,25.162,100.000,,,,,
10071,07/12/19 09:10:00 AM,25.210,100.000,,,,,
10072,07/12/19 09:15:00 AM,25.210,100.000,,,,,
10073,07/12/19 09:20:00 AM,25.234,100.000,,,,,
10074,07/12/19 09:25:00 AM,25.234,100.000,,,,,
10075,07/12/19 09:30:00 AM,25.283,100.000,,,,,
10076,07/12/19 09:35:00 AM,25.331,100.000,,,,,
10077,07/12/19 09:40:00 AM,25.404,100.000,,,,,
10078,07/12/19 09:45:00 AM,25.574,100.000,,,,,
10079,07/12/19 09:50:00 AM,25.744,100.000,,,,,
10080,07/12/19 09:55:00 AM,25.890,100.000,,,,,
10081,07/12/19 10:00:00 AM,26.036,100.000,,,,,
10082,07/12/19 10:05:00 AM,26.158,100.000,,,,,
10083,07/12/19 10:10:00 AM,26.109,100.000,,,,,
10084,07/12/19 10:15:00 AM,26.085,100.000,,,,,
10085,07/12/19 10:20:00 AM,26.085,100.000,,,,,
10086,07/12/19 10:25:00 AM,26.134,100.000,,,,,
10087,07/12/19 10:30:00 AM,26.158,100.000,,,,,
10088,07/12/19 10:35:00 AM,26.182,100.000,,,,,
10089,07/12/19 10:40:00 AM,26.182,100.000,,,,,
10090,07/12/19 10:45:00 AM,26.109,100.000,,,,,
10091,07/12/19 10:50:00 AM,26.061,100.000,,,,,
10092,07/12/19 10:55:00 AM,26.036,100.000,,,,,
10093,07/12/19 11:00:00 AM,26.036,100.000,,,,,
10094,07/12/19 11:05:00 AM,26.036,100.000,,,,,
10095,07/12/19 11:10:00 AM,26.085,100.000,,,,,
10096,07/12/19 11:15:00 AM,26.109,100.000,,,,,
10097,07/12/19 11:20:00 AM,26.182,100.000,,,,,
10098,07/12/19 11:25:00 AM,26.304,100.000,,,,,
10099,07/12/19 11:30:00 AM,26.329,100.000,,,,,
10100,07/12/19 11:35:00 AM,26.256,100.000,,,,,
10101,07/12/19 11:40:00 AM,26.207,100.000,,,,,
10102,07/12/19 11:45:00 AM,26.182,100.000,,,,,
10103,07/12/19 11:50:00 AM,26.134,100.000,,,,,
10104,07/12/19 11:55:00 AM,26.085,100.000,,,,,
10105,07/12/19 12:00:00 PM,26.036,100.000,,,,,
10106,07/12/19 12:05:00 PM,25.987,100.000,,,,,
10107,07/12/19 12:10:00 PM,25.939,100.000,,,,,
10108,07/12/19 12:15:00 PM,25.963,100.000,,,,,
10109,07/12/19 12:20:00 PM,26.012,100.000,,,,,
10110,07/12/19 12:25:00 PM,26.061,100.000,,,,,
10111,07/12/19 12:30:00 PM,26.109,100.000,,,,,
10112,07/12/19 12:35:00 PM,26.182,100.000,,,,,
10113,07/12/19 12:40:00 PM,26.304,100.000,,,,,
10114,07/12/19 12:45:00 PM,26.573,100.000,,,,,
10115,07/12/19 12:50:00 PM,26.793,100.000,,,,,
10116,07/12/19 12:55:00 PM,26.989,100.000,,,,,
10117,07/12/19 01:00:00 PM,27.210,100.000,,,,,
10118,07/12/19 01:05:00 PM,27.456,100.000,,,,,
10119,07/12/19 01:10:00 PM,27.702,100.000,,,,,
10120,07/12/19 01:15:00 PM,27.899,100.000,,,,,
10121,07/12/19 01:20:00 PM,27.998,100.000,,,,,
10122,07/12/19 01:25:00 PM,27.751,100.000,,,,,
10123,07/12/19 01:30:00 PM,27.407,100.000,,,,,
10124,07/12/19 01:35:00 PM,26.769,100.000,,,,,
10125,07/12/19 01:40:00 PM,25.987,100.000,,,,,
10126,07/12/19 01:45:00 PM,24.895,100.000,,,,,
10127,07/12/19 01:50:00 PM,24.195,100.000,,,,,
10128,07/12/19 01:55:00 PM,23.857,100.000,,,,,
10129,07/12/19 02:00:00 PM,23.761,100.000,,,,,
10130,07/12/19 02:05:00 PM,23.881,100.000,,,,,
10131,07/12/19 02:10:00 PM,24.026,100.000,,,,,
10132,07/12/19 02:15:00 PM,24.002,100.000,,,,,
10133,07/12/19 02:20:00 PM,23.785,100.000,,,,,
10134,07/12/19 02:25:00 PM,23.352,100.000,,,,,
10135,07/12/19 02:30:00 PM,23.160,100.000,,,,,
10136,07/12/19 02:35:00 PM,23.040,100.000,,,,,
10137,07/12/19 02:40:00 PM,22.968,100.000,,,,,
10138,07/12/19 02:45:00 PM,22.968,100.000,,,,,
10139,07/12/19 02:50:00 PM,23.064,100.000,,,,,
10140,07/12/19 02:55:00 PM,23.160,100.000,,,,,
10141,07/12/19 03:00:00 PM,23.256,100.000,,,,,
10142,07/12/19 03:05:00 PM,23.280,100.000,,,,,
10143,07/12/19 03:10:00 PM,23.328,100.000,,,,,
10144,07/12/19 03:15:00 PM,23.376,100.000,,,,,
10145,07/12/19 03:20:00 PM,23.424,100.000,,,,,
10146,07/12/19 03:25:00 PM,23.472,100.000,,,,,
10147,07/12/19 03:30:00 PM,23.521,100.000,,,,,
10148,07/12/19 03:35:00 PM,23.545,100.000,,,,,
10149,07/12/19 03:40:00 PM,23.569,100.000,,,,,
10150,07/12/19 03:45:00 PM,23.569,100.000,,,,,
10151,07/12/19 03:50:00 PM,23.569,100.000,,,,,
10152,07/12/19 03:55:00 PM,23.569,100.000,,,,,
10153,07/12/19 04:00:00 PM,23.617,100.000,,,,,
10154,07/12/19 04:05:00 PM,23.641,100.000,,,,,
10155,07/12/19 04:10:00 PM,23.641,100.000,,,,,
10156,07/12/19 04:15:00 PM,23.665,100.000,,,,,
10157,07/12/19 04:20:00 PM,23.713,100.000,,,,,
10158,07/12/19 04:25:00 PM,23.737,100.000,,,,,
10159,07/12/19 04:30:00 PM,23.737,100.000,,,,,
10160,07/12/19 04:35:00 PM,23.761,100.000,,,,,
10161,07/12/19 04:40:00 PM,23.809,100.000,,,,,
10162,07/12/19 04:45:00 PM,23.857,100.000,,,,,
10163,07/12/19 04:50:00 PM,23.881,100.000,,,,,
10164,07/12/19 04:55:00 PM,23.905,100.000,,,,,
10165,07/12/19 05:00:00 PM,23.954,100.000,,,,,
10166,07/12/19 05:05:00 PM,23.978,100.000,,,,,
10167,07/12/19 05:10:00 PM,24.026,100.000,,,,,
10168,07/12/19 05:15:00 PM,24.074,100.000,,,,,
10169,07/12/19 05:20:00 PM,24.146,100.000,,,,,
10170,07/12/19 05:25:00 PM,24.171,100.000,,,,,
10171,07/12/19 05:30:00 PM,24.195,100.000,,,,,
10172,07/12/19 05:35:00 PM,24.219,100.000,,,,,
10173,07/12/19 05:40:00 PM,24.243,100.000,,,,,
10174,07/12/19 05:45:00 PM,24.267,100.000,,,,,
10175,07/12/19 05:50:00 PM,24.291,100.000,,,,,
10176,07/12/19 05:55:00 PM,24.267,100.000,,,,,
10177,07/12/19 06:00:00 PM,24.291,100.000,,,,,
10178,07/12/19 06:05:00 PM,24.291,100.000,,,,,
10179,07/12/19 06:10:00 PM,24.291,100.000,,,,,
10180,07/12/19 06:15:00 PM,24.315,100.000,,,,,
10181,07/12/19 06:20:00 PM,24.315,100.000,,,,,
10182,07/12/19 06:25:00 PM,24.339,100.000,,,,,
10183,07/12/19 06:30:00 PM,24.388,100.000,,,,,
10184,07/12/19 06:35:00 PM,24.436,100.000,,,,,
10185,07/12/19 06:40:00 PM,24.484,100.000,,,,,
10186,07/12/19 06:45:00 PM,24.508,100.000,,,,,
10187,07/12/19 06:50:00 PM,24.484,100.000,,,,,
10188,07/12/19 06:55:00 PM,24.484,100.000,,,,,
10189,07/12/19 07:00:00 PM,24.508,100.000,,,,,
10190,07/12/19 07:05:00 PM,24.508,100.000,,,,,
10191,07/12/19 07:10:00 PM,24.484,100.000,,,,,
10192,07/12/19 07:15:00 PM,24.484,100.000,,,,,
10193,07/12/19 07:20:00 PM,24.436,100.000,,,,,
10194,07/12/19 07:25:00 PM,24.436,100.000,,,,,
10195,07/12/19 07:30:00 PM,24.388,100.000,,,,,
10196,07/12/19 07:35:00 PM,24.388,100.000,,,,,
10197,07/12/19 07:40:00 PM,24.388,100.000,,,,,
10198,07/12/19 07:45:00 PM,24.412,100.000,,,,,
10199,07/12/19 07:50:00 PM,24.388,100.000,,,,,
10200,07/12/19 07:55:00 PM,24.388,100.000,,,,,
10201,07/12/19 08:00:00 PM,24.388,100.000,,,,,
10202,07/12/19 08:05:00 PM,24.388,100.000,,,,,
10203,07/12/19 08:10:00 PM,24.388,100.000,,,,,
10204,07/12/19 08:15:00 PM,24.412,100.000,,,,,
10205,07/12/19 08:20:00 PM,24.388,100.000,,,,,
10206,07/12/19 08:25:00 PM,24.388,100.000,,,,,
10207,07/12/19 08:30:00 PM,24.363,100.000,,,,,
10208,07/12/19 08:35:00 PM,24.339,100.000,,,,,
10209,07/12/19 08:40:00 PM,24.339,100.000,,,,,
10210,07/12/19 08:45:00 PM,24.363,100.000,,,,,
10211,07/12/19 08:50:00 PM,24.363,100.000,,,,,
10212,07/12/19 08:55:00 PM,24.363,100.000,,,,,
10213,07/12/19 09:00:00 PM,24.363,100.000,,,,,
10214,07/12/19 09:05:00 PM,24.363,100.000,,,,,
10215,07/12/19 09:10:00 PM,24.363,100.000,,,,,
10216,07/12/19 09:15:00 PM,24.363,100.000,,,,,
10217,07/12/19 09:20:00 PM,24.363,100.000,,,,,
10218,07/12/19 09:25:00 PM,24.339,100.000,,,,,
10219,07/12/19 09:30:00 PM,24.339,100.000,,,,,
10220,07/12/19 09:35:00 PM,24.339,100.000,,,,,
10221,07/12/19 09:40:00 PM,24.339,100.000,,,,,
10222,07/12/19 09:45:00 PM,24.339,100.000,,,,,
10223,07/12/19 09:50:00 PM,24.339,100.000,,,,,
10224,07/12/19 09:55:00 PM,24.339,100.000,,,,,
10225,07/12/19 10:00:00 PM,24.339,100.000,,,,,
10226,07/12/19 10:05:00 PM,24.363,100.000,,,,,
10227,07/12/19 10:10:00 PM,24.388,100.000,,,,,
10228,07/12/19 10:15:00 PM,24.388,100.000,,,,,
10229,07/12/19 10:20:00 PM,24.388,100.000,,,,,
10230,07/12/19 10:25:00 PM,24.388,100.000,,,,,
10231,07/12/19 10:30:00 PM,24.388,100.000,,,,,
10232,07/12/19 10:35:00 PM,24.388,100.000,,,,,
10233,07/12/19 10:40:00 PM,24.388,100.000,,,,,
10234,07/12/19 10:45:00 PM,24.388,100.000,,,,,
10235,07/12/19 10:50:00 PM,24.388,100.000,,,,,
10236,07/12/19 10:55:00 PM,24.412,100.000,,,,,
10237,07/12/19 11:00:00 PM,24.436,100.000,,,,,
10238,07/12/19 11:05:00 PM,24.436,100.000,,,,,
10239,07/12/19 11:10:00 PM,24.460,100.000,,,,,
10240,07/12/19 11:15:00 PM,24.484,100.000,,,,,
10241,07/12/19 11:20:00 PM,24.484,100.000,,,,,
10242,07/12/19 11:25:00 PM,24.484,100.000,,,,,
10243,07/12/19 11:30:00 PM,24.508,100.000,,,,,
10244,07/12/19 11:35:00 PM,24.508,100.000,,,,,
10245,07/12/19 11:40:00 PM,24.532,100.000,,,,,
10246,07/12/19 11:45:00 PM,24.557,100.000,,,,,
10247,07/12/19 11:50:00 PM,24.581,100.000,,,,,
10248,07/12/19 11:55:00 PM,24.581,100.000,,,,,
10249,07/13/19 12:00:00 AM,24.581,100.000,,,,,
10250,07/13/19 12:05:00 AM,24.605,100.000,,,,,
10251,07/13/19 12:10:00 AM,24.629,100.000,,,,,
10252,07/13/19 12:15:00 AM,24.677,100.000,,,,,
10253,07/13/19 12:20:00 AM,24.677,100.000,,,,,
10254,07/13/19 12:25:00 AM,24.653,100.000,,,,,
10255,07/13/19 12:30:00 AM,24.653,100.000,,,,,
10256,07/13/19 12:35:00 AM,24.653,100.000,,,,,
10257,07/13/19 12:40:00 AM,24.653,100.000,,,,,
10258,07/13/19 12:45:00 AM,24.653,100.000,,,,,
10259,07/13/19 12:50:00 AM,24.677,100.000,,,,,
10260,07/13/19 12:55:00 AM,24.677,100.000,,,,,
10261,07/13/19 01:00:00 AM,24.702,100.000,,,,,
10262,07/13/19 01:05:00 AM,24.798,100.000,,,,,
10263,07/13/19 01:10:00 AM,24.629,100.000,,,,,
10264,07/13/19 01:15:00 AM,24.267,100.000,,,,,
10265,07/13/19 01:20:00 AM,23.930,100.000,,,,,
10266,07/13/19 01:25:00 AM,23.713,100.000,,,,,
10267,07/13/19 01:30:00 AM,23.448,100.000,,,,,
10268,07/13/19 01:35:00 AM,23.280,100.000,,,,,
10269,07/13/19 01:40:00 AM,23.160,100.000,,,,,
10270,07/13/19 01:45:00 AM,23.136,100.000,,,,,
10271,07/13/19 01:50:00 AM,23.112,100.000,,,,,
10272,07/13/19 01:55:00 AM,23.064,100.000,,,,,
10273,07/13/19 02:00:00 AM,23.040,100.000,,,,,
10274,07/13/19 02:05:00 AM,23.064,100.000,,,,,
10275,07/13/19 02:10:00 AM,22.968,100.000,,,,,
10276,07/13/19 02:15:00 AM,22.872,100.000,,,,,
10277,07/13/19 02:20:00 AM,22.800,100.000,,,,,
10278,07/13/19 02:25:00 AM,22.705,100.000,,,,,
10279,07/13/19 02:30:00 AM,22.681,100.000,,,,,
10280,07/13/19 02:35:00 AM,22.657,100.000,,,,,
10281,07/13/19 02:40:00 AM,22.633,100.000,,,,,
10282,07/13/19 02:45:00 AM,22.609,100.000,,,,,
10283,07/13/19 02:50:00 AM,22.609,100.000,,,,,
10284,07/13/19 02:55:00 AM,22.609,100.000,,,,,
10285,07/13/19 03:00:00 AM,22.633,100.000,,,,,
10286,07/13/19 03:05:00 AM,22.657,100.000,,,,,
10287,07/13/19 03:10:00 AM,22.681,100.000,,,,,
10288,07/13/19 03:15:00 AM,22.729,100.000,,,,,
10289,07/13/19 03:20:00 AM,22.729,100.000,,,,,
10290,07/13/19 03:25:00 AM,22.705,100.000,,,,,
10291,07/13/19 03:30:00 AM,22.729,100.000,,,,,
10292,07/13/19 03:35:00 AM,22.753,100.000,,,,,
10293,07/13/19 03:40:00 AM,22.729,100.000,,,,,
10294,07/13/19 03:45:00 AM,22.729,100.000,,,,,
10295,07/13/19 03:50:00 AM,22.753,100.000,,,,,
10296,07/13/19 03:55:00 AM,22.753,100.000,,,,,
10297,07/13/19 04:00:00 AM,22.776,100.000,,,,,
10298,07/13/19 04:05:00 AM,22.776,100.000,,,,,
10299,07/13/19 04:10:00 AM,22.753,100.000,,,,,
10300,07/13/19 04:15:00 AM,22.729,100.000,,,,,
10301,07/13/19 04:20:00 AM,22.705,100.000,,,,,
10302,07/13/19 04:25:00 AM,22.729,100.000,,,,,
10303,07/13/19 04:30:00 AM,22.753,100.000,,,,,
10304,07/13/19 04:35:00 AM,22.800,100.000,,,,,
10305,07/13/19 04:40:00 AM,22.800,100.000,,,,,
10306,07/13/19 04:45:00 AM,22.848,100.000,,,,,
10307,07/13/19 04:50:00 AM,22.848,100.000,,,,,
10308,07/13/19 04:55:00 AM,22.848,100.000,,,,,
10309,07/13/19 05:00:00 AM,22.872,100.000,,,,,
10310,07/13/19 05:05:00 AM,22.872,100.000,,,,,
10311,07/13/19 05:10:00 AM,22.848,100.000,,,,,
10312,07/13/19 05:15:00 AM,22.872,100.000,,,,,
10313,07/13/19 05:20:00 AM,22.872,100.000,,,,,
10314,07/13/19 05:25:00 AM,22.872,100.000,,,,,
10315,07/13/19 05:30:00 AM,22.896,100.000,,,,,
10316,07/13/19 05:35:00 AM,22.896,100.000,,,,,
10317,07/13/19 05:40:00 AM,22.896,100.000,,,,,
10318,07/13/19 05:45:00 AM,22.896,100.000,,,,,
10319,07/13/19 05:50:00 AM,22.896,100.000,,,,,
10320,07/13/19 05:55:00 AM,22.920,100.000,,,,,
10321,07/13/19 06:00:00 AM,22.920,100.000,,,,,
10322,07/13/19 06:05:00 AM,22.920,100.000,,,,,
10323,07/13/19 06:10:00 AM,22.920,100.000,,,,,
10324,07/13/19 06:15:00 AM,22.944,100.000,,,,,
10325,07/13/19 06:20:00 AM,22.944,100.000,,,,,
10326,07/13/19 06:25:00 AM,22.944,100.000,,,,,
10327,07/13/19 06:30:00 AM,22.944,100.000,,,,,
10328,07/13/19 06:35:00 AM,22.896,100.000,,,,,
10329,07/13/19 06:40:00 AM,22.896,100.000,,,,,
10330,07/13/19 06:45:00 AM,22.920,100.000,,,,,
10331,07/13/19 06:50:00 AM,22.944,100.000,,,,,
10332,07/13/19 06:55:00 AM,22.944,100.000,,,,,
10333,07/13/19 07:00:00 AM,22.944,100.000,,,,,
10334,07/13/19 07:05:00 AM,22.944,100.000,,,,,
10335,07/13/19 07:10:00 AM,22.968,100.000,,,,,
10336,07/13/19 07:15:00 AM,22.992,100.000,,,,,
10337,07/13/19 07:20:00 AM,23.016,100.000,,,,,
10338,07/13/19 07:25:00 AM,23.064,100.000,,,,,
10339,07/13/19 07:30:00 AM,23.088,100.000,,,,,
10340,07/13/19 07:35:00 AM,23.112,100.000,,,,,
10341,07/13/19 07:40:00 AM,23.136,100.000,,,,,
10342,07/13/19 07:45:00 AM,23.160,100.000,,,,,
10343,07/13/19 07:50:00 AM,23.208,100.000,,,,,
10344,07/13/19 07:55:00 AM,23.232,100.000,,,,,
10345,07/13/19 08:00:00 AM,23.280,100.000,,,,,
10346,07/13/19 08:05:00 AM,23.304,100.000,,,,,
10347,07/13/19 08:10:00 AM,23.328,100.000,,,,,
10348,07/13/19 08:15:00 AM,23.376,100.000,,,,,
10349,07/13/19 08:20:00 AM,23.400,100.000,,,,,
10350,07/13/19 08:25:00 AM,23.472,100.000,,,,,
10351,07/13/19 08:30:00 AM,23.569,100.000,,,,,
10352,07/13/19 08:35:00 AM,23.665,100.000,,,,,
10353,07/13/19 08:40:00 AM,23.785,100.000,,,,,
10354,07/13/19 08:45:00 AM,23.905,100.000,,,,,
10355,07/13/19 08:50:00 AM,24.026,100.000,,,,,
10356,07/13/19 08:55:00 AM,24.146,100.000,,,,,
10357,07/13/19 09:00:00 AM,24.267,100.000,,,,,
10358,07/13/19 09:05:00 AM,24.388,100.000,,,,,
10359,07/13/19 09:10:00 AM,24.532,100.000,,,,,
10360,07/13/19 09:15:00 AM,24.677,100.000,,,,,
10361,07/13/19 09:20:00 AM,24.798,100.000,,,,,
10362,07/13/19 09:25:00 AM,24.944,100.000,,,,,
10363,07/13/19 09:30:00 AM,25.065,100.000,,,,,
10364,07/13/19 09:35:00 AM,25.186,100.000,,,,,
10365,07/13/19 09:40:00 AM,25.355,100.000,,,,,
10366,07/13/19 09:45:00 AM,25.550,100.000,,,,,
10367,07/13/19 09:50:00 AM,25.695,100.000,,,,,
10368,07/13/19 09:55:00 AM,25.768,100.000,,,,,
10369,07/13/19 10:00:00 AM,25.866,100.000,,,,,
10370,07/13/19 10:05:00 AM,25.939,100.000,,,,,
10371,07/13/19 10:10:00 AM,26.085,100.000,,,,,
10372,07/13/19 10:15:00 AM,26.182,100.000,,,,,
10373,07/13/19 10:20:00 AM,26.256,100.000,,,,,
10374,07/13/19 10:25:00 AM,26.329,100.000,,,,,
10375,07/13/19 10:30:00 AM,26.426,100.000,,,,,
10376,07/13/19 10:35:00 AM,26.573,100.000,,,,,
10377,07/13/19 10:40:00 AM,26.744,100.000,,,,,
10378,07/13/19 10:45:00 AM,26.867,100.000,,,,,
10379,07/13/19 10:50:00 AM,26.965,100.000,,,,,
10380,07/13/19 10:55:00 AM,27.014,100.000,,,,,
10381,07/13/19 11:00:00 AM,27.136,100.000,,,,,
10382,07/13/19 11:05:00 AM,27.259,100.000,,,,,
10383,07/13/19 11:10:00 AM,27.308,100.000,,,,,
10384,07/13/19 11:15:00 AM,27.358,100.000,,,,,
10385,07/13/19 11:20:00 AM,27.358,100.000,,,,,
10386,07/13/19 11:25:00 AM,27.308,100.000,,,,,
10387,07/13/19 11:30:00 AM,27.308,100.000,,,,,
10388,07/13/19 11:35:00 AM,27.284,100.000,,,,,
10389,07/13/19 11:40:00 AM,27.284,100.000,,,,,
10390,07/13/19 11:45:00 AM,27.333,100.000,,,,,
10391,07/13/19 11:50:00 AM,27.358,100.000,,,,,
10392,07/13/19 11:55:00 AM,27.358,100.000,,,,,
10393,07/13/19 12:00:00 PM,27.481,100.000,,,,,
10394,07/13/19 12:05:00 PM,27.530,100.000,,,,,
10395,07/13/19 12:10:00 PM,27.653,100.000,,,,,
10396,07/13/19 12:15:00 PM,27.924,100.000,,,,,
10397,07/13/19 12:20:00 PM,28.048,100.000,,,,,
10398,07/13/19 12:25:00 PM,28.048,100.000,,,,,
10399,07/13/19 12:30:00 PM,27.949,100.000,,,,,
10400,07/13/19 12:35:00 PM,27.924,100.000,,,,,
10401,07/13/19 12:40:00 PM,28.023,100.000,,,,,
10402,07/13/19 12:45:00 PM,28.270,100.000,,,,,
10403,07/13/19 12:50:00 PM,28.369,100.000,,,,,
10404,07/13/19 12:55:00 PM,28.369,100.000,,,,,
10405,07/13/19 01:00:00 PM,28.394,100.000,,,,,
10406,07/13/19 01:05:00 PM,28.394,100.000,,,,,
10407,07/13/19 01:10:00 PM,28.245,100.000,,,,,
10408,07/13/19 01:15:00 PM,28.196,100.000,,,,,
10409,07/13/19 01:20:00 PM,28.196,100.000,,,,,
10410,07/13/19 01:25:00 PM,28.295,100.000,,,,,
10411,07/13/19 01:30:00 PM,28.320,100.000,,,,,
10412,07/13/19 01:35:00 PM,28.196,100.000,,,,,
10413,07/13/19 01:40:00 PM,28.147,100.000,,,,,
10414,07/13/19 01:45:00 PM,28.245,100.000,,,,,
10415,07/13/19 01:50:00 PM,28.270,100.000,,,,,
10416,07/13/19 01:55:00 PM,28.270,100.000,,,,,
10417,07/13/19 02:00:00 PM,28.419,100.000,,,,,
10418,07/13/19 02:05:00 PM,28.642,100.000,,,,,
10419,07/13/19 02:10:00 PM,28.766,100.000,,,,,
10420,07/13/19 02:15:00 PM,28.965,100.000,,,,,
10421,07/13/19 02:20:00 PM,29.190,100.000,,,,,
10422,07/13/19 02:25:00 PM,29.240,100.000,,,,,
10423,07/13/19 02:30:00 PM,29.389,100.000,,,,,
10424,07/13/19 02:35:00 PM,29.389,100.000,,,,,
10425,07/13/19 02:40:00 PM,29.615,100.000,,,,,
10426,07/13/19 02:45:00 PM,29.615,100.000,,,,,
10427,07/13/19 02:50:00 PM,29.715,100.000,,,,,
10428,07/13/19 02:55:00 PM,29.840,100.000,,,,,
10429,07/13/19 03:00:00 PM,29.740,100.000,,,,,
10430,07/13/19 03:05:00 PM,29.765,100.000,,,,,
10431,07/13/19 03:10:00 PM,29.916,100.000,,,,,
10432,07/13/19 03:15:00 PM,29.966,100.000,,,,,
10433,07/13/19 03:20:00 PM,29.966,100.000,,,,,
10434,07/13/19 03:25:00 PM,29.840,100.000,,,,,
10435,07/13/19 03:30:00 PM,29.865,100.000,,,,,
10436,07/13/19 03:35:00 PM,29.865,100.000,,,,,
10437,07/13/19 03:40:00 PM,29.966,100.000,,,,,
10438,07/13/19 03:45:00 PM,29.991,100.000,,,,,
10439,07/13/19 03:50:00 PM,29.615,100.000,,,,,
10440,07/13/19 03:55:00 PM,29.540,100.000,,,,,
10441,07/13/19 04:00:00 PM,29.414,100.000,,,,,
10442,07/13/19 04:05:00 PM,29.240,100.000,,,,,
10443,07/13/19 04:10:00 PM,29.140,100.000,,,,,
10444,07/13/19 04:15:00 PM,29.190,100.000,,,,,
10445,07/13/19 04:20:00 PM,29.290,100.000,,,,,
10446,07/13/19 04:25:00 PM,29.365,100.000,,,,,
10447,07/13/19 04:30:00 PM,29.315,100.000,,,,,
10448,07/13/19 04:35:00 PM,29.240,100.000,,,,,
10449,07/13/19 04:40:00 PM,29.290,100.000,,,,,
10450,07/13/19 04:45:00 PM,29.340,100.000,,,,,
10451,07/13/19 04:50:00 PM,29.265,100.000,,,,,
10452,07/13/19 04:55:00 PM,29.190,100.000,,,,,
10453,07/13/19 05:00:00 PM,29.215,100.000,,,,,
10454,07/13/19 05:05:00 PM,29.315,100.000,,,,,
10455,07/13/19 05:10:00 PM,29.365,100.000,,,,,
10456,07/13/19 05:15:00 PM,29.389,100.000,,,,,
10457,07/13/19 05:20:00 PM,29.490,100.000,,,,,
10458,07/13/19 05:25:00 PM,29.615,100.000,,,,,
10459,07/13/19 05:30:00 PM,29.640,100.000,,,,,
10460,07/13/19 05:35:00 PM,29.715,100.000,,,,,
10461,07/13/19 05:40:00 PM,29.916,100.000,,,,,
10462,07/13/19 05:45:00 PM,30.041,100.000,,,,,
10463,07/13/19 05:50:00 PM,30.016,100.000,,,,,
10464,07/13/19 05:55:00 PM,29.740,100.000,,,,,
10465,07/13/19 06:00:00 PM,29.540,100.000,,,,,
10466,07/13/19 06:05:00 PM,29.365,100.000,,,,,
10467,07/13/19 06:10:00 PM,29.215,100.000,,,,,
10468,07/13/19 06:15:00 PM,29.090,100.000,,,,,
10469,07/13/19 06:20:00 PM,28.941,100.000,,,,,
10470,07/13/19 06:25:00 PM,28.841,100.000,,,,,
10471,07/13/19 06:30:00 PM,28.742,100.000,,,,,
10472,07/13/19 06:35:00 PM,28.667,100.000,,,,,
10473,07/13/19 06:40:00 PM,28.617,100.000,,,,,
10474,07/13/19 06:45:00 PM,28.593,100.000,,,,,
10475,07/13/19 06:50:00 PM,28.543,100.000,,,,,
10476,07/13/19 06:55:00 PM,28.568,100.000,,,,,
10477,07/13/19 07:00:00 PM,28.593,100.000,,,,,
10478,07/13/19 07:05:00 PM,28.593,100.000,,,,,
10479,07/13/19 07:10:00 PM,28.568,100.000,,,,,
10480,07/13/19 07:15:00 PM,28.568,100.000,,,,,
10481,07/13/19 07:20:00 PM,28.568,100.000,,,,,
10482,07/13/19 07:25:00 PM,28.543,100.000,,,,,
10483,07/13/19 07:30:00 PM,28.493,100.000,,,,,
10484,07/13/19 07:35:00 PM,28.419,100.000,,,,,
10485,07/13/19 07:40:00 PM,28.345,100.000,,,,,
10486,07/13/19 07:45:00 PM,28.245,100.000,,,,,
10487,07/13/19 07:50:00 PM,28.122,100.000,,,,,
10488,07/13/19 07:55:00 PM,28.023,100.000,,,,,
10489,07/13/19 08:00:00 PM,27.899,100.000,,,,,
10490,07/13/19 08:05:00 PM,27.825,100.000,,,,,
10491,07/13/19 08:10:00 PM,27.727,100.000,,,,,
10492,07/13/19 08:15:00 PM,27.653,100.000,,,,,
10493,07/13/19 08:20:00 PM,27.554,100.000,,,,,
10494,07/13/19 08:25:00 PM,27.481,100.000,,,,,
10495,07/13/19 08:30:00 PM,27.382,100.000,,,,,
10496,07/13/19 08:35:00 PM,27.333,100.000,,,,,
10497,07/13/19 08:40:00 PM,27.259,100.000,,,,,
10498,07/13/19 08:45:00 PM,27.235,100.000,,,,,
10499,07/13/19 08:50:00 PM,27.161,100.000,,,,,
10500,07/13/19 08:55:00 PM,27.112,100.000,,,,,
10501,07/13/19 09:00:00 PM,27.063,100.000,,,,,
10502,07/13/19 09:05:00 PM,27.014,100.000,,,,,
10503,07/13/19 09:10:00 PM,26.965,100.000,,,,,
10504,07/13/19 09:15:00 PM,26.916,100.000,,,,,
10505,07/13/19 09:20:00 PM,26.867,100.000,,,,,
10506,07/13/19 09:25:00 PM,26.818,100.000,,,,,
10507,07/13/19 09:30:00 PM,26.793,100.000,,,,,
10508,07/13/19 09:35:00 PM,26.744,100.000,,,,,
10509,07/13/19 09:40:00 PM,26.720,100.000,,,,,
10510,07/13/19 09:45:00 PM,26.695,100.000,,,,,
10511,07/13/19 09:50:00 PM,26.646,100.000,,,,,
10512,07/13/19 09:55:00 PM,26.646,100.000,,,,,
10513,07/13/19 10:00:00 PM,26.598,100.000,,,,,
10514,07/13/19 10:05:00 PM,26.573,100.000,,,,,
10515,07/13/19 10:10:00 PM,26.524,100.000,,,,,
10516,07/13/19 10:15:00 PM,26.500,100.000,,,,,
10517,07/13/19 10:20:00 PM,26.451,100.000,,,,,
10518,07/13/19 10:25:00 PM,26.426,100.000,,,,,
10519,07/13/19 10:30:00 PM,26.378,100.000,,,,,
10520,07/13/19 10:35:00 PM,26.378,100.000,,,,,
10521,07/13/19 10:40:00 PM,26.329,100.000,,,,,
10522,07/13/19 10:45:00 PM,26.304,100.000,,,,,
10523,07/13/19 10:50:00 PM,26.280,100.000,,,,,
10524,07/13/19 10:55:00 PM,26.256,100.000,,,,,
10525,07/13/19 11:00:00 PM,26.231,100.000,,,,,
10526,07/13/19 11:05:00 PM,26.207,100.000,,,,,
10527,07/13/19 11:10:00 PM,26.182,100.000,,,,,
10528,07/13/19 11:15:00 PM,26.158,100.000,,,,,
10529,07/13/19 11:20:00 PM,26.158,100.000,,,,,
10530,07/13/19 11:25:00 PM,26.158,100.000,,,,,
10531,07/13/19 11:30:00 PM,26.134,100.000,,,,,
10532,07/13/19 11:35:00 PM,26.085,100.000,,,,,
10533,07/13/19 11:40:00 PM,26.036,100.000,,,,,
10534,07/13/19 11:45:00 PM,25.987,100.000,,,,,
10535,07/13/19 11:50:00 PM,25.963,100.000,,,,,
10536,07/13/19 11:55:00 PM,25.939,100.000,,,,,
10537,07/14/19 12:00:00 AM,25.914,100.000,,,,,
10538,07/14/19 12:05:00 AM,25.890,100.000,,,,,
10539,07/14/19 12:10:00 AM,25.890,100.000,,,,,
10540,07/14/19 12:15:00 AM,25.890,100.000,,,,,
10541,07/14/19 12:20:00 AM,25.841,100.000,,,,,
10542,07/14/19 12:25:00 AM,25.841,100.000,,,,,
10543,07/14/19 12:30:00 AM,25.817,100.000,,,,,
10544,07/14/19 12:35:00 AM,25.744,100.000,,,,,
10545,07/14/19 12:40:00 AM,25.695,100.000,,,,,
10546,07/14/19 12:45:00 AM,25.623,100.000,,,,,
10547,07/14/19 12:50:00 AM,25.574,100.000,,,,,
10548,07/14/19 12:55:00 AM,25.525,100.000,,,,,
10549,07/14/19 01:00:00 AM,25.477,100.000,,,,,
10550,07/14/19 01:05:00 AM,25.477,100.000,,,,,
10551,07/14/19 01:10:00 AM,25.477,100.000,,,,,
10552,07/14/19 01:15:00 AM,25.501,100.000,,,,,
10553,07/14/19 01:20:00 AM,25.453,100.000,,,,,
10554,07/14/19 01:25:00 AM,25.404,100.000,,,,,
10555,07/14/19 01:30:00 AM,25.355,100.000,,,,,
10556,07/14/19 01:35:00 AM,25.331,100.000,,,,,
10557,07/14/19 01:40:00 AM,25.283,100.000,,,,,
10558,07/14/19 01:45:00 AM,25.283,100.000,,,,,
10559,07/14/19 01:50:00 AM,25.258,100.000,,,,,
10560,07/14/19 01:55:00 AM,25.258,100.000,,,,,
10561,07/14/19 02:00:00 AM,25.258,100.000,,,,,
10562,07/14/19 02:05:00 AM,25.210,100.000,,,,,
10563,07/14/19 02:10:00 AM,25.234,100.000,,,,,
10564,07/14/19 02:15:00 AM,25.210,100.000,,,,,
10565,07/14/19 02:20:00 AM,25.162,100.000,,,,,
10566,07/14/19 02:25:00 AM,25.162,100.000,,,,,
10567,07/14/19 02:30:00 AM,25.137,100.000,,,,,
10568,07/14/19 02:35:00 AM,25.113,100.000,,,,,
10569,07/14/19 02:40:00 AM,25.089,100.000,,,,,
10570,07/14/19 02:45:00 AM,25.065,100.000,,,,,
10571,07/14/19 02:50:00 AM,25.089,100.000,,,,,
10572,07/14/19 02:55:00 AM,25.065,100.000,,,,,
10573,07/14/19 03:00:00 AM,25.040,100.000,,,,,
10574,07/14/19 03:05:00 AM,25.016,100.000,,,,,
10575,07/14/19 03:10:00 AM,25.016,100.000,,,,,
10576,07/14/19 03:15:00 AM,24.968,100.000,,,,,
10577,07/14/19 03:20:00 AM,24.968,100.000,,,,,
10578,07/14/19 03:25:00 AM,25.016,100.000,,,,,
10579,07/14/19 03:30:00 AM,24.968,100.000,,,,,
10580,07/14/19 03:35:00 AM,24.968,100.000,,,,,
10581,07/14/19 03:40:00 AM,24.919,100.000,,,,,
10582,07/14/19 03:45:00 AM,24.895,100.000,,,,,
10583,07/14/19 03:50:00 AM,24.871,100.000,,,,,
10584,07/14/19 03:55:00 AM,24.871,100.000,,,,,
10585,07/14/19 04:00:00 AM,24.871,100.000,,,,,
10586,07/14/19 04:05:00 AM,24.823,100.000,,,,,
10587,07/14/19 04:10:00 AM,24.774,100.000,,,,,
10588,07/14/19 04:15:00 AM,24.774,100.000,,,,,
10589,07/14/19 04:20:00 AM,24.774,100.000,,,,,
10590,07/14/19 04:25:00 AM,24.726,100.000,,,,,
10591,07/14/19 04:30:00 AM,24.677,100.000,,,,,
10592,07/14/19 04:35:00 AM,24.653,100.000,,,,,
10593,07/14/19 04:40:00 AM,24.629,100.000,,,,,
10594,07/14/19 04:45:00 AM,24.605,100.000,,,,,
10595,07/14/19 04:50:00 AM,24.581,100.000,,,,,
10596,07/14/19 04:55:00 AM,24.629,100.000,,,,,
10597,07/14/19 05:00:00 AM,24.653,100.000,,,,,
10598,07/14/19 05:05:00 AM,24.653,100.000,,,,,
10599,07/14/19 05:10:00 AM,24.605,100.000,,,,,
10600,07/14/19 05:15:00 AM,24.581,100.000,,,,,
10601,07/14/19 05:20:00 AM,24.508,100.000,,,,,
10602,07/14/19 05:25:00 AM,24.484,100.000,,,,,
10603,07/14/19 05:30:00 AM,24.460,100.000,,,,,
10604,07/14/19 05:35:00 AM,24.412,100.000,,,,,
10605,07/14/19 05:40:00 AM,24.436,100.000,,,,,
10606,07/14/19 05:45:00 AM,24.412,100.000,,,,,
10607,07/14/19 05:50:00 AM,24.388,100.000,,,,,
10608,07/14/19 05:55:00 AM,24.388,100.000,,,,,
10609,07/14/19 06:00:00 AM,24.315,100.000,,,,,
10610,07/14/19 06:05:00 AM,24.267,100.000,,,,,
10611,07/14/19 06:10:00 AM,24.243,100.000,,,,,
10612,07/14/19 06:15:00 AM,24.195,100.000,,,,,
10613,07/14/19 06:20:00 AM,24.243,100.000,,,,,
10614,07/14/19 06:25:00 AM,24.291,100.000,,,,,
10615,07/14/19 06:30:00 AM,24.243,100.000,,,,,
10616,07/14/19 06:35:00 AM,24.195,100.000,,,,,
10617,07/14/19 06:40:00 AM,24.171,100.000,,,,,
10618,07/14/19 06:45:00 AM,24.171,100.000,,,,,
10619,07/14/19 06:50:00 AM,24.171,100.000,,,,,
10620,07/14/19 06:55:00 AM,24.171,100.000,,,,,
10621,07/14/19 07:00:00 AM,24.171,100.000,,,,,
10622,07/14/19 07:05:00 AM,24.195,100.000,,,,,
10623,07/14/19 07:10:00 AM,24.243,100.000,,,,,
10624,07/14/19 07:15:00 AM,24.291,100.000,,,,,
10625,07/14/19 07:20:00 AM,24.339,100.000,,,,,
10626,07/14/19 07:25:00 AM,24.363,100.000,,,,,
10627,07/14/19 07:30:00 AM,24.388,100.000,,,,,
10628,07/14/19 07:35:00 AM,24.436,100.000,,,,,
10629,07/14/19 07:40:00 AM,24.508,100.000,,,,,
10630,07/14/19 07:45:00 AM,24.557,100.000,,,,,
10631,07/14/19 07:50:00 AM,24.581,100.000,,,,,
10632,07/14/19 07:55:00 AM,24.629,100.000,,,,,
10633,07/14/19 08:00:00 AM,24.677,100.000,,,,,
10634,07/14/19 08:05:00 AM,24.702,100.000,,,,,
10635,07/14/19 08:10:00 AM,24.750,100.000,,,,,
10636,07/14/19 08:15:00 AM,24.774,100.000,,,,,
10637,07/14/19 08:20:00 AM,24.823,100.000,,,,,
10638,07/14/19 08:25:00 AM,24.895,100.000,,,,,
10639,07/14/19 08:30:00 AM,24.944,100.000,,,,,
10640,07/14/19 08:35:00 AM,25.016,100.000,,,,,
10641,07/14/19 08:40:00 AM,25.065,100.000,,,,,
10642,07/14/19 08:45:00 AM,25.162,100.000,,,,,
10643,07/14/19 08:50:00 AM,25.258,100.000,,,,,
10644,07/14/19 08:55:00 AM,25.355,100.000,,,,,
10645,07/14/19 09:00:00 AM,25.453,100.000,,,,,
10646,07/14/19 09:05:00 AM,25.550,100.000,,,,,
10647,07/14/19 09:10:00 AM,25.647,100.000,,,,,
10648,07/14/19 09:15:00 AM,25.720,100.000,,,,,
10649,07/14/19 09:20:00 AM,25.744,100.000,,,,,
10650,07/14/19 09:25:00 AM,25.793,100.000,,,,,
10651,07/14/19 09:30:00 AM,25.866,100.000,,,,,
10652,07/14/19 09:35:00 AM,25.939,100.000,,,,,
10653,07/14/19 09:40:00 AM,26.012,100.000,,,,,
10654,07/14/19 09:45:00 AM,26.134,100.000,,,,,
10655,07/14/19 09:50:00 AM,26.231,100.000,,,,,
10656,07/14/19 09:55:00 AM,26.329,100.000,,,,,
10657,07/14/19 10:00:00 AM,26.426,100.000,,,,,
10658,07/14/19 10:05:00 AM,26.549,100.000,,,,,
10659,07/14/19 10:10:00 AM,26.622,100.000,,,,,
10660,07/14/19 10:15:00 AM,26.671,100.000,,,,,
10661,07/14/19 10:20:00 AM,26.769,100.000,,,,,
10662,07/14/19 10:25:00 AM,26.842,100.000,,,,,
10663,07/14/19 10:30:00 AM,26.916,100.000,,,,,
10664,07/14/19 10:35:00 AM,26.965,100.000,,,,,
10665,07/14/19 10:40:00 AM,27.087,100.000,,,,,
10666,07/14/19 10:45:00 AM,27.235,100.000,,,,,
10667,07/14/19 10:50:00 AM,27.407,100.000,,,,,
10668,07/14/19 10:55:00 AM,27.530,100.000,,,,,
10669,07/14/19 11:00:00 AM,27.530,100.000,,,,,
10670,07/14/19 11:05:00 AM,27.579,100.000,,,,,
10671,07/14/19 11:10:00 AM,27.727,100.000,,,,,
10672,07/14/19 11:15:00 AM,27.801,100.000,,,,,
10673,07/14/19 11:20:00 AM,27.924,100.000,,,,,
10674,07/14/19 11:25:00 AM,28.023,100.000,,,,,
10675,07/14/19 11:30:00 AM,28.122,100.000,,,,,
10676,07/14/19 11:35:00 AM,28.171,100.000,,,,,
10677,07/14/19 11:40:00 AM,28.295,100.000,,,,,
10678,07/14/19 11:45:00 AM,28.419,100.000,,,,,
10679,07/14/19 11:50:00 AM,28.543,100.000,,,,,
10680,07/14/19 11:55:00 AM,28.667,100.000,,,,,
10681,07/14/19 12:00:00 PM,28.642,100.000,,,,,
10682,07/14/19 12:05:00 PM,28.568,100.000,,,,,
10683,07/14/19 12:10:00 PM,28.642,100.000,,,,,
10684,07/14/19 12:15:00 PM,28.766,100.000,,,,,
10685,07/14/19 12:20:00 PM,28.866,100.000,,,,,
10686,07/14/19 12:25:00 PM,28.866,100.000,,,,,
10687,07/14/19 12:30:00 PM,28.941,100.000,,,,,
10688,07/14/19 12:35:00 PM,28.990,100.000,,,,,
10689,07/14/19 12:40:00 PM,28.965,100.000,,,,,
10690,07/14/19 12:45:00 PM,28.941,100.000,,,,,
10691,07/14/19 12:50:00 PM,28.941,100.000,,,,,
10692,07/14/19 12:55:00 PM,28.916,100.000,,,,,
10693,07/14/19 01:00:00 PM,28.866,100.000,,,,,
10694,07/14/19 01:05:00 PM,28.816,100.000,,,,,
10695,07/14/19 01:10:00 PM,28.742,100.000,,,,,
10696,07/14/19 01:15:00 PM,28.742,100.000,,,,,
10697,07/14/19 01:20:00 PM,28.891,100.000,,,,,
10698,07/14/19 01:25:00 PM,29.040,100.000,,,,,
10699,07/14/19 01:30:00 PM,29.215,100.000,,,,,
10700,07/14/19 01:35:00 PM,29.389,100.000,,,,,
10701,07/14/19 01:40:00 PM,29.540,100.000,,,,,
10702,07/14/19 01:45:00 PM,29.615,100.000,,,,,
10703,07/14/19 01:50:00 PM,29.615,100.000,,,,,
10704,07/14/19 01:55:00 PM,29.640,100.000,,,,,
10705,07/14/19 02:00:00 PM,29.690,100.000,,,,,
10706,07/14/19 02:05:00 PM,29.765,100.000,,,,,
10707,07/14/19 02:10:00 PM,29.865,100.000,,,,,
10708,07/14/19 02:15:00 PM,29.991,100.000,,,,,
10709,07/14/19 02:20:00 PM,30.167,100.000,,,,,
10710,07/14/19 02:25:00 PM,30.495,100.000,,,,,
10711,07/14/19 02:30:00 PM,30.849,100.000,,,,,
10712,07/14/19 02:35:00 PM,31.179,100.000,,,,,
10713,07/14/19 02:40:00 PM,31.510,100.000,,,,,
10714,07/14/19 02:45:00 PM,31.714,100.000,,,,,
10715,07/14/19 02:50:00 PM,31.919,100.000,,,,,
10716,07/14/19 02:55:00 PM,32.124,100.000,,,,,
10717,07/14/19 03:00:00 PM,32.253,100.000,,,,,
10718,07/14/19 03:05:00 PM,32.278,100.000,,,,,
10719,07/14/19 03:10:00 PM,32.407,100.000,,,,,
10720,07/14/19 03:15:00 PM,32.381,100.000,,,,,
10721,07/14/19 03:20:00 PM,32.253,100.000,,,,,
10722,07/14/19 03:25:00 PM,32.073,100.000,,,,,
10723,07/14/19 03:30:00 PM,31.919,99.784,,,,,
10724,07/14/19 03:35:00 PM,31.791,99.397,,,,,
10725,07/14/19 03:40:00 PM,31.714,99.132,,,,,
10726,07/14/19 03:45:00 PM,31.637,98.458,,,,,
10727,07/14/19 03:50:00 PM,31.535,97.885,,,,,
10728,07/14/19 03:55:00 PM,31.281,97.601,,,,,
10729,07/14/19 04:00:00 PM,31.001,97.584,,,,,
10730,07/14/19 04:05:00 PM,30.798,97.477,,,,,
10731,07/14/19 04:10:00 PM,30.596,97.752,,,,,
10732,07/14/19 04:15:00 PM,30.495,97.890,,,,,
10733,07/14/19 04:20:00 PM,30.545,98.012,,,,,
10734,07/14/19 04:25:00 PM,30.646,97.902,,,,,
10735,07/14/19 04:30:00 PM,30.697,98.105,,,,,
10736,07/14/19 04:35:00 PM,30.697,97.888,,,,,
10737,07/14/19 04:40:00 PM,30.697,97.997,,,,,
10738,07/14/19 04:45:00 PM,30.621,97.922,,,,,
10739,07/14/19 04:50:00 PM,30.495,97.781,,,,,
10740,07/14/19 04:55:00 PM,30.394,97.700,,,,,
10741,07/14/19 05:00:00 PM,30.343,98.068,,,,,
10742,07/14/19 05:05:00 PM,30.318,97.871,,,,,
10743,07/14/19 05:10:00 PM,30.318,98.062,,,,,
10744,07/14/19 05:15:00 PM,30.369,97.966,,,,,
10745,07/14/19 05:20:00 PM,30.369,97.558,,,,,
10746,07/14/19 05:25:00 PM,30.243,97.525,,,,,
10747,07/14/19 05:30:00 PM,30.016,97.929,,,,,
10748,07/14/19 05:35:00 PM,29.865,97.727,,,,,
10749,07/14/19 05:40:00 PM,29.815,97.823,,,,,
10750,07/14/19 05:45:00 PM,29.865,97.700,,,,,
10751,07/14/19 05:50:00 PM,29.916,97.849,,,,,
10752,07/14/19 05:55:00 PM,29.890,97.897,,,,,
10753,07/14/19 06:00:00 PM,29.840,97.938,,,,,
10754,07/14/19 06:05:00 PM,29.840,98.101,,,,,
10755,07/14/19 06:10:00 PM,29.840,98.047,,,,,
10756,07/14/19 06:15:00 PM,29.840,98.101,,,,,
10757,07/14/19 06:20:00 PM,29.815,98.095,,,,,
10758,07/14/19 06:25:00 PM,29.765,98.082,,,,,
10759,07/14/19 06:30:00 PM,29.740,98.238,,,,,
10760,07/14/19 06:35:00 PM,29.715,98.258,,,,,
10761,07/14/19 06:40:00 PM,29.640,98.293,,,,,
10762,07/14/19 06:45:00 PM,29.565,98.409,,,,,
10763,07/14/19 06:50:00 PM,29.439,98.539,,,,,
10764,07/14/19 06:55:00 PM,29.340,98.783,,,,,
10765,07/14/19 07:00:00 PM,29.165,98.980,,,,,
10766,07/14/19 07:05:00 PM,28.990,99.123,,,,,
10767,07/14/19 07:10:00 PM,28.841,99.325,,,,,
10768,07/14/19 07:15:00 PM,28.692,99.555,,,,,
10769,07/14/19 07:20:00 PM,28.593,99.743,,,,,
10770,07/14/19 07:25:00 PM,28.493,99.958,,,,,
10771,07/14/19 07:30:00 PM,28.444,100.000,,,,,
10772,07/14/19 07:35:00 PM,28.345,100.000,,,,,
10773,07/14/19 07:40:00 PM,28.245,100.000,,,,,
10774,07/14/19 07:45:00 PM,28.147,100.000,,,,,
10775,07/14/19 07:50:00 PM,28.072,100.000,,,,,
10776,07/14/19 07:55:00 PM,27.998,100.000,,,,,
10777,07/14/19 08:00:00 PM,27.899,100.000,,,,,
10778,07/14/19 08:05:00 PM,27.801,100.000,,,,,
10779,07/14/19 08:10:00 PM,27.727,100.000,,,,,
10780,07/14/19 08:15:00 PM,27.628,100.000,,,,,
10781,07/14/19 08:20:00 PM,27.505,100.000,,,,,
10782,07/14/19 08:25:00 PM,27.382,100.000,,,,,
10783,07/14/19 08:30:00 PM,27.333,100.000,,,,,
10784,07/14/19 08:35:00 PM,27.259,100.000,,,,,
10785,07/14/19 08:40:00 PM,27.186,100.000,,,,,
10786,07/14/19 08:45:00 PM,27.112,100.000,,,,,
10787,07/14/19 08:50:00 PM,27.038,100.000,,,,,
10788,07/14/19 08:55:00 PM,26.965,100.000,,,,,
10789,07/14/19 09:00:00 PM,26.867,100.000,,,,,
10790,07/14/19 09:05:00 PM,26.793,100.000,,,,,
10791,07/14/19 09:10:00 PM,26.720,100.000,,,,,
10792,07/14/19 09:15:00 PM,26.671,100.000,,,,,
10793,07/14/19 09:20:00 PM,26.598,100.000,,,,,
10794,07/14/19 09:25:00 PM,26.524,100.000,,,,,
10795,07/14/19 09:30:00 PM,26.451,100.000,,,,,
10796,07/14/19 09:35:00 PM,26.426,100.000,,,,,
10797,07/14/19 09:40:00 PM,26.402,100.000,,,,,
10798,07/14/19 09:45:00 PM,26.402,100.000,,,,,
10799,07/14/19 09:50:00 PM,26.378,100.000,,,,,
10800,07/14/19 09:55:00 PM,26.353,100.000,,,,,
10801,07/14/19 10:00:00 PM,26.378,100.000,,,,,
10802,07/14/19 10:05:00 PM,26.353,100.000,,,,,
10803,07/14/19 10:10:00 PM,26.280,100.000,,,,,
10804,07/14/19 10:15:00 PM,26.231,100.000,,,,,
10805,07/14/19 10:20:00 PM,26.207,100.000,,,,,
10806,07/14/19 10:25:00 PM,26.182,100.000,,,,,
10807,07/14/19 10:30:00 PM,26.158,100.000,,,,,
10808,07/14/19 10:35:00 PM,26.134,100.000,,,,,
10809,07/14/19 10:40:00 PM,26.134,100.000,,,,,
10810,07/14/19 10:45:00 PM,26.085,100.000,,,,,
10811,07/14/19 10:50:00 PM,26.036,100.000,,,,,
10812,07/14/19 10:55:00 PM,25.987,100.000,,,,,
10813,07/14/19 11:00:00 PM,25.866,100.000,,,,,
10814,07/14/19 11:05:00 PM,25.768,100.000,,,,,
10815,07/14/19 11:10:00 PM,25.671,100.000,,,,,
10816,07/14/19 11:15:00 PM,25.598,100.000,,,,,
10817,07/14/19 11:20:00 PM,25.574,100.000,,,,,
10818,07/14/19 11:25:00 PM,25.574,100.000,,,,,
10819,07/14/19 11:30:00 PM,25.550,100.000,,,,,
10820,07/14/19 11:35:00 PM,25.525,100.000,,,,,
10821,07/14/19 11:40:00 PM,25.501,100.000,,,,,
10822,07/14/19 11:45:00 PM,25.501,100.000,,,,,
10823,07/14/19 11:50:00 PM,25.477,100.000,,,,,
10824,07/14/19 11:55:00 PM,25.453,100.000,,,,,
10825,07/15/19 12:00:00 AM,25.428,100.000,,,,,
10826,07/15/19 12:05:00 AM,25.453,100.000,,,,,
10827,07/15/19 12:10:00 AM,25.453,100.000,,,,,
10828,07/15/19 12:15:00 AM,25.453,100.000,,,,,
10829,07/15/19 12:20:00 AM,25.404,100.000,,,,,
10830,07/15/19 12:25:00 AM,25.355,100.000,,,,,
10831,07/15/19 12:30:00 AM,25.355,100.000,,,,,
10832,07/15/19 12:35:00 AM,25.307,100.000,,,,,
10833,07/15/19 12:40:00 AM,25.283,100.000,,,,,
10834,07/15/19 12:45:00 AM,25.307,100.000,,,,,
10835,07/15/19 12:50:00 AM,25.283,100.000,,,,,
10836,07/15/19 12:55:00 AM,25.234,100.000,,,,,
10837,07/15/19 01:00:00 AM,25.258,100.000,,,,,
10838,07/15/19 01:05:00 AM,25.210,100.000,,,,,
10839,07/15/19 01:10:00 AM,25.162,100.000,,,,,
10840,07/15/19 01:15:00 AM,25.089,100.000,,,,,
10841,07/15/19 01:20:00 AM,25.089,100.000,,,,,
10842,07/15/19 01:25:00 AM,25.065,100.000,,,,,
10843,07/15/19 01:30:00 AM,25.040,100.000,,,,,
10844,07/15/19 01:35:00 AM,25.016,100.000,,,,,
10845,07/15/19 01:40:00 AM,24.944,100.000,,,,,
10846,07/15/19 01:45:00 AM,24.871,100.000,,,,,
10847,07/15/19 01:50:00 AM,24.847,100.000,,,,,
10848,07/15/19 01:55:00 AM,24.871,100.000,,,,,
10849,07/15/19 02:00:00 AM,24.823,100.000,,,,,
10850,07/15/19 02:05:00 AM,24.750,100.000,,,,,
10851,07/15/19 02:10:00 AM,24.702,100.000,,,,,
10852,07/15/19 02:15:00 AM,24.677,100.000,,,,,
10853,07/15/19 02:20:00 AM,24.677,100.000,,,,,
10854,07/15/19 02:25:00 AM,24.677,100.000,,,,,
10855,07/15/19 02:30:00 AM,24.677,100.000,,,,,
10856,07/15/19 02:35:00 AM,24.629,100.000,,,,,
10857,07/15/19 02:40:00 AM,24.581,100.000,,,,,
10858,07/15/19 02:45:00 AM,24.581,100.000,,,,,
10859,07/15/19 02:50:00 AM,24.581,100.000,,,,,
10860,07/15/19 02:55:00 AM,24.605,100.000,,,,,
10861,07/15/19 03:00:00 AM,24.605,100.000,,,,,
10862,07/15/19 03:05:00 AM,24.581,100.000,,,,,
10863,07/15/19 03:10:00 AM,24.532,100.000,,,,,
10864,07/15/19 03:15:00 AM,24.484,100.000,,,,,
10865,07/15/19 03:20:00 AM,24.436,100.000,,,,,
10866,07/15/19 03:25:00 AM,24.412,100.000,,,,,
10867,07/15/19 03:30:00 AM,24.388,100.000,,,,,
10868,07/15/19 03:35:00 AM,24.291,100.000,,,,,
10869,07/15/19 03:40:00 AM,24.243,100.000,,,,,
10870,07/15/19 03:45:00 AM,24.195,100.000,,,,,
10871,07/15/19 03:50:00 AM,24.171,100.000,,,,,
10872,07/15/19 03:55:00 AM,24.171,100.000,,,,,
10873,07/15/19 04:00:00 AM,24.171,100.000,,,,,
10874,07/15/19 04:05:00 AM,24.171,100.000,,,,,
10875,07/15/19 04:10:00 AM,24.195,100.000,,,,,
10876,07/15/19 04:15:00 AM,24.195,100.000,,,,,
10877,07/15/19 04:20:00 AM,24.146,100.000,,,,,
10878,07/15/19 04:25:00 AM,24.122,100.000,,,,,
10879,07/15/19 04:30:00 AM,24.122,100.000,,,,,
10880,07/15/19 04:35:00 AM,24.195,100.000,,,,,
10881,07/15/19 04:40:00 AM,24.171,100.000,,,,,
10882,07/15/19 04:45:00 AM,24.146,100.000,,,,,
10883,07/15/19 04:50:00 AM,24.122,100.000,,,,,
10884,07/15/19 04:55:00 AM,24.122,100.000,,,,,
10885,07/15/19 05:00:00 AM,24.195,100.000,,,,,
10886,07/15/19 05:05:00 AM,24.195,100.000,,,,,
10887,07/15/19 05:10:00 AM,24.146,100.000,,,,,
10888,07/15/19 05:15:00 AM,24.098,100.000,,,,,
10889,07/15/19 05:20:00 AM,24.074,100.000,,,,,
10890,07/15/19 05:25:00 AM,24.074,100.000,,,,,
10891,07/15/19 05:30:00 AM,24.050,100.000,,,,,
10892,07/15/19 05:35:00 AM,24.050,100.000,,,,,
10893,07/15/19 05:40:00 AM,24.026,100.000,,,,,
10894,07/15/19 05:45:00 AM,24.002,100.000,,,,,
10895,07/15/19 05:50:00 AM,23.930,100.000,,,,,
10896,07/15/19 05:55:00 AM,23.857,100.000,,,,,
10897,07/15/19 06:00:00 AM,23.857,100.000,,,,,
10898,07/15/19 06:05:00 AM,23.881,100.000,,,,,
10899,07/15/19 06:10:00 AM,23.881,100.000,,,,,
10900,07/15/19 06:15:00 AM,23.930,100.000,,,,,
10901,07/15/19 06:20:00 AM,23.905,100.000,,,,,
10902,07/15/19 06:25:00 AM,23.857,100.000,,,,,
10903,07/15/19 06:30:00 AM,23.809,100.000,,,,,
10904,07/15/19 06:35:00 AM,23.785,100.000,,,,,
10905,07/15/19 06:40:00 AM,23.761,100.000,,,,,
10906,07/15/19 06:45:00 AM,23.737,100.000,,,,,
10907,07/15/19 06:50:00 AM,23.761,100.000,,,,,
10908,07/15/19 06:55:00 AM,23.761,100.000,,,,,
10909,07/15/19 07:00:00 AM,23.737,100.000,,,,,
10910,07/15/19 07:05:00 AM,23.737,100.000,,,,,
10911,07/15/19 07:10:00 AM,23.713,100.000,,,,,
10912,07/15/19 07:15:00 AM,23.713,100.000,,,,,
10913,07/15/19 07:20:00 AM,23.713,100.000,,,,,
10914,07/15/19 07:25:00 AM,23.761,100.000,,,,,
10915,07/15/19 07:30:00 AM,23.785,100.000,,,,,
10916,07/15/19 07:35:00 AM,23.809,100.000,,,,,
10917,07/15/19 07:40:00 AM,23.881,100.000,,,,,
10918,07/15/19 07:45:00 AM,23.954,100.000,,,,,
10919,07/15/19 07:50:00 AM,24.050,100.000,,,,,
10920,07/15/19 07:55:00 AM,24.146,100.000,,,,,
10921,07/15/19 08:00:00 AM,24.195,100.000,,,,,
10922,07/15/19 08:05:00 AM,24.243,100.000,,,,,
10923,07/15/19 08:10:00 AM,24.315,100.000,,,,,
10924,07/15/19 08:15:00 AM,24.412,100.000,,,,,
10925,07/15/19 08:20:00 AM,24.484,100.000,,,,,
10926,07/15/19 08:25:00 AM,24.605,100.000,,,,,
10927,07/15/19 08:30:00 AM,24.726,100.000,,,,,
10928,07/15/19 08:35:00 AM,24.823,100.000,,,,,
10929,07/15/19 08:40:00 AM,24.895,100.000,,,,,
10930,07/15/19 08:45:00 AM,24.944,100.000,,,,,
10931,07/15/19 08:50:00 AM,25.040,100.000,,,,,
10932,07/15/19 08:55:00 AM,25.162,100.000,,,,,
10933,07/15/19 09:00:00 AM,25.258,100.000,,,,,
10934,07/15/19 09:05:00 AM,25.307,100.000,,,,,
10935,07/15/19 09:10:00 AM,25.380,100.000,,,,,
10936,07/15/19 09:15:00 AM,25.453,100.000,,,,,
10937,07/15/19 09:20:00 AM,25.525,100.000,,,,,
10938,07/15/19 09:25:00 AM,25.598,100.000,,,,,
10939,07/15/19 09:30:00 AM,25.720,100.000,,,,,
10940,07/15/19 09:35:00 AM,25.817,100.000,,,,,
10941,07/15/19 09:40:00 AM,25.914,100.000,,,,,
10942,07/15/19 09:45:00 AM,26.036,100.000,,,,,
10943,07/15/19 09:50:00 AM,26.109,100.000,,,,,
10944,07/15/19 09:55:00 AM,26.134,100.000,,,,,
10945,07/15/19 10:00:00 AM,26.182,100.000,,,,,
10946,07/15/19 10:05:00 AM,26.231,100.000,,,,,
10947,07/15/19 10:10:00 AM,26.378,100.000,,,,,
10948,07/15/19 10:15:00 AM,26.524,100.000,,,,,
10949,07/15/19 10:20:00 AM,26.622,100.000,,,,,
10950,07/15/19 10:25:00 AM,26.671,100.000,,,,,
10951,07/15/19 10:30:00 AM,26.695,100.000,,,,,
10952,07/15/19 10:35:00 AM,26.818,100.000,,,,,
10953,07/15/19 10:40:00 AM,26.867,100.000,,,,,
10954,07/15/19 10:45:00 AM,26.867,100.000,,,,,
10955,07/15/19 10:50:00 AM,26.916,100.000,,,,,
10956,07/15/19 10:55:00 AM,27.014,100.000,,,,,
10957,07/15/19 11:00:00 AM,27.063,100.000,,,,,
10958,07/15/19 11:05:00 AM,27.087,100.000,,,,,
10959,07/15/19 11:10:00 AM,27.136,100.000,,,,,
10960,07/15/19 11:15:00 AM,27.235,100.000,,,,,
10961,07/15/19 11:20:00 AM,27.259,100.000,,,,,
10962,07/15/19 11:25:00 AM,27.358,100.000,,,,,
10963,07/15/19 11:30:00 AM,27.505,100.000,,,,,
10964,07/15/19 11:35:00 AM,27.628,100.000,,,,,
10965,07/15/19 11:40:00 AM,27.727,100.000,,,,,
10966,07/15/19 11:45:00 AM,27.850,100.000,,,,,
10967,07/15/19 11:50:00 AM,27.998,100.000,,,,,
10968,07/15/19 11:55:00 AM,28.122,100.000,,,,,
10969,07/15/19 12:00:00 PM,28.295,100.000,,,,,
10970,07/15/19 12:05:00 PM,28.419,100.000,,,,,
10971,07/15/19 12:10:00 PM,28.543,100.000,,,,,
10972,07/15/19 12:15:00 PM,28.717,100.000,,,,,
10973,07/15/19 12:20:00 PM,28.866,100.000,,,,,
10974,07/15/19 12:25:00 PM,29.015,100.000,,,,,
10975,07/15/19 12:30:00 PM,29.040,100.000,,,,,
10976,07/15/19 12:35:00 PM,29.140,100.000,,,,,
10977,07/15/19 12:40:00 PM,29.240,100.000,,,,,
10978,07/15/19 12:45:00 PM,29.340,100.000,,,,,
10979,07/15/19 12:50:00 PM,29.365,100.000,,,,,
10980,07/15/19 12:55:00 PM,29.464,100.000,,,,,
10981,07/15/19 01:00:00 PM,29.540,100.000,,,,,
10982,07/15/19 01:05:00 PM,29.640,100.000,,,,,
10983,07/15/19 01:10:00 PM,29.890,100.000,,,,,
10984,07/15/19 01:15:00 PM,30.066,100.000,,,,,
10985,07/15/19 01:20:00 PM,30.243,100.000,,,,,
10986,07/15/19 01:25:00 PM,30.369,100.000,,,,,
10987,07/15/19 01:30:00 PM,30.520,100.000,,,,,
10988,07/15/19 01:35:00 PM,30.571,100.000,,,,,
10989,07/15/19 01:40:00 PM,30.596,100.000,,,,,
10990,07/15/19 01:45:00 PM,30.646,100.000,,,,,
10991,07/15/19 01:50:00 PM,30.672,100.000,,,,,
10992,07/15/19 01:55:00 PM,30.672,98.426,,,,,
10993,07/15/19 02:00:00 PM,30.697,97.615,,,,,
10994,07/15/19 02:05:00 PM,30.773,97.197,,,,,
10995,07/15/19 02:10:00 PM,31.001,96.872,,,,,
10996,07/15/19 02:15:00 PM,31.255,95.947,,,,,
10997,07/15/19 02:20:00 PM,31.510,95.100,,,,,
10998,07/15/19 02:25:00 PM,31.816,94.483,,,,,
10999,07/15/19 02:30:00 PM,32.021,93.921,,,,,
11000,07/15/19 02:35:00 PM,32.175,93.457,,,,,
11001,07/15/19 02:40:00 PM,32.330,93.690,,,,,
11002,07/15/19 02:45:00 PM,32.587,92.941,,,,,
11003,07/15/19 02:50:00 PM,32.768,91.945,,,,,
11004,07/15/19 02:55:00 PM,32.975,91.685,,,,,
11005,07/15/19 03:00:00 PM,33.183,91.055,,,,,
11006,07/15/19 03:05:00 PM,33.261,90.507,,,,,
11007,07/15/19 03:10:00 PM,33.287,89.888,,,,,
11008,07/15/19 03:15:00 PM,33.417,90.032,,,,,
11009,07/15/19 03:20:00 PM,33.235,89.420,,,,,
11010,07/15/19 03:25:00 PM,32.717,89.925,,,,,
11011,07/15/19 03:30:00 PM,32.381,90.442,,,,,
11012,07/15/19 03:35:00 PM,32.175,90.195,,,,,
11013,07/15/19 03:40:00 PM,32.124,90.296,,,,,
11014,07/15/19 03:45:00 PM,32.150,90.104,,,,,
11015,07/15/19 03:50:00 PM,32.175,89.997,,,,,
11016,07/15/19 03:55:00 PM,32.124,89.872,,,,,
11017,07/15/19 04:00:00 PM,32.098,90.318,,,,,
11018,07/15/19 04:05:00 PM,32.098,90.177,,,,,
11019,07/15/19 04:10:00 PM,32.047,89.882,,,,,
11020,07/15/19 04:15:00 PM,31.919,90.163,,,,,
11021,07/15/19 04:20:00 PM,31.816,89.884,,,,,
11022,07/15/19 04:25:00 PM,31.740,90.770,,,,,
11023,07/15/19 04:30:00 PM,31.714,90.369,,,,,
11024,07/15/19 04:35:00 PM,31.663,90.103,,,,,
11025,07/15/19 04:40:00 PM,31.612,90.232,,,,,
11026,07/15/19 04:45:00 PM,31.586,90.311,,,,,
11027,07/15/19 04:50:00 PM,31.561,90.587,,,,,
11028,07/15/19 04:55:00 PM,31.561,90.474,,,,,
11029,07/15/19 05:00:00 PM,31.637,90.351,,,,,
11030,07/15/19 05:05:00 PM,31.689,90.589,,,,,
11031,07/15/19 05:10:00 PM,31.765,90.494,,,,,
11032,07/15/19 05:15:00 PM,31.740,90.516,,,,,
11033,07/15/19 05:20:00 PM,31.689,90.278,,,,,
11034,07/15/19 05:25:00 PM,31.612,90.684,,,,,
11035,07/15/19 05:30:00 PM,31.561,90.390,,,,,
11036,07/15/19 05:35:00 PM,31.561,90.446,,,,,
11037,07/15/19 05:40:00 PM,31.612,90.063,,,,,
11038,07/15/19 05:45:00 PM,31.510,90.180,,,,,
11039,07/15/19 05:50:00 PM,31.382,90.178,,,,,
11040,07/15/19 05:55:00 PM,31.204,90.334,,,,,
11041,07/15/19 06:00:00 PM,31.052,90.776,,,,,
11042,07/15/19 06:05:00 PM,30.874,91.548,,,,,
11043,07/15/19 06:10:00 PM,30.722,91.931,,,,,
11044,07/15/19 06:15:00 PM,30.596,92.124,,,,,
11045,07/15/19 06:20:00 PM,30.495,92.267,,,,,
11046,07/15/19 06:25:00 PM,30.394,92.549,,,,,
11047,07/15/19 06:30:00 PM,30.268,92.769,,,,,
11048,07/15/19 06:35:00 PM,30.117,93.509,,,,,
11049,07/15/19 06:40:00 PM,29.890,93.785,,,,,
11050,07/15/19 06:45:00 PM,29.665,94.337,,,,,
11051,07/15/19 06:50:00 PM,29.439,94.996,,,,,
11052,07/15/19 06:55:00 PM,29.265,95.226,,,,,
11053,07/15/19 07:00:00 PM,29.090,95.566,,,,,
11054,07/15/19 07:05:00 PM,28.965,95.971,,,,,
11055,07/15/19 07:10:00 PM,28.891,96.252,,,,,
11056,07/15/19 07:15:00 PM,28.816,96.560,,,,,
11057,07/15/19 07:20:00 PM,28.742,96.786,,,,,
11058,07/15/19 07:25:00 PM,28.642,96.923,,,,,
11059,07/15/19 07:30:00 PM,28.568,97.121,,,,,
11060,07/15/19 07:35:00 PM,28.493,97.319,,,,,
11061,07/15/19 07:40:00 PM,28.394,97.429,,,,,
11062,07/15/19 07:45:00 PM,28.245,97.633,,,,,
11063,07/15/19 07:50:00 PM,28.097,97.973,,,,,
11064,07/15/19 07:55:00 PM,27.949,98.311,,,,,
11065,07/15/19 08:00:00 PM,27.801,98.541,,,,,
11066,07/15/19 08:05:00 PM,27.653,98.744,,,,,
11067,07/15/19 08:10:00 PM,27.505,98.893,,,,,
11068,07/15/19 08:15:00 PM,27.407,99.348,,,,,
11069,07/15/19 08:20:00 PM,27.284,99.476,,,,,
11070,07/15/19 08:25:00 PM,27.235,99.703,,,,,
11071,07/15/19 08:30:00 PM,27.136,99.730,,,,,
11072,07/15/19 08:35:00 PM,27.063,100.000,,,,,
11073,07/15/19 08:40:00 PM,26.965,100.000,,,,,
11074,07/15/19 08:45:00 PM,26.891,100.000,,,,,
11075,07/15/19 08:50:00 PM,26.842,100.000,,,,,
11076,07/15/19 08:55:00 PM,26.744,100.000,,,,,
11077,07/15/19 09:00:00 PM,26.695,100.000,,,,,
11078,07/15/19 09:05:00 PM,26.646,100.000,,,,,
11079,07/15/19 09:10:00 PM,26.598,100.000,,,,,
11080,07/15/19 09:15:00 PM,26.573,100.000,,,,,
11081,07/15/19 09:20:00 PM,26.524,100.000,,,,,
11082,07/15/19 09:25:00 PM,26.475,100.000,,,,,
11083,07/15/19 09:30:00 PM,26.378,100.000,,,,,
11084,07/15/19 09:35:00 PM,26.329,100.000,,,,,
11085,07/15/19 09:40:00 PM,26.280,100.000,,,,,
11086,07/15/19 09:45:00 PM,26.231,100.000,,,,,
11087,07/15/19 09:50:00 PM,26.207,100.000,,,,,
11088,07/15/19 09:55:00 PM,26.158,100.000,,,,,
11089,07/15/19 10:00:00 PM,26.109,100.000,,,,,
11090,07/15/19 10:05:00 PM,26.109,100.000,,,,,
11091,07/15/19 10:10:00 PM,26.085,100.000,,,,,
11092,07/15/19 10:15:00 PM,26.061,100.000,,,,,
11093,07/15/19 10:20:00 PM,26.061,100.000,,,,,
11094,07/15/19 10:25:00 PM,26.036,100.000,,,,,
11095,07/15/19 10:30:00 PM,25.987,100.000,,,,,
11096,07/15/19 10:35:00 PM,25.939,100.000,,,,,
11097,07/15/19 10:40:00 PM,25.890,100.000,,,,,
11098,07/15/19 10:45:00 PM,25.866,100.000,,,,,
11099,07/15/19 10:50:00 PM,25.866,100.000,,,,,
11100,07/15/19 10:55:00 PM,25.841,100.000,,,,,
11101,07/15/19 11:00:00 PM,25.817,100.000,,,,,
11102,07/15/19 11:05:00 PM,25.744,100.000,,,,,
11103,07/15/19 11:10:00 PM,25.671,100.000,,,,,
11104,07/15/19 11:15:00 PM,25.671,100.000,,,,,
11105,07/15/19 11:20:00 PM,25.695,100.000,,,,,
11106,07/15/19 11:25:00 PM,25.647,100.000,,,,,
11107,07/15/19 11:30:00 PM,25.598,100.000,,,,,
11108,07/15/19 11:35:00 PM,25.574,100.000,,,,,
11109,07/15/19 11:40:00 PM,25.525,100.000,,,,,
11110,07/15/19 11:45:00 PM,25.477,100.000,,,,,
11111,07/15/19 11:50:00 PM,25.453,100.000,,,,,
11112,07/15/19 11:55:00 PM,25.404,100.000,,,,,
11113,07/16/19 12:00:00 AM,25.380,100.000,,,,,
11114,07/16/19 12:05:00 AM,25.331,100.000,,,,,
11115,07/16/19 12:10:00 AM,25.258,100.000,,,,,
11116,07/16/19 12:15:00 AM,25.258,100.000,,,,,
11117,07/16/19 12:20:00 AM,25.210,100.000,,,,,
11118,07/16/19 12:25:00 AM,25.210,100.000,,,,,
11119,07/16/19 12:30:00 AM,25.210,100.000,,,,,
11120,07/16/19 12:35:00 AM,25.186,100.000,,,,,
11121,07/16/19 12:40:00 AM,25.162,100.000,,,,,
11122,07/16/19 12:45:00 AM,25.137,100.000,,,,,
11123,07/16/19 12:50:00 AM,25.113,100.000,,,,,
11124,07/16/19 12:55:00 AM,25.162,100.000,,,,,
11125,07/16/19 01:00:00 AM,25.186,100.000,,,,,
11126,07/16/19 01:05:00 AM,25.186,100.000,,,,,
11127,07/16/19 01:10:00 AM,25.113,100.000,,,,,
11128,07/16/19 01:15:00 AM,25.065,100.000,,,,,
11129,07/16/19 01:20:00 AM,24.968,100.000,,,,,
11130,07/16/19 01:25:00 AM,24.968,100.000,,,,,
11131,07/16/19 01:30:00 AM,24.919,100.000,,,,,
11132,07/16/19 01:35:00 AM,24.895,100.000,,,,,
11133,07/16/19 01:40:00 AM,24.895,100.000,,,,,
11134,07/16/19 01:45:00 AM,24.895,100.000,,,,,
11135,07/16/19 01:50:00 AM,24.847,100.000,,,,,
11136,07/16/19 01:55:00 AM,24.847,100.000,,,,,
11137,07/16/19 02:00:00 AM,24.823,100.000,,,,,
11138,07/16/19 02:05:00 AM,24.823,100.000,,,,,
11139,07/16/19 02:10:00 AM,24.774,100.000,,,,,
11140,07/16/19 02:15:00 AM,24.726,100.000,,,,,
11141,07/16/19 02:20:00 AM,24.750,100.000,,,,,
11142,07/16/19 02:25:00 AM,24.677,100.000,,,,,
11143,07/16/19 02:30:00 AM,24.629,100.000,,,,,
11144,07/16/19 02:35:00 AM,24.605,100.000,,,,,
11145,07/16/19 02:40:00 AM,24.557,100.000,,,,,
11146,07/16/19 02:45:00 AM,24.532,100.000,,,,,
11147,07/16/19 02:50:00 AM,24.508,100.000,,,,,
11148,07/16/19 02:55:00 AM,24.532,100.000,,,,,
11149,07/16/19 03:00:00 AM,24.508,100.000,,,,,
11150,07/16/19 03:05:00 AM,24.484,100.000,,,,,
11151,07/16/19 03:10:00 AM,24.532,100.000,,,,,
11152,07/16/19 03:15:00 AM,24.484,100.000,,,,,
11153,07/16/19 03:20:00 AM,24.388,100.000,,,,,
11154,07/16/19 03:25:00 AM,24.363,100.000,,,,,
11155,07/16/19 03:30:00 AM,24.339,100.000,,,,,
11156,07/16/19 03:35:00 AM,24.291,100.000,,,,,
11157,07/16/19 03:40:00 AM,24.267,100.000,,,,,
11158,07/16/19 03:45:00 AM,24.243,100.000,,,,,
11159,07/16/19 03:50:00 AM,24.243,100.000,,,,,
11160,07/16/19 03:55:00 AM,24.243,100.000,,,,,
11161,07/16/19 04:00:00 AM,24.219,100.000,,,,,
11162,07/16/19 04:05:00 AM,24.195,100.000,,,,,
11163,07/16/19 04:10:00 AM,24.146,100.000,,,,,
11164,07/16/19 04:15:00 AM,24.098,100.000,,,,,
11165,07/16/19 04:20:00 AM,24.122,100.000,,,,,
11166,07/16/19 04:25:00 AM,24.146,100.000,,,,,
11167,07/16/19 04:30:00 AM,24.122,100.000,,,,,
11168,07/16/19 04:35:00 AM,24.074,100.000,,,,,
11169,07/16/19 04:40:00 AM,24.050,100.000,,,,,
11170,07/16/19 04:45:00 AM,24.050,100.000,,,,,
11171,07/16/19 04:50:00 AM,24.098,100.000,,,,,
11172,07/16/19 04:55:00 AM,24.074,100.000,,,,,
11173,07/16/19 05:00:00 AM,24.050,100.000,,,,,
11174,07/16/19 05:05:00 AM,24.002,100.000,,,,,
11175,07/16/19 05:10:00 AM,24.050,100.000,,,,,
11176,07/16/19 05:15:00 AM,24.098,100.000,,,,,
11177,07/16/19 05:20:00 AM,24.074,100.000,,,,,
11178,07/16/19 05:25:00 AM,24.074,100.000,,,,,
11179,07/16/19 05:30:00 AM,24.122,100.000,,,,,
11180,07/16/19 05:35:00 AM,24.122,100.000,,,,,
11181,07/16/19 05:40:00 AM,24.050,100.000,,,,,
11182,07/16/19 05:45:00 AM,23.905,100.000,,,,,
11183,07/16/19 05:50:00 AM,23.809,100.000,,,,,
11184,07/16/19 05:55:00 AM,23.809,100.000,,,,,
11185,07/16/19 06:00:00 AM,23.857,100.000,,,,,
11186,07/16/19 06:05:00 AM,23.809,100.000,,,,,
11187,07/16/19 06:10:00 AM,23.809,100.000,,,,,
11188,07/16/19 06:15:00 AM,23.833,100.000,,,,,
11189,07/16/19 06:20:00 AM,23.857,100.000,,,,,
11190,07/16/19 06:25:00 AM,23.809,100.000,,,,,
11191,07/16/19 06:30:00 AM,23.761,100.000,,,,,
11192,07/16/19 06:35:00 AM,23.761,100.000,,,,,
11193,07/16/19 06:40:00 AM,23.713,100.000,,,,,
11194,07/16/19 06:45:00 AM,23.617,100.000,,,,,
11195,07/16/19 06:50:00 AM,23.569,100.000,,,,,
11196,07/16/19 06:55:00 AM,23.593,100.000,,,,,
11197,07/16/19 07:00:00 AM,23.593,100.000,,,,,
11198,07/16/19 07:05:00 AM,23.665,100.000,,,,,
11199,07/16/19 07:10:00 AM,23.689,100.000,,,,,
11200,07/16/19 07:15:00 AM,23.737,100.000,,,,,
11201,07/16/19 07:20:00 AM,23.761,100.000,,,,,
11202,07/16/19 07:25:00 AM,23.785,100.000,,,,,
11203,07/16/19 07:30:00 AM,23.809,100.000,,,,,
11204,07/16/19 07:35:00 AM,23.857,100.000,,,,,
11205,07/16/19 07:40:00 AM,23.930,100.000,,,,,
11206,07/16/19 07:45:00 AM,23.954,100.000,,,,,
11207,07/16/19 07:50:00 AM,24.002,100.000,,,,,
11208,07/16/19 07:55:00 AM,24.026,100.000,,,,,
11209,07/16/19 08:00:00 AM,24.074,100.000,,,,,
11210,07/16/19 08:05:00 AM,24.146,100.000,,,,,
11211,07/16/19 08:10:00 AM,24.243,100.000,,,,,
11212,07/16/19 08:15:00 AM,24.339,100.000,,,,,
11213,07/16/19 08:20:00 AM,24.460,100.000,,,,,
11214,07/16/19 08:25:00 AM,24.557,100.000,,,,,
11215,07/16/19 08:30:00 AM,24.677,100.000,,,,,
11216,07/16/19 08:35:00 AM,24.774,100.000,,,,,
11217,07/16/19 08:40:00 AM,24.895,100.000,,,,,
11218,07/16/19 08:45:00 AM,25.016,100.000,,,,,
11219,07/16/19 08:50:00 AM,25.113,100.000,,,,,
11220,07/16/19 08:55:00 AM,25.210,100.000,,,,,
11221,07/16/19 09:00:00 AM,25.258,100.000,,,,,
11222,07/16/19 09:05:00 AM,25.355,100.000,,,,,
11223,07/16/19 09:10:00 AM,25.428,100.000,,,,,
11224,07/16/19 09:15:00 AM,25.550,100.000,,,,,
11225,07/16/19 09:20:00 AM,25.647,100.000,,,,,
11226,07/16/19 09:25:00 AM,25.720,100.000,,,,,
11227,07/16/19 09:30:00 AM,25.817,100.000,,,,,
11228,07/16/19 09:35:00 AM,25.963,100.000,,,,,
11229,07/16/19 09:40:00 AM,26.036,100.000,,,,,
11230,07/16/19 09:45:00 AM,26.158,100.000,,,,,
11231,07/16/19 09:50:00 AM,26.207,100.000,,,,,
11232,07/16/19 09:55:00 AM,26.231,100.000,,,,,
11233,07/16/19 10:00:00 AM,26.329,100.000,,,,,
11234,07/16/19 10:05:00 AM,26.402,100.000,,,,,
11235,07/16/19 10:10:00 AM,26.500,100.000,,,,,
11236,07/16/19 10:15:00 AM,26.573,100.000,,,,,
11237,07/16/19 10:20:00 AM,26.671,100.000,,,,,
11238,07/16/19 10:25:00 AM,26.793,100.000,,,,,
11239,07/16/19 10:30:00 AM,26.842,100.000,,,,,
11240,07/16/19 10:35:00 AM,26.891,100.000,,,,,
11241,07/16/19 10:40:00 AM,26.965,100.000,,,,,
11242,07/16/19 10:45:00 AM,27.063,100.000,,,,,
11243,07/16/19 10:50:00 AM,27.161,100.000,,,,,
11244,07/16/19 10:55:00 AM,27.308,100.000,,,,,
11245,07/16/19 11:00:00 AM,27.456,100.000,,,,,
11246,07/16/19 11:05:00 AM,27.505,100.000,,,,,
11247,07/16/19 11:10:00 AM,27.604,100.000,,,,,
11248,07/16/19 11:15:00 AM,27.653,100.000,,,,,
11249,07/16/19 11:20:00 AM,27.751,100.000,,,,,
11250,07/16/19 11:25:00 AM,27.974,100.000,,,,,
11251,07/16/19 11:30:00 AM,28.245,100.000,,,,,
11252,07/16/19 11:35:00 AM,28.394,100.000,,,,,
11253,07/16/19 11:40:00 AM,28.468,100.000,,,,,
11254,07/16/19 11:45:00 AM,28.493,100.000,,,,,
11255,07/16/19 11:50:00 AM,28.493,100.000,,,,,
11256,07/16/19 11:55:00 AM,28.543,100.000,,,,,
11257,07/16/19 12:00:00 PM,28.593,100.000,,,,,
11258,07/16/19 12:05:00 PM,28.667,100.000,,,,,
11259,07/16/19 12:10:00 PM,28.791,100.000,,,,,
11260,07/16/19 12:15:00 PM,28.916,100.000,,,,,
11261,07/16/19 12:20:00 PM,29.090,100.000,,,,,
11262,07/16/19 12:25:00 PM,29.215,100.000,,,,,
11263,07/16/19 12:30:00 PM,29.389,100.000,,,,,
11264,07/16/19 12:35:00 PM,29.640,100.000,,,,,
11265,07/16/19 12:40:00 PM,29.715,100.000,,,,,
11266,07/16/19 12:45:00 PM,29.840,99.724,,,,,
11267,07/16/19 12:50:00 PM,29.991,98.710,,,,,
11268,07/16/19 12:55:00 PM,30.016,97.875,,,,,
11269,07/16/19 01:00:00 PM,30.041,97.228,,,,,
11270,07/16/19 01:05:00 PM,30.192,96.994,,,,,
11271,07/16/19 01:10:00 PM,30.293,96.500,,,,,
11272,07/16/19 01:15:00 PM,30.369,95.834,,,,,
11273,07/16/19 01:20:00 PM,30.469,95.447,,,,,
11274,07/16/19 01:25:00 PM,30.596,95.286,,,,,
11275,07/16/19 01:30:00 PM,30.672,94.863,,,,,
11276,07/16/19 01:35:00 PM,30.748,94.606,,,,,
11277,07/16/19 01:40:00 PM,30.798,94.452,,,,,
11278,07/16/19 01:45:00 PM,30.874,94.084,,,,,
11279,07/16/19 01:50:00 PM,30.976,93.609,,,,,
11280,07/16/19 01:55:00 PM,31.128,93.090,,,,,
11281,07/16/19 02:00:00 PM,31.281,92.541,,,,,
11282,07/16/19 02:05:00 PM,31.484,91.946,,,,,
11283,07/16/19 02:10:00 PM,31.765,91.508,,,,,
11284,07/16/19 02:15:00 PM,31.970,90.430,,,,,
11285,07/16/19 02:20:00 PM,32.201,89.975,,,,,
11286,07/16/19 02:25:00 PM,32.484,87.991,,,,,
11287,07/16/19 02:30:00 PM,33.001,88.052,,,,,
11288,07/16/19 02:35:00 PM,33.365,87.389,,,,,
11289,07/16/19 02:40:00 PM,33.652,86.243,,,,,
11290,07/16/19 02:45:00 PM,33.548,85.988,,,,,
11291,07/16/19 02:50:00 PM,33.365,86.005,,,,,
11292,07/16/19 02:55:00 PM,33.417,85.264,,,,,
11293,07/16/19 03:00:00 PM,33.521,85.258,,,,,
11294,07/16/19 03:05:00 PM,33.626,85.136,,,,,
11295,07/16/19 03:10:00 PM,33.469,85.392,,,,,
11296,07/16/19 03:15:00 PM,33.235,85.050,,,,,
11297,07/16/19 03:20:00 PM,33.417,85.177,,,,,
11298,07/16/19 03:25:00 PM,33.757,84.089,,,,,
11299,07/16/19 03:30:00 PM,33.940,83.632,,,,,
11300,07/16/19 03:35:00 PM,33.861,83.469,,,,,
11301,07/16/19 03:40:00 PM,33.548,84.538,,,,,
11302,07/16/19 03:45:00 PM,33.053,85.531,,,,,
11303,07/16/19 03:50:00 PM,32.587,86.236,,,,,
11304,07/16/19 03:55:00 PM,32.381,86.650,,,,,
11305,07/16/19 04:00:00 PM,32.458,86.724,,,,,
11306,07/16/19 04:05:00 PM,32.458,87.184,,,,,
11307,07/16/19 04:10:00 PM,32.253,87.194,,,,,
11308,07/16/19 04:15:00 PM,31.970,87.502,,,,,
11309,07/16/19 04:20:00 PM,31.842,87.702,,,,,
11310,07/16/19 04:25:00 PM,31.868,87.136,,,,,
11311,07/16/19 04:30:00 PM,31.970,87.817,,,,,
11312,07/16/19 04:35:00 PM,32.073,87.726,,,,,
11313,07/16/19 04:40:00 PM,32.175,88.092,,,,,
11314,07/16/19 04:45:00 PM,32.278,87.658,,,,,
11315,07/16/19 04:50:00 PM,32.330,87.584,,,,,
11316,07/16/19 04:55:00 PM,32.355,87.361,,,,,
11317,07/16/19 05:00:00 PM,32.355,87.046,,,,,
11318,07/16/19 05:05:00 PM,32.304,86.546,,,,,
11319,07/16/19 05:10:00 PM,32.278,86.914,,,,,
11320,07/16/19 05:15:00 PM,32.433,86.862,,,,,
11321,07/16/19 05:20:00 PM,32.484,86.759,,,,,
11322,07/16/19 05:25:00 PM,32.510,86.391,,,,,
11323,07/16/19 05:30:00 PM,32.510,86.391,,,,,
11324,07/16/19 05:35:00 PM,32.587,86.581,,,,,
11325,07/16/19 05:40:00 PM,32.768,86.449,,,,,
11326,07/16/19 05:45:00 PM,32.613,86.270,,,,,
11327,07/16/19 05:50:00 PM,32.201,86.839,,,,,
11328,07/16/19 05:55:00 PM,31.816,87.924,,,,,
11329,07/16/19 06:00:00 PM,31.510,88.764,,,,,
11330,07/16/19 06:05:00 PM,31.255,89.470,,,,,
11331,07/16/19 06:10:00 PM,31.001,89.976,,,,,
11332,07/16/19 06:15:00 PM,30.798,90.407,,,,,
11333,07/16/19 06:20:00 PM,30.596,90.808,,,,,
11334,07/16/19 06:25:00 PM,30.444,91.389,,,,,
11335,07/16/19 06:30:00 PM,30.268,91.598,,,,,
11336,07/16/19 06:35:00 PM,30.117,92.092,,,,,
11337,07/16/19 06:40:00 PM,29.991,92.535,,,,,
11338,07/16/19 06:45:00 PM,29.890,92.816,,,,,
11339,07/16/19 06:50:00 PM,29.815,93.213,,,,,
11340,07/16/19 06:55:00 PM,29.765,93.395,,,,,
11341,07/16/19 07:00:00 PM,29.740,93.527,,,,,
11342,07/16/19 07:05:00 PM,29.715,93.797,,,,,
11343,07/16/19 07:10:00 PM,29.665,93.895,,,,,
11344,07/16/19 07:15:00 PM,29.590,94.125,,,,,
11345,07/16/19 07:20:00 PM,29.540,94.361,,,,,
11346,07/16/19 07:25:00 PM,29.464,94.617,,,,,
11347,07/16/19 07:30:00 PM,29.389,94.819,,,,,
11348,07/16/19 07:35:00 PM,29.315,95.074,,,,,
11349,07/16/19 07:40:00 PM,29.240,95.302,,,,,
11350,07/16/19 07:45:00 PM,29.165,95.530,,,,,
11351,07/16/19 07:50:00 PM,29.090,95.730,,,,,
11352,07/16/19 07:55:00 PM,29.015,95.957,,,,,
11353,07/16/19 08:00:00 PM,28.941,96.102,,,,,
11354,07/16/19 08:05:00 PM,28.866,96.301,,,,,
11355,07/16/19 08:10:00 PM,28.791,96.472,,,,,
11356,07/16/19 08:15:00 PM,28.692,96.610,,,,,
11357,07/16/19 08:20:00 PM,28.593,96.883,,,,,
11358,07/16/19 08:25:00 PM,28.493,97.102,,,,,
11359,07/16/19 08:30:00 PM,28.394,97.347,,,,,
11360,07/16/19 08:35:00 PM,28.320,97.490,,,,,
11361,07/16/19 08:40:00 PM,28.221,97.789,,,,,
11362,07/16/19 08:45:00 PM,28.122,97.979,,,,,
11363,07/16/19 08:50:00 PM,28.023,98.115,,,,,
11364,07/16/19 08:55:00 PM,27.949,98.338,,,,,
11365,07/16/19 09:00:00 PM,27.875,98.480,,,,,
11366,07/16/19 09:05:00 PM,27.801,98.649,,,,,
11367,07/16/19 09:10:00 PM,27.702,98.757,,,,,
11368,07/16/19 09:15:00 PM,27.653,99.012,,,,,
11369,07/16/19 09:20:00 PM,27.579,99.126,,,,,
11370,07/16/19 09:25:00 PM,27.505,99.214,,,,,
11371,07/16/19 09:30:00 PM,27.456,99.361,,,,,
11372,07/16/19 09:35:00 PM,27.382,99.449,,,,,
11373,07/16/19 09:40:00 PM,27.333,99.542,,,,,
11374,07/16/19 09:45:00 PM,27.284,99.689,,,,,
11375,07/16/19 09:50:00 PM,27.235,99.783,,,,,
11376,07/16/19 09:55:00 PM,27.161,99.923,,,,,
11377,07/16/19 10:00:00 PM,27.112,100.000,,,,,
11378,07/16/19 10:05:00 PM,27.063,100.000,,,,,
11379,07/16/19 10:10:00 PM,27.014,100.000,,,,,
11380,07/16/19 10:15:00 PM,26.989,100.000,,,,,
11381,07/16/19 10:20:00 PM,26.965,100.000,,,,,
11382,07/16/19 10:25:00 PM,26.916,100.000,,,,,
11383,07/16/19 10:30:00 PM,26.891,100.000,,,,,
11384,07/16/19 10:35:00 PM,26.818,100.000,,,,,
11385,07/16/19 10:40:00 PM,26.793,100.000,,,,,
11386,07/16/19 10:45:00 PM,26.769,100.000,,,,,
11387,07/16/19 10:50:00 PM,26.744,100.000,,,,,
11388,07/16/19 10:55:00 PM,26.695,100.000,,,,,
11389,07/16/19 11:00:00 PM,26.671,100.000,,,,,
11390,07/16/19 11:05:00 PM,26.671,100.000,,,,,
11391,07/16/19 11:10:00 PM,26.646,100.000,,,,,
11392,07/16/19 11:15:00 PM,26.598,100.000,,,,,
11393,07/16/19 11:20:00 PM,26.598,100.000,,,,,
11394,07/16/19 11:25:00 PM,26.598,100.000,,,,,
11395,07/16/19 11:30:00 PM,26.573,100.000,,,,,
11396,07/16/19 11:35:00 PM,26.549,100.000,,,,,
11397,07/16/19 11:40:00 PM,26.524,100.000,,,,,
11398,07/16/19 11:45:00 PM,26.475,100.000,,,,,
11399,07/16/19 11:50:00 PM,26.426,100.000,,,,,
11400,07/16/19 11:55:00 PM,26.378,100.000,,,,,
11401,07/17/19 12:00:00 AM,26.353,100.000,,,,,
11402,07/17/19 12:05:00 AM,26.353,100.000,,,,,
11403,07/17/19 12:10:00 AM,26.353,100.000,,,,,
11404,07/17/19 12:15:00 AM,26.329,100.000,,,,,
11405,07/17/19 12:20:00 AM,26.280,100.000,,,,,
11406,07/17/19 12:25:00 AM,26.207,100.000,,,,,
11407,07/17/19 12:30:00 AM,26.182,100.000,,,,,
11408,07/17/19 12:35:00 AM,26.134,100.000,,,,,
11409,07/17/19 12:40:00 AM,26.109,100.000,,,,,
11410,07/17/19 12:45:00 AM,26.109,100.000,,,,,
11411,07/17/19 12:50:00 AM,26.061,100.000,,,,,
11412,07/17/19 12:55:00 AM,26.036,100.000,,,,,
11413,07/17/19 01:00:00 AM,25.963,100.000,,,,,
11414,07/17/19 01:05:00 AM,25.963,100.000,,,,,
11415,07/17/19 01:10:00 AM,25.939,100.000,,,,,
11416,07/17/19 01:15:00 AM,25.890,100.000,,,,,
11417,07/17/19 01:20:00 AM,25.866,100.000,,,,,
11418,07/17/19 01:25:00 AM,25.841,100.000,,,,,
11419,07/17/19 01:30:00 AM,25.793,100.000,,,,,
11420,07/17/19 01:35:00 AM,25.768,100.000,,,,,
11421,07/17/19 01:40:00 AM,25.720,100.000,,,,,
11422,07/17/19 01:45:00 AM,25.671,100.000,,,,,
11423,07/17/19 01:50:00 AM,25.671,100.000,,,,,
11424,07/17/19 01:55:00 AM,25.695,100.000,,,,,
11425,07/17/19 02:00:00 AM,25.647,100.000,,,,,
11426,07/17/19 02:05:00 AM,25.647,100.000,,,,,
11427,07/17/19 02:10:00 AM,25.574,100.000,,,,,
11428,07/17/19 02:15:00 AM,25.477,100.000,,,,,
11429,07/17/19 02:20:00 AM,25.453,100.000,,,,,
11430,07/17/19 02:25:00 AM,25.428,100.000,,,,,
11431,07/17/19 02:30:00 AM,25.428,100.000,,,,,
11432,07/17/19 02:35:00 AM,25.428,100.000,,,,,
11433,07/17/19 02:40:00 AM,25.404,100.000,,,,,
11434,07/17/19 02:45:00 AM,25.355,100.000,,,,,
11435,07/17/19 02:50:00 AM,25.307,100.000,,,,,
11436,07/17/19 02:55:00 AM,25.258,100.000,,,,,
11437,07/17/19 03:00:00 AM,25.210,100.000,,,,,
11438,07/17/19 03:05:00 AM,25.186,100.000,,,,,
11439,07/17/19 03:10:00 AM,25.210,100.000,,,,,
11440,07/17/19 03:15:00 AM,25.210,100.000,,,,,
11441,07/17/19 03:20:00 AM,25.162,100.000,,,,,
11442,07/17/19 03:25:00 AM,25.186,100.000,,,,,
11443,07/17/19 03:30:00 AM,25.137,100.000,,,,,
11444,07/17/19 03:35:00 AM,25.137,100.000,,,,,
11445,07/17/19 03:40:00 AM,25.089,100.000,,,,,
11446,07/17/19 03:45:00 AM,25.016,100.000,,,,,
11447,07/17/19 03:50:00 AM,25.016,100.000,,,,,
11448,07/17/19 03:55:00 AM,25.016,100.000,,,,,
11449,07/17/19 04:00:00 AM,25.016,100.000,,,,,
11450,07/17/19 04:05:00 AM,24.992,100.000,,,,,
11451,07/17/19 04:10:00 AM,24.944,100.000,,,,,
11452,07/17/19 04:15:00 AM,24.847,100.000,,,,,
11453,07/17/19 04:20:00 AM,24.774,100.000,,,,,
11454,07/17/19 04:25:00 AM,24.774,100.000,,,,,
11455,07/17/19 04:30:00 AM,24.702,100.000,,,,,
11456,07/17/19 04:35:00 AM,24.677,100.000,,,,,
11457,07/17/19 04:40:00 AM,24.677,100.000,,,,,
11458,07/17/19 04:45:00 AM,24.702,100.000,,,,,
11459,07/17/19 04:50:00 AM,24.726,100.000,,,,,
11460,07/17/19 04:55:00 AM,24.702,100.000,,,,,
11461,07/17/19 05:00:00 AM,24.629,100.000,,,,,
11462,07/17/19 05:05:00 AM,24.653,100.000,,,,,
11463,07/17/19 05:10:00 AM,24.629,100.000,,,,,
11464,07/17/19 05:15:00 AM,24.629,100.000,,,,,
11465,07/17/19 05:20:00 AM,24.629,100.000,,,,,
11466,07/17/19 05:25:00 AM,24.605,100.000,,,,,
11467,07/17/19 05:30:00 AM,24.557,100.000,,,,,
11468,07/17/19 05:35:00 AM,24.532,100.000,,,,,
11469,07/17/19 05:40:00 AM,24.484,100.000,,,,,
11470,07/17/19 05:45:00 AM,24.532,100.000,,,,,
11471,07/17/19 05:50:00 AM,24.532,100.000,,,,,
11472,07/17/19 05:55:00 AM,24.508,100.000,,,,,
11473,07/17/19 06:00:00 AM,24.484,100.000,,,,,
11474,07/17/19 06:05:00 AM,24.436,100.000,,,,,
11475,07/17/19 06:10:00 AM,24.412,100.000,,,,,
11476,07/17/19 06:15:00 AM,24.412,100.000,,,,,
11477,07/17/19 06:20:00 AM,24.388,100.000,,,,,
11478,07/17/19 06:25:00 AM,24.388,100.000,,,,,
11479,07/17/19 06:30:00 AM,24.388,100.000,,,,,
11480,07/17/19 06:35:00 AM,24.291,100.000,,,,,
11481,07/17/19 06:40:00 AM,24.243,100.000,,,,,
11482,07/17/19 06:45:00 AM,24.243,100.000,,,,,
11483,07/17/19 06:50:00 AM,24.267,100.000,,,,,
11484,07/17/19 06:55:00 AM,24.267,100.000,,,,,
11485,07/17/19 07:00:00 AM,24.291,100.000,,,,,
11486,07/17/19 07:05:00 AM,24.339,100.000,,,,,
11487,07/17/19 07:10:00 AM,24.315,100.000,,,,,
11488,07/17/19 07:15:00 AM,24.315,100.000,,,,,
11489,07/17/19 07:20:00 AM,24.291,100.000,,,,,
11490,07/17/19 07:25:00 AM,24.315,100.000,,,,,
11491,07/17/19 07:30:00 AM,24.363,100.000,,,,,
11492,07/17/19 07:35:00 AM,24.388,100.000,,,,,
11493,07/17/19 07:40:00 AM,24.412,100.000,,,,,
11494,07/17/19 07:45:00 AM,24.460,100.000,,,,,
11495,07/17/19 07:50:00 AM,24.508,100.000,,,,,
11496,07/17/19 07:55:00 AM,24.581,100.000,,,,,
11497,07/17/19 08:00:00 AM,24.677,100.000,,,,,
11498,07/17/19 08:05:00 AM,24.750,100.000,,,,,
11499,07/17/19 08:10:00 AM,24.823,100.000,,,,,
11500,07/17/19 08:15:00 AM,24.895,100.000,,,,,
11501,07/17/19 08:20:00 AM,24.968,100.000,,,,,
11502,07/17/19 08:25:00 AM,25.065,100.000,,,,,
11503,07/17/19 08:30:00 AM,25.186,100.000,,,,,
11504,07/17/19 08:35:00 AM,25.283,100.000,,,,,
11505,07/17/19 08:40:00 AM,25.404,100.000,,,,,
11506,07/17/19 08:45:00 AM,25.501,100.000,,,,,
11507,07/17/19 08:50:00 AM,25.623,100.000,,,,,
11508,07/17/19 08:55:00 AM,25.744,100.000,,,,,
11509,07/17/19 09:00:00 AM,25.841,100.000,,,,,
11510,07/17/19 09:05:00 AM,25.890,100.000,,,,,
11511,07/17/19 09:10:00 AM,25.987,100.000,,,,,
11512,07/17/19 09:15:00 AM,26.061,100.000,,,,,
11513,07/17/19 09:20:00 AM,26.182,100.000,,,,,
11514,07/17/19 09:25:00 AM,26.280,100.000,,,,,
11515,07/17/19 09:30:00 AM,26.378,100.000,,,,,
11516,07/17/19 09:35:00 AM,26.451,100.000,,,,,
11517,07/17/19 09:40:00 AM,26.598,100.000,,,,,
11518,07/17/19 09:45:00 AM,26.769,100.000,,,,,
11519,07/17/19 09:50:00 AM,26.916,100.000,,,,,
11520,07/17/19 09:55:00 AM,26.989,100.000,,,,,
11521,07/17/19 10:00:00 AM,27.063,100.000,,,,,
11522,07/17/19 10:05:00 AM,27.186,100.000,,,,,
11523,07/17/19 10:10:00 AM,27.259,100.000,,,,,
11524,07/17/19 10:15:00 AM,27.308,100.000,,,,,
11525,07/17/19 10:20:00 AM,27.382,100.000,,,,,
11526,07/17/19 10:25:00 AM,27.505,100.000,,,,,
11527,07/17/19 10:30:00 AM,27.604,100.000,,,,,
11528,07/17/19 10:35:00 AM,27.702,100.000,,,,,
11529,07/17/19 10:40:00 AM,27.801,100.000,,,,,
11530,07/17/19 10:45:00 AM,27.949,100.000,,,,,
11531,07/17/19 10:50:00 AM,27.998,100.000,,,,,
11532,07/17/19 10:55:00 AM,28.048,100.000,,,,,
11533,07/17/19 11:00:00 AM,28.147,100.000,,,,,
11534,07/17/19 11:05:00 AM,28.295,100.000,,,,,
11535,07/17/19 11:10:00 AM,28.419,100.000,,,,,
11536,07/17/19 11:15:00 AM,28.444,100.000,,,,,
11537,07/17/19 11:20:00 AM,28.543,100.000,,,,,
11538,07/17/19 11:25:00 AM,28.667,100.000,,,,,
11539,07/17/19 11:30:00 AM,28.891,100.000,,,,,
11540,07/17/19 11:35:00 AM,29.090,100.000,,,,,
11541,07/17/19 11:40:00 AM,29.140,100.000,,,,,
11542,07/17/19 11:45:00 AM,29.215,100.000,,,,,
11543,07/17/19 11:50:00 AM,29.315,99.639,,,,,
11544,07/17/19 11:55:00 AM,29.414,99.288,,,,,
11545,07/17/19 12:00:00 PM,29.590,98.686,,,,,
11546,07/17/19 12:05:00 PM,29.665,98.489,,,,,
11547,07/17/19 12:10:00 PM,29.740,98.346,,,,,
11548,07/17/19 12:15:00 PM,29.815,98.040,,,,,
11549,07/17/19 12:20:00 PM,29.991,97.705,,,,,
11550,07/17/19 12:25:00 PM,30.142,97.308,,,,,
11551,07/17/19 12:30:00 PM,30.293,97.129,,,,,
11552,07/17/19 12:35:00 PM,30.394,96.772,,,,,
11553,07/17/19 12:40:00 PM,30.343,96.376,,,,,
11554,07/17/19 12:45:00 PM,30.293,96.418,,,,,
11555,07/17/19 12:50:00 PM,30.142,96.379,,,,,
11556,07/17/19 12:55:00 PM,29.991,96.451,,,,,
11557,07/17/19 01:00:00 PM,30.091,96.695,,,,,
11558,07/17/19 01:05:00 PM,30.343,96.074,,,,,
11559,07/17/19 01:10:00 PM,30.571,95.747,,,,,
11560,07/17/19 01:15:00 PM,30.596,95.478,,,,,
11561,07/17/19 01:20:00 PM,30.545,95.300,,,,,
11562,07/17/19 01:25:00 PM,30.469,95.364,,,,,
11563,07/17/19 01:30:00 PM,30.343,95.470,,,,,
11564,07/17/19 01:35:00 PM,30.192,95.514,,,,,
11565,07/17/19 01:40:00 PM,29.991,95.738,,,,,
11566,07/17/19 01:45:00 PM,29.865,96.063,,,,,
11567,07/17/19 01:50:00 PM,29.941,96.492,,,,,
11568,07/17/19 01:55:00 PM,30.243,96.076,,,,,
11569,07/17/19 02:00:00 PM,30.520,95.156,,,,,
11570,07/17/19 02:05:00 PM,30.495,94.847,,,,,
11571,07/17/19 02:10:00 PM,30.293,95.044,,,,,
11572,07/17/19 02:15:00 PM,30.117,95.166,,,,,
11573,07/17/19 02:20:00 PM,29.890,95.384,,,,,
11574,07/17/19 02:25:00 PM,29.715,95.778,,,,,
11575,07/17/19 02:30:00 PM,29.540,95.953,,,,,
11576,07/17/19 02:35:00 PM,29.315,95.923,,,,,
11577,07/17/19 02:40:00 PM,28.941,96.020,,,,,
11578,07/17/19 02:45:00 PM,28.295,96.400,,,,,
11579,07/17/19 02:50:00 PM,27.358,97.376,,,,,
11580,07/17/19 02:55:00 PM,26.622,98.767,,,,,
11581,07/17/19 03:00:00 PM,26.061,99.895,,,,,
11582,07/17/19 03:05:00 PM,25.501,100.000,,,,,
11583,07/17/19 03:10:00 PM,25.089,100.000,,,,,
11584,07/17/19 03:15:00 PM,24.919,100.000,,,,,
11585,07/17/19 03:20:00 PM,24.895,100.000,,,,,
11586,07/17/19 03:25:00 PM,24.968,100.000,,,,,
11587,07/17/19 03:30:00 PM,25.065,100.000,,,,,
11588,07/17/19 03:35:00 PM,25.210,100.000,,,,,
11589,07/17/19 03:40:00 PM,25.380,100.000,,,,,
11590,07/17/19 03:45:00 PM,25.550,100.000,,,,,
11591,07/17/19 03:50:00 PM,25.744,100.000,,,,,
11592,07/17/19 03:55:00 PM,25.866,100.000,,,,,
11593,07/17/19 04:00:00 PM,25.963,100.000,,,,,
11594,07/17/19 04:05:00 PM,26.036,100.000,,,,,
11595,07/17/19 04:10:00 PM,26.158,100.000,,,,,
11596,07/17/19 04:15:00 PM,26.280,100.000,,,,,
11597,07/17/19 04:20:00 PM,26.426,100.000,,,,,
11598,07/17/19 04:25:00 PM,26.573,100.000,,,,,
11599,07/17/19 04:30:00 PM,26.695,100.000,,,,,
11600,07/17/19 04:35:00 PM,26.769,100.000,,,,,
11601,07/17/19 04:40:00 PM,26.867,100.000,,,,,
11602,07/17/19 04:45:00 PM,26.965,100.000,,,,,
11603,07/17/19 04:50:00 PM,27.112,100.000,,,,,
11604,07/17/19 04:55:00 PM,27.259,100.000,,,,,
11605,07/17/19 05:00:00 PM,27.333,100.000,,,,,
11606,07/17/19 05:05:00 PM,27.407,100.000,,,,,
11607,07/17/19 05:10:00 PM,27.407,100.000,,,,,
11608,07/17/19 05:15:00 PM,27.308,100.000,,,,,
11609,07/17/19 05:20:00 PM,27.259,100.000,,,,,
11610,07/17/19 05:25:00 PM,27.235,100.000,,,,,
11611,07/17/19 05:30:00 PM,27.259,100.000,,,,,
11612,07/17/19 05:35:00 PM,27.284,100.000,,,,,
11613,07/17/19 05:40:00 PM,27.308,100.000,,,,,
11614,07/17/19 05:45:00 PM,27.333,100.000,,,,,
11615,07/17/19 05:50:00 PM,27.308,100.000,,,,,
11616,07/17/19 05:55:00 PM,27.161,100.000,,,,,
11617,07/17/19 06:00:00 PM,27.063,100.000,,,,,
11618,07/17/19 06:05:00 PM,26.989,100.000,,,,,
11619,07/17/19 06:10:00 PM,26.916,100.000,,,,,
11620,07/17/19 06:15:00 PM,26.818,100.000,,,,,
11621,07/17/19 06:20:00 PM,26.769,100.000,,,,,
11622,07/17/19 06:25:00 PM,26.744,100.000,,,,,
11623,07/17/19 06:30:00 PM,26.720,100.000,,,,,
11624,07/17/19 06:35:00 PM,26.720,100.000,,,,,
11625,07/17/19 06:40:00 PM,26.744,100.000,,,,,
11626,07/17/19 06:45:00 PM,26.818,100.000,,,,,
11627,07/17/19 06:50:00 PM,26.916,100.000,,,,,
11628,07/17/19 06:55:00 PM,26.965,100.000,,,,,
11629,07/17/19 07:00:00 PM,27.014,100.000,,,,,
11630,07/17/19 07:05:00 PM,27.087,100.000,,,,,
11631,07/17/19 07:10:00 PM,27.161,100.000,,,,,
11632,07/17/19 07:15:00 PM,27.210,100.000,,,,,
11633,07/17/19 07:20:00 PM,27.186,100.000,,,,,
11634,07/17/19 07:25:00 PM,27.210,100.000,,,,,
11635,07/17/19 07:30:00 PM,27.186,100.000,,,,,
11636,07/17/19 07:35:00 PM,27.161,100.000,,,,,
11637,07/17/19 07:40:00 PM,27.112,100.000,,,,,
11638,07/17/19 07:45:00 PM,27.087,100.000,,,,,
11639,07/17/19 07:50:00 PM,27.063,100.000,,,,,
11640,07/17/19 07:55:00 PM,27.063,100.000,,,,,
11641,07/17/19 08:00:00 PM,27.038,100.000,,,,,
11642,07/17/19 08:05:00 PM,27.014,100.000,,,,,
11643,07/17/19 08:10:00 PM,26.965,100.000,,,,,
11644,07/17/19 08:15:00 PM,26.916,100.000,,,,,
11645,07/17/19 08:20:00 PM,26.867,100.000,,,,,
11646,07/17/19 08:25:00 PM,26.842,100.000,,,,,
11647,07/17/19 08:30:00 PM,26.818,100.000,,,,,
11648,07/17/19 08:35:00 PM,26.793,100.000,,,,,
11649,07/17/19 08:40:00 PM,26.769,100.000,,,,,
11650,07/17/19 08:45:00 PM,26.744,100.000,,,,,
11651,07/17/19 08:50:00 PM,26.720,100.000,,,,,
11652,07/17/19 08:55:00 PM,26.695,100.000,,,,,
11653,07/17/19 09:00:00 PM,26.646,100.000,,,,,
11654,07/17/19 09:05:00 PM,26.622,100.000,,,,,
11655,07/17/19 09:10:00 PM,26.573,100.000,,,,,
11656,07/17/19 09:15:00 PM,26.524,100.000,,,,,
11657,07/17/19 09:20:00 PM,26.500,100.000,,,,,
11658,07/17/19 09:25:00 PM,26.451,100.000,,,,,
11659,07/17/19 09:30:00 PM,26.426,100.000,,,,,
11660,07/17/19 09:35:00 PM,26.402,100.000,,,,,
11661,07/17/19 09:40:00 PM,26.402,100.000,,,,,
11662,07/17/19 09:45:00 PM,26.402,100.000,,,,,
11663,07/17/19 09:50:00 PM,26.378,100.000,,,,,
11664,07/17/19 09:55:00 PM,26.378,100.000,,,,,
11665,07/17/19 10:00:00 PM,26.378,100.000,,,,,
11666,07/17/19 10:05:00 PM,26.378,100.000,,,,,
11667,07/17/19 10:10:00 PM,26.378,100.000,,,,,
11668,07/17/19 10:15:00 PM,26.353,100.000,,,,,
11669,07/17/19 10:20:00 PM,26.353,100.000,,,,,
11670,07/17/19 10:25:00 PM,26.329,100.000,,,,,
11671,07/17/19 10:30:00 PM,26.329,100.000,,,,,
11672,07/17/19 10:35:00 PM,26.304,100.000,,,,,
11673,07/17/19 10:40:00 PM,26.304,100.000,,,,,
11674,07/17/19 10:45:00 PM,26.304,100.000,,,,,
11675,07/17/19 10:50:00 PM,26.329,100.000,,,,,
11676,07/17/19 10:55:00 PM,26.304,100.000,,,,,
11677,07/17/19 11:00:00 PM,26.280,100.000,,,,,
11678,07/17/19 11:05:00 PM,26.280,100.000,,,,,
11679,07/17/19 11:10:00 PM,26.256,100.000,,,,,
11680,07/17/19 11:15:00 PM,26.231,100.000,,,,,
11681,07/17/19 11:20:00 PM,26.231,100.000,,,,,
11682,07/17/19 11:25:00 PM,26.231,100.000,,,,,
11683,07/17/19 11:30:00 PM,26.256,100.000,,,,,
11684,07/17/19 11:35:00 PM,26.231,100.000,,,,,
11685,07/17/19 11:40:00 PM,26.182,100.000,,,,,
11686,07/17/19 11:45:00 PM,26.158,100.000,,,,,
11687,07/17/19 11:50:00 PM,26.134,100.000,,,,,
11688,07/17/19 11:55:00 PM,26.109,100.000,,,,,
11689,07/18/19 12:00:00 AM,26.109,100.000,,,,,
11690,07/18/19 12:05:00 AM,26.085,100.000,,,,,
11691,07/18/19 12:10:00 AM,26.036,100.000,,,,,
11692,07/18/19 12:15:00 AM,26.012,100.000,,,,,
11693,07/18/19 12:20:00 AM,25.987,100.000,,,,,
11694,07/18/19 12:25:00 AM,25.987,100.000,,,,,
11695,07/18/19 12:30:00 AM,25.939,100.000,,,,,
11696,07/18/19 12:35:00 AM,25.890,100.000,,,,,
11697,07/18/19 12:40:00 AM,25.890,100.000,,,,,
11698,07/18/19 12:45:00 AM,25.817,100.000,,,,,
11699,07/18/19 12:50:00 AM,25.793,100.000,,,,,
11700,07/18/19 12:55:00 AM,25.768,100.000,,,,,
11701,07/18/19 01:00:00 AM,25.744,100.000,,,,,
11702,07/18/19 01:05:00 AM,25.695,100.000,,,,,
11703,07/18/19 01:10:00 AM,25.671,100.000,,,,,
11704,07/18/19 01:15:00 AM,25.671,100.000,,,,,
11705,07/18/19 01:20:00 AM,25.647,100.000,,,,,
11706,07/18/19 01:25:00 AM,25.623,100.000,,,,,
11707,07/18/19 01:30:00 AM,25.598,100.000,,,,,
11708,07/18/19 01:35:00 AM,25.598,100.000,,,,,
11709,07/18/19 01:40:00 AM,25.574,100.000,,,,,
11710,07/18/19 01:45:00 AM,25.574,100.000,,,,,
11711,07/18/19 01:50:00 AM,25.550,100.000,,,,,
11712,07/18/19 01:55:00 AM,25.550,100.000,,,,,
11713,07/18/19 02:00:00 AM,25.550,100.000,,,,,
11714,07/18/19 02:05:00 AM,25.525,100.000,,,,,
11715,07/18/19 02:10:00 AM,25.453,100.000,,,,,
11716,07/18/19 02:15:00 AM,25.404,100.000,,,,,
11717,07/18/19 02:20:00 AM,25.380,100.000,,,,,
11718,07/18/19 02:25:00 AM,25.331,100.000,,,,,
11719,07/18/19 02:30:00 AM,25.355,100.000,,,,,
11720,07/18/19 02:35:00 AM,25.331,100.000,,,,,
11721,07/18/19 02:40:00 AM,25.283,100.000,,,,,
11722,07/18/19 02:45:00 AM,25.258,100.000,,,,,
11723,07/18/19 02:50:00 AM,25.283,100.000,,,,,
11724,07/18/19 02:55:00 AM,25.283,100.000,,,,,
11725,07/18/19 03:00:00 AM,25.283,100.000,,,,,
11726,07/18/19 03:05:00 AM,25.258,100.000,,,,,
11727,07/18/19 03:10:00 AM,25.234,100.000,,,,,
11728,07/18/19 03:15:00 AM,25.186,100.000,,,,,
11729,07/18/19 03:20:00 AM,25.186,100.000,,,,,
11730,07/18/19 03:25:00 AM,25.186,100.000,,,,,
11731,07/18/19 03:30:00 AM,25.162,100.000,,,,,
11732,07/18/19 03:35:00 AM,25.113,100.000,,,,,
11733,07/18/19 03:40:00 AM,25.113,100.000,,,,,
11734,07/18/19 03:45:00 AM,25.113,100.000,,,,,
11735,07/18/19 03:50:00 AM,25.065,100.000,,,,,
11736,07/18/19 03:55:00 AM,25.016,100.000,,,,,
11737,07/18/19 04:00:00 AM,24.968,100.000,,,,,
11738,07/18/19 04:05:00 AM,24.968,100.000,,,,,
11739,07/18/19 04:10:00 AM,24.992,100.000,,,,,
11740,07/18/19 04:15:00 AM,24.968,100.000,,,,,
11741,07/18/19 04:20:00 AM,24.944,100.000,,,,,
11742,07/18/19 04:25:00 AM,24.944,100.000,,,,,
11743,07/18/19 04:30:00 AM,24.919,100.000,,,,,
11744,07/18/19 04:35:00 AM,24.944,100.000,,,,,
11745,07/18/19 04:40:00 AM,24.968,100.000,,,,,
11746,07/18/19 04:45:00 AM,24.944,100.000,,,,,
11747,07/18/19 04:50:00 AM,24.919,100.000,,,,,
11748,07/18/19 04:55:00 AM,24.895,100.000,,,,,
11749,07/18/19 05:00:00 AM,24.871,100.000,,,,,
11750,07/18/19 05:05:00 AM,24.847,100.000,,,,,
11751,07/18/19 05:10:00 AM,24.798,100.000,,,,,
11752,07/18/19 05:15:00 AM,24.774,100.000,,,,,
11753,07/18/19 05:20:00 AM,24.726,100.000,,,,,
11754,07/18/19 05:25:00 AM,24.726,100.000,,,,,
11755,07/18/19 05:30:00 AM,24.702,100.000,,,,,
11756,07/18/19 05:35:00 AM,24.726,100.000,,,,,
11757,07/18/19 05:40:00 AM,24.702,100.000,,,,,
11758,07/18/19 05:45:00 AM,24.702,100.000,,,,,
11759,07/18/19 05:50:00 AM,24.677,100.000,,,,,
11760,07/18/19 05:55:00 AM,24.677,100.000,,,,,
11761,07/18/19 06:00:00 AM,24.653,100.000,,,,,
11762,07/18/19 06:05:00 AM,24.653,100.000,,,,,
11763,07/18/19 06:10:00 AM,24.629,100.000,,,,,
11764,07/18/19 06:15:00 AM,24.653,100.000,,,,,
11765,07/18/19 06:20:00 AM,24.653,100.000,,,,,
11766,07/18/19 06:25:00 AM,24.581,100.000,,,,,
11767,07/18/19 06:30:00 AM,24.557,100.000,,,,,
11768,07/18/19 06:35:00 AM,24.532,100.000,,,,,
11769,07/18/19 06:40:00 AM,24.460,100.000,,,,,
11770,07/18/19 06:45:00 AM,24.436,100.000,,,,,
11771,07/18/19 06:50:00 AM,24.412,100.000,,,,,
11772,07/18/19 06:55:00 AM,24.388,100.000,,,,,
11773,07/18/19 07:00:00 AM,24.339,100.000,,,,,
11774,07/18/19 07:05:00 AM,24.315,100.000,,,,,
11775,07/18/19 07:10:00 AM,24.339,100.000,,,,,
11776,07/18/19 07:15:00 AM,24.315,100.000,,,,,
11777,07/18/19 07:20:00 AM,24.291,100.000,,,,,
11778,07/18/19 07:25:00 AM,24.339,100.000,,,,,
11779,07/18/19 07:30:00 AM,24.412,100.000,,,,,
11780,07/18/19 07:35:00 AM,24.436,100.000,,,,,
11781,07/18/19 07:40:00 AM,24.484,100.000,,,,,
11782,07/18/19 07:45:00 AM,24.508,100.000,,,,,
11783,07/18/19 07:50:00 AM,24.557,100.000,,,,,
11784,07/18/19 07:55:00 AM,24.605,100.000,,,,,
11785,07/18/19 08:00:00 AM,24.677,100.000,,,,,
11786,07/18/19 08:05:00 AM,24.726,100.000,,,,,
11787,07/18/19 08:10:00 AM,24.847,100.000,,,,,
11788,07/18/19 08:15:00 AM,24.968,100.000,,,,,
11789,07/18/19 08:20:00 AM,25.016,100.000,,,,,
11790,07/18/19 08:25:00 AM,25.065,100.000,,,,,
11791,07/18/19 08:30:00 AM,25.162,100.000,,,,,
11792,07/18/19 08:35:00 AM,25.234,100.000,,,,,
11793,07/18/19 08:40:00 AM,25.331,100.000,,,,,
11794,07/18/19 08:45:00 AM,25.428,100.000,,,,,
11795,07/18/19 08:50:00 AM,25.525,100.000,,,,,
11796,07/18/19 08:55:00 AM,25.623,100.000,,,,,
11797,07/18/19 09:00:00 AM,25.720,100.000,,,,,
11798,07/18/19 09:05:00 AM,25.841,100.000,,,,,
11799,07/18/19 09:10:00 AM,25.939,100.000,,,,,
11800,07/18/19 09:15:00 AM,26.061,100.000,,,,,
11801,07/18/19 09:20:00 AM,26.182,100.000,,,,,
11802,07/18/19 09:25:00 AM,26.280,100.000,,,,,
11803,07/18/19 09:30:00 AM,26.402,100.000,,,,,
11804,07/18/19 09:35:00 AM,26.549,100.000,,,,,
11805,07/18/19 09:40:00 AM,26.695,100.000,,,,,
11806,07/18/19 09:45:00 AM,26.867,100.000,,,,,
11807,07/18/19 09:50:00 AM,26.916,100.000,,,,,
11808,07/18/19 09:55:00 AM,26.989,100.000,,,,,
11809,07/18/19 10:00:00 AM,27.087,100.000,,,,,
11810,07/18/19 10:05:00 AM,27.112,100.000,,,,,
11811,07/18/19 10:10:00 AM,27.112,100.000,,,,,
11812,07/18/19 10:15:00 AM,27.186,100.000,,,,,
11813,07/18/19 10:20:00 AM,27.259,100.000,,,,,
11814,07/18/19 10:25:00 AM,27.333,100.000,,,,,
11815,07/18/19 10:30:00 AM,27.407,100.000,,,,,
11816,07/18/19 10:35:00 AM,27.284,100.000,,,,,
11817,07/18/19 10:40:00 AM,27.210,100.000,,,,,
11818,07/18/19 10:45:00 AM,27.161,100.000,,,,,
11819,07/18/19 10:50:00 AM,27.210,100.000,,,,,
11820,07/18/19 10:55:00 AM,27.308,100.000,,,,,
11821,07/18/19 11:00:00 AM,27.333,100.000,,,,,
11822,07/18/19 11:05:00 AM,27.358,100.000,,,,,
11823,07/18/19 11:10:00 AM,27.333,100.000,,,,,
11824,07/18/19 11:15:00 AM,27.284,100.000,,,,,
11825,07/18/19 11:20:00 AM,27.333,100.000,,,,,
11826,07/18/19 11:25:00 AM,27.456,100.000,,,,,
11827,07/18/19 11:30:00 AM,27.825,100.000,,,,,
11828,07/18/19 11:35:00 AM,27.899,100.000,,,,,
11829,07/18/19 11:40:00 AM,27.801,100.000,,,,,
11830,07/18/19 11:45:00 AM,27.899,100.000,,,,,
11831,07/18/19 11:50:00 AM,27.899,100.000,,,,,
11832,07/18/19 11:55:00 AM,27.727,100.000,,,,,
11833,07/18/19 12:00:00 PM,27.776,100.000,,,,,
11834,07/18/19 12:05:00 PM,27.998,100.000,,,,,
11835,07/18/19 12:10:00 PM,28.097,100.000,,,,,
11836,07/18/19 12:15:00 PM,27.998,100.000,,,,,
11837,07/18/19 12:20:00 PM,27.924,100.000,,,,,
11838,07/18/19 12:25:00 PM,27.949,100.000,,,,,
11839,07/18/19 12:30:00 PM,28.196,100.000,,,,,
11840,07/18/19 12:35:00 PM,28.468,100.000,,,,,
11841,07/18/19 12:40:00 PM,28.419,100.000,,,,,
11842,07/18/19 12:45:00 PM,28.147,100.000,,,,,
11843,07/18/19 12:50:00 PM,28.023,100.000,,,,,
11844,07/18/19 12:55:00 PM,28.048,100.000,,,,,
11845,07/18/19 01:00:00 PM,28.072,100.000,,,,,
11846,07/18/19 01:05:00 PM,28.270,100.000,,,,,
11847,07/18/19 01:10:00 PM,28.568,100.000,,,,,
11848,07/18/19 01:15:00 PM,28.593,100.000,,,,,
11849,07/18/19 01:20:00 PM,28.345,100.000,,,,,
11850,07/18/19 01:25:00 PM,28.320,100.000,,,,,
11851,07/18/19 01:30:00 PM,28.320,100.000,,,,,
11852,07/18/19 01:35:00 PM,28.369,100.000,,,,,
11853,07/18/19 01:40:00 PM,28.444,100.000,,,,,
11854,07/18/19 01:45:00 PM,28.493,100.000,,,,,
11855,07/18/19 01:50:00 PM,28.617,100.000,,,,,
11856,07/18/19 01:55:00 PM,28.816,100.000,,,,,
11857,07/18/19 02:00:00 PM,29.115,100.000,,,,,
11858,07/18/19 02:05:00 PM,29.265,100.000,,,,,
11859,07/18/19 02:10:00 PM,29.265,100.000,,,,,
11860,07/18/19 02:15:00 PM,29.215,100.000,,,,,
11861,07/18/19 02:20:00 PM,29.315,100.000,,,,,
11862,07/18/19 02:25:00 PM,29.515,100.000,,,,,
11863,07/18/19 02:30:00 PM,29.740,100.000,,,,,
11864,07/18/19 02:35:00 PM,29.865,100.000,,,,,
11865,07/18/19 02:40:00 PM,29.715,100.000,,,,,
11866,07/18/19 02:45:00 PM,29.490,100.000,,,,,
11867,07/18/19 02:50:00 PM,29.290,100.000,,,,,
11868,07/18/19 02:55:00 PM,29.464,100.000,,,,,
11869,07/18/19 03:00:00 PM,29.890,100.000,,,,,
11870,07/18/19 03:05:00 PM,30.444,100.000,,,,,
11871,07/18/19 03:10:00 PM,30.900,100.000,,,,,
11872,07/18/19 03:15:00 PM,31.128,100.000,,,,,
11873,07/18/19 03:20:00 PM,31.204,100.000,,,,,
11874,07/18/19 03:25:00 PM,31.052,100.000,,,,,
11875,07/18/19 03:30:00 PM,30.773,100.000,,,,,
11876,07/18/19 03:35:00 PM,30.369,100.000,,,,,
11877,07/18/19 03:40:00 PM,29.865,100.000,,,,,
11878,07/18/19 03:45:00 PM,29.290,100.000,,,,,
11879,07/18/19 03:50:00 PM,28.841,100.000,,,,,
11880,07/18/19 03:55:00 PM,28.369,100.000,,,,,
11881,07/18/19 04:00:00 PM,27.974,100.000,,,,,
11882,07/18/19 04:05:00 PM,27.628,100.000,,,,,
11883,07/18/19 04:10:00 PM,27.358,100.000,,,,,
11884,07/18/19 04:15:00 PM,27.014,100.000,,,,,
11885,07/18/19 04:20:00 PM,26.744,100.000,,,,,
11886,07/18/19 04:25:00 PM,26.646,100.000,,,,,
11887,07/18/19 04:30:00 PM,26.646,100.000,,,,,
11888,07/18/19 04:35:00 PM,26.646,100.000,,,,,
11889,07/18/19 04:40:00 PM,26.720,100.000,,,,,
11890,07/18/19 04:45:00 PM,26.720,100.000,,,,,
11891,07/18/19 04:50:00 PM,26.744,100.000,,,,,
11892,07/18/19 04:55:00 PM,26.842,100.000,,,,,
11893,07/18/19 05:00:00 PM,26.965,100.000,,,,,
11894,07/18/19 05:05:00 PM,27.136,100.000,,,,,
11895,07/18/19 05:10:00 PM,27.382,100.000,,,,,
11896,07/18/19 05:15:00 PM,27.702,100.000,,,,,
11897,07/18/19 05:20:00 PM,27.924,100.000,,,,,
11898,07/18/19 05:25:00 PM,28.048,100.000,,,,,
11899,07/18/19 05:30:00 PM,28.072,100.000,,,,,
11900,07/18/19 05:35:00 PM,28.122,100.000,,,,,
11901,07/18/19 05:40:00 PM,28.147,100.000,,,,,
11902,07/18/19 05:45:00 PM,28.147,100.000,,,,,
11903,07/18/19 05:50:00 PM,28.147,100.000,,,,,
11904,07/18/19 05:55:00 PM,28.097,100.000,,,,,
11905,07/18/19 06:00:00 PM,28.097,100.000,,,,,
11906,07/18/19 06:05:00 PM,28.072,100.000,,,,,
11907,07/18/19 06:10:00 PM,28.048,100.000,,,,,
11908,07/18/19 06:15:00 PM,27.974,100.000,,,,,
11909,07/18/19 06:20:00 PM,27.949,100.000,,,,,
11910,07/18/19 06:25:00 PM,27.949,100.000,,,,,
11911,07/18/19 06:30:00 PM,27.949,100.000,,,,,
11912,07/18/19 06:35:00 PM,27.949,100.000,,,,,
11913,07/18/19 06:40:00 PM,27.924,100.000,,,,,
11914,07/18/19 06:45:00 PM,27.899,100.000,,,,,
11915,07/18/19 06:50:00 PM,27.850,100.000,,,,,
11916,07/18/19 06:55:00 PM,27.825,100.000,,,,,
11917,07/18/19 07:00:00 PM,27.776,100.000,,,,,
11918,07/18/19 07:05:00 PM,27.727,100.000,,,,,
11919,07/18/19 07:10:00 PM,27.677,100.000,,,,,
11920,07/18/19 07:15:00 PM,27.628,100.000,,,,,
11921,07/18/19 07:20:00 PM,27.579,100.000,,,,,
11922,07/18/19 07:25:00 PM,27.530,100.000,,,,,
11923,07/18/19 07:30:00 PM,27.481,100.000,,,,,
11924,07/18/19 07:35:00 PM,27.407,100.000,,,,,
11925,07/18/19 07:40:00 PM,27.358,100.000,,,,,
11926,07/18/19 07:45:00 PM,27.308,100.000,,,,,
11927,07/18/19 07:50:00 PM,27.284,100.000,,,,,
11928,07/18/19 07:55:00 PM,27.235,100.000,,,,,
11929,07/18/19 08:00:00 PM,27.210,100.000,,,,,
11930,07/18/19 08:05:00 PM,27.186,100.000,,,,,
11931,07/18/19 08:10:00 PM,27.161,100.000,,,,,
11932,07/18/19 08:15:00 PM,27.112,100.000,,,,,
11933,07/18/19 08:20:00 PM,27.063,100.000,,,,,
11934,07/18/19 08:25:00 PM,27.014,100.000,,,,,
11935,07/18/19 08:30:00 PM,26.940,100.000,,,,,
11936,07/18/19 08:35:00 PM,26.891,100.000,,,,,
11937,07/18/19 08:40:00 PM,26.842,100.000,,,,,
11938,07/18/19 08:45:00 PM,26.818,100.000,,,,,
11939,07/18/19 08:50:00 PM,26.793,100.000,,,,,
11940,07/18/19 08:55:00 PM,26.720,100.000,,,,,
11941,07/18/19 09:00:00 PM,26.671,100.000,,,,,
11942,07/18/19 09:05:00 PM,26.622,100.000,,,,,
11943,07/18/19 09:10:00 PM,26.622,100.000,,,,,
11944,07/18/19 09:15:00 PM,26.573,100.000,,,,,
11945,07/18/19 09:20:00 PM,26.549,100.000,,,,,
11946,07/18/19 09:25:00 PM,26.500,100.000,,,,,
11947,07/18/19 09:30:00 PM,26.451,100.000,,,,,
11948,07/18/19 09:35:00 PM,26.426,100.000,,,,,
11949,07/18/19 09:40:00 PM,26.402,100.000,,,,,
11950,07/18/19 09:45:00 PM,26.378,100.000,,,,,
11951,07/18/19 09:50:00 PM,26.329,100.000,,,,,
11952,07/18/19 09:55:00 PM,26.329,100.000,,,,,
11953,07/18/19 10:00:00 PM,26.304,100.000,,,,,
11954,07/18/19 10:05:00 PM,26.280,100.000,,,,,
11955,07/18/19 10:10:00 PM,26.231,100.000,,,,,
11956,07/18/19 10:15:00 PM,26.182,100.000,,,,,
11957,07/18/19 10:20:00 PM,26.158,100.000,,,,,
11958,07/18/19 10:25:00 PM,26.158,100.000,,,,,
11959,07/18/19 10:30:00 PM,26.158,100.000,,,,,
11960,07/18/19 10:35:00 PM,26.158,100.000,,,,,
11961,07/18/19 10:40:00 PM,26.134,100.000,,,,,
11962,07/18/19 10:45:00 PM,26.134,100.000,,,,,
11963,07/18/19 10:50:00 PM,26.085,100.000,,,,,
11964,07/18/19 10:55:00 PM,26.061,100.000,,,,,
11965,07/18/19 11:00:00 PM,26.061,100.000,,,,,
11966,07/18/19 11:05:00 PM,26.036,100.000,,,,,
11967,07/18/19 11:10:00 PM,26.036,100.000,,,,,
11968,07/18/19 11:15:00 PM,26.012,100.000,,,,,
11969,07/18/19 11:20:00 PM,26.012,100.000,,,,,
11970,07/18/19 11:25:00 PM,26.012,100.000,,,,,
11971,07/18/19 11:30:00 PM,26.036,100.000,,,,,
11972,07/18/19 11:35:00 PM,26.012,100.000,,,,,
11973,07/18/19 11:40:00 PM,26.012,100.000,,,,,
11974,07/18/19 11:45:00 PM,25.987,100.000,,,,,
11975,07/18/19 11:50:00 PM,25.987,100.000,,,,,
11976,07/18/19 11:55:00 PM,25.939,100.000,,,,,
11977,07/19/19 12:00:00 AM,25.939,100.000,,,,,
11978,07/19/19 12:05:00 AM,25.939,100.000,,,,,
11979,07/19/19 12:10:00 AM,25.890,100.000,,,,,
11980,07/19/19 12:15:00 AM,25.866,100.000,,,,,
11981,07/19/19 12:20:00 AM,25.841,100.000,,,,,
11982,07/19/19 12:25:00 AM,25.817,100.000,,,,,
11983,07/19/19 12:30:00 AM,25.793,100.000,,,,,
11984,07/19/19 12:35:00 AM,25.768,100.000,,,,,
11985,07/19/19 12:40:00 AM,25.744,100.000,,,,,
11986,07/19/19 12:45:00 AM,25.744,100.000,,,,,
11987,07/19/19 12:50:00 AM,25.744,100.000,,,,,
11988,07/19/19 12:55:00 AM,25.720,100.000,,,,,
11989,07/19/19 01:00:00 AM,25.720,100.000,,,,,
11990,07/19/19 01:05:00 AM,25.695,100.000,,,,,
11991,07/19/19 01:10:00 AM,25.695,100.000,,,,,
11992,07/19/19 01:15:00 AM,25.720,100.000,,,,,
11993,07/19/19 01:20:00 AM,25.720,100.000,,,,,
11994,07/19/19 01:25:00 AM,25.695,100.000,,,,,
11995,07/19/19 01:30:00 AM,25.671,100.000,,,,,
11996,07/19/19 01:35:00 AM,25.671,100.000,,,,,
11997,07/19/19 01:40:00 AM,25.647,100.000,,,,,
11998,07/19/19 01:45:00 AM,25.647,100.000,,,,,
11999,07/19/19 01:50:00 AM,25.671,100.000,,,,,
12000,07/19/19 01:55:00 AM,25.671,100.000,,,,,
12001,07/19/19 02:00:00 AM,25.647,100.000,,,,,
12002,07/19/19 02:05:00 AM,25.647,100.000,,,,,
12003,07/19/19 02:10:00 AM,25.623,100.000,,,,,
12004,07/19/19 02:15:00 AM,25.598,100.000,,,,,
12005,07/19/19 02:20:00 AM,25.574,100.000,,,,,
12006,07/19/19 02:25:00 AM,25.525,100.000,,,,,
12007,07/19/19 02:30:00 AM,25.550,100.000,,,,,
12008,07/19/19 02:35:00 AM,25.501,100.000,,,,,
12009,07/19/19 02:40:00 AM,25.453,100.000,,,,,
12010,07/19/19 02:45:00 AM,25.428,100.000,,,,,
12011,07/19/19 02:50:00 AM,25.453,100.000,,,,,
12012,07/19/19 02:55:00 AM,25.453,100.000,,,,,
12013,07/19/19 03:00:00 AM,25.428,100.000,,,,,
12014,07/19/19 03:05:00 AM,25.404,100.000,,,,,
12015,07/19/19 03:10:00 AM,25.404,100.000,,,,,
12016,07/19/19 03:15:00 AM,25.404,100.000,,,,,
12017,07/19/19 03:20:00 AM,25.404,100.000,,,,,
12018,07/19/19 03:25:00 AM,25.404,100.000,,,,,
12019,07/19/19 03:30:00 AM,25.355,100.000,,,,,
12020,07/19/19 03:35:00 AM,25.307,100.000,,,,,
12021,07/19/19 03:40:00 AM,25.258,100.000,,,,,
12022,07/19/19 03:45:00 AM,25.234,100.000,,,,,
12023,07/19/19 03:50:00 AM,25.234,100.000,,,,,
12024,07/19/19 03:55:00 AM,25.210,100.000,,,,,
12025,07/19/19 04:00:00 AM,25.186,100.000,,,,,
12026,07/19/19 04:05:00 AM,25.162,100.000,,,,,
12027,07/19/19 04:10:00 AM,25.210,100.000,,,,,
12028,07/19/19 04:15:00 AM,25.162,100.000,,,,,
12029,07/19/19 04:20:00 AM,25.089,100.000,,,,,
12030,07/19/19 04:25:00 AM,25.065,100.000,,,,,
12031,07/19/19 04:30:00 AM,25.040,100.000,,,,,
12032,07/19/19 04:35:00 AM,25.065,100.000,,,,,
12033,07/19/19 04:40:00 AM,25.089,100.000,,,,,
12034,07/19/19 04:45:00 AM,25.113,100.000,,,,,
12035,07/19/19 04:50:00 AM,25.065,100.000,,,,,
12036,07/19/19 04:55:00 AM,25.016,100.000,,,,,
12037,07/19/19 05:00:00 AM,24.992,100.000,,,,,
12038,07/19/19 05:05:00 AM,24.968,100.000,,,,,
12039,07/19/19 05:10:00 AM,24.968,100.000,,,,,
12040,07/19/19 05:15:00 AM,24.992,100.000,,,,,
12041,07/19/19 05:20:00 AM,24.968,100.000,,,,,
12042,07/19/19 05:25:00 AM,24.944,100.000,,,,,
12043,07/19/19 05:30:00 AM,24.919,100.000,,,,,
12044,07/19/19 05:35:00 AM,24.919,100.000,,,,,
12045,07/19/19 05:40:00 AM,24.919,100.000,,,,,
12046,07/19/19 05:45:00 AM,24.895,100.000,,,,,
12047,07/19/19 05:50:00 AM,24.895,100.000,,,,,
12048,07/19/19 05:55:00 AM,24.944,100.000,,,,,
12049,07/19/19 06:00:00 AM,24.871,100.000,,,,,
12050,07/19/19 06:05:00 AM,24.847,100.000,,,,,
12051,07/19/19 06:10:00 AM,24.823,100.000,,,,,
12052,07/19/19 06:15:00 AM,24.798,100.000,,,,,
12053,07/19/19 06:20:00 AM,24.750,100.000,,,,,
12054,07/19/19 06:25:00 AM,24.726,100.000,,,,,
12055,07/19/19 06:30:00 AM,24.702,100.000,,,,,
12056,07/19/19 06:35:00 AM,24.726,100.000,,,,,
12057,07/19/19 06:40:00 AM,24.726,100.000,,,,,
12058,07/19/19 06:45:00 AM,24.726,100.000,,,,,
12059,07/19/19 06:50:00 AM,24.702,100.000,,,,,
12060,07/19/19 06:55:00 AM,24.750,100.000,,,,,
12061,07/19/19 07:00:00 AM,24.750,100.000,,,,,
12062,07/19/19 07:05:00 AM,24.774,100.000,,,,,
12063,07/19/19 07:10:00 AM,24.798,100.000,,,,,
12064,07/19/19 07:15:00 AM,24.798,100.000,,,,,
12065,07/19/19 07:20:00 AM,24.823,100.000,,,,,
12066,07/19/19 07:25:00 AM,24.847,100.000,,,,,
12067,07/19/19 07:30:00 AM,24.871,100.000,,,,,
12068,07/19/19 07:35:00 AM,24.944,100.000,,,,,
12069,07/19/19 07:40:00 AM,24.968,100.000,,,,,
12070,07/19/19 07:45:00 AM,25.016,100.000,,,,,
12071,07/19/19 07:50:00 AM,25.040,100.000,,,,,
12072,07/19/19 07:55:00 AM,25.065,100.000,,,,,
12073,07/19/19 08:00:00 AM,25.113,100.000,,,,,
12074,07/19/19 08:05:00 AM,25.186,100.000,,,,,
12075,07/19/19 08:10:00 AM,25.210,100.000,,,,,
12076,07/19/19 08:15:00 AM,25.258,100.000,,,,,
12077,07/19/19 08:20:00 AM,25.307,100.000,,,,,
12078,07/19/19 08:25:00 AM,25.380,100.000,,,,,
12079,07/19/19 08:30:00 AM,25.453,100.000,,,,,
12080,07/19/19 08:35:00 AM,25.501,100.000,,,,,
12081,07/19/19 08:40:00 AM,25.525,100.000,,,,,
12082,07/19/19 08:45:00 AM,25.598,100.000,,,,,
12083,07/19/19 08:50:00 AM,25.647,100.000,,,,,
12084,07/19/19 08:55:00 AM,25.695,100.000,,,,,
12085,07/19/19 09:00:00 AM,25.768,100.000,,,,,
12086,07/19/19 09:05:00 AM,25.841,100.000,,,,,
12087,07/19/19 09:10:00 AM,25.939,100.000,,,,,
12088,07/19/19 09:15:00 AM,25.987,100.000,,,,,
12089,07/19/19 09:20:00 AM,26.061,100.000,,,,,
12090,07/19/19 09:25:00 AM,26.134,100.000,,,,,
12091,07/19/19 09:30:00 AM,26.158,100.000,,,,,
12092,07/19/19 09:35:00 AM,26.207,100.000,,,,,
12093,07/19/19 09:40:00 AM,26.231,100.000,,,,,
12094,07/19/19 09:45:00 AM,26.304,100.000,,,,,
12095,07/19/19 09:50:00 AM,26.329,100.000,,,,,
12096,07/19/19 09:55:00 AM,26.378,100.000,,,,,
12097,07/19/19 10:00:00 AM,26.402,100.000,,,,,
12098,07/19/19 10:05:00 AM,26.426,100.000,,,,,
12099,07/19/19 10:10:00 AM,26.475,100.000,,,,,
12100,07/19/19 10:15:00 AM,26.549,100.000,,,,,
12101,07/19/19 10:20:00 AM,26.646,100.000,,,,,
12102,07/19/19 10:25:00 AM,26.744,100.000,,,,,
12103,07/19/19 10:30:00 AM,26.818,100.000,,,,,
12104,07/19/19 10:35:00 AM,26.842,100.000,,,,,
12105,07/19/19 10:40:00 AM,26.916,100.000,,,,,
12106,07/19/19 10:45:00 AM,27.014,100.000,,,,,
12107,07/19/19 10:50:00 AM,27.161,100.000,,,,,
12108,07/19/19 10:55:00 AM,27.259,100.000,,,,,
12109,07/19/19 11:00:00 AM,27.358,100.000,,,,,
12110,07/19/19 11:05:00 AM,27.382,100.000,,,,,
12111,07/19/19 11:10:00 AM,27.456,100.000,,,,,
12112,07/19/19 11:15:00 AM,27.505,100.000,,,,,
12113,07/19/19 11:20:00 AM,27.604,100.000,,,,,
12114,07/19/19 11:25:00 AM,27.628,100.000,,,,,
12115,07/19/19 11:30:00 AM,27.653,100.000,,,,,
12116,07/19/19 11:35:00 AM,27.702,100.000,,,,,
12117,07/19/19 11:40:00 AM,27.751,100.000,,,,,
12118,07/19/19 11:45:00 AM,27.776,100.000,,,,,
12119,07/19/19 11:50:00 AM,27.801,100.000,,,,,
12120,07/19/19 11:55:00 AM,27.801,100.000,,,,,
12121,07/19/19 12:00:00 PM,27.825,100.000,,,,,
12122,07/19/19 12:05:00 PM,27.850,100.000,,,,,
12123,07/19/19 12:10:00 PM,27.850,100.000,,,,,
12124,07/19/19 12:15:00 PM,27.850,100.000,,,,,
12125,07/19/19 12:20:00 PM,27.899,100.000,,,,,
12126,07/19/19 12:25:00 PM,27.949,100.000,,,,,
12127,07/19/19 12:30:00 PM,28.023,100.000,,,,,
12128,07/19/19 12:35:00 PM,28.023,100.000,,,,,
12129,07/19/19 12:40:00 PM,28.023,100.000,,,,,
12130,07/19/19 12:45:00 PM,28.072,100.000,,,,,
12131,07/19/19 12:50:00 PM,28.171,100.000,,,,,
12132,07/19/19 12:55:00 PM,28.171,100.000,,,,,
12133,07/19/19 01:00:00 PM,28.196,100.000,,,,,
12134,07/19/19 01:05:00 PM,28.270,100.000,,,,,
12135,07/19/19 01:10:00 PM,28.493,100.000,,,,,
12136,07/19/19 01:15:00 PM,28.742,100.000,,,,,
12137,07/19/19 01:20:00 PM,28.990,100.000,,,,,
12138,07/19/19 01:25:00 PM,29.040,100.000,,,,,
12139,07/19/19 01:30:00 PM,29.040,100.000,,,,,
12140,07/19/19 01:35:00 PM,29.090,100.000,,,,,
12141,07/19/19 01:40:00 PM,29.340,100.000,,,,,
12142,07/19/19 01:45:00 PM,29.439,100.000,,,,,
12143,07/19/19 01:50:00 PM,29.464,100.000,,,,,
12144,07/19/19 01:55:00 PM,29.615,100.000,,,,,
12145,07/19/19 02:00:00 PM,29.916,100.000,,,,,
12146,07/19/19 02:05:00 PM,30.066,100.000,,,,,
12147,07/19/19 02:10:00 PM,30.192,100.000,,,,,
12148,07/19/19 02:15:00 PM,30.469,100.000,,,,,
12149,07/19/19 02:20:00 PM,30.748,100.000,,,,,
12150,07/19/19 02:25:00 PM,31.001,100.000,,,,,
12151,07/19/19 02:30:00 PM,31.433,100.000,,,,,
12152,07/19/19 02:35:00 PM,31.868,100.000,,,,,
12153,07/19/19 02:40:00 PM,32.304,97.836,,,,,
12154,07/19/19 02:45:00 PM,32.613,96.897,,,,,
12155,07/19/19 02:50:00 PM,32.898,95.557,,,,,
12156,07/19/19 02:55:00 PM,32.794,95.087,,,,,
12157,07/19/19 03:00:00 PM,32.073,94.435,,,,,
12158,07/19/19 03:05:00 PM,30.976,94.911,,,,,
12159,07/19/19 03:10:00 PM,29.815,96.078,,,,,
12160,07/19/19 03:15:00 PM,28.941,97.271,,,,,
12161,07/19/19 03:20:00 PM,28.320,98.246,,,,,
12162,07/19/19 03:25:00 PM,27.875,99.178,,,,,
12163,07/19/19 03:30:00 PM,27.604,99.801,,,,,
12164,07/19/19 03:35:00 PM,27.481,100.000,,,,,
12165,07/19/19 03:40:00 PM,27.210,100.000,,,,,
12166,07/19/19 03:45:00 PM,26.818,100.000,,,,,
12167,07/19/19 03:50:00 PM,25.914,100.000,,,,,
12168,07/19/19 03:55:00 PM,24.919,100.000,,,,,
12169,07/19/19 04:00:00 PM,24.074,100.000,,,,,
12170,07/19/19 04:05:00 PM,23.232,100.000,,,,,
12171,07/19/19 04:10:00 PM,22.872,100.000,,,,,
12172,07/19/19 04:15:00 PM,22.848,100.000,,,,,
12173,07/19/19 04:20:00 PM,22.944,100.000,,,,,
12174,07/19/19 04:25:00 PM,23.040,100.000,,,,,
12175,07/19/19 04:30:00 PM,23.184,100.000,,,,,
12176,07/19/19 04:35:00 PM,23.352,100.000,,,,,
12177,07/19/19 04:40:00 PM,23.472,100.000,,,,,
12178,07/19/19 04:45:00 PM,23.545,100.000,,,,,
12179,07/19/19 04:50:00 PM,23.617,100.000,,,,,
12180,07/19/19 04:55:00 PM,23.689,100.000,,,,,
12181,07/19/19 05:00:00 PM,23.809,100.000,,,,,
12182,07/19/19 05:05:00 PM,23.905,100.000,,,,,
12183,07/19/19 05:10:00 PM,24.074,100.000,,,,,
12184,07/19/19 05:15:00 PM,24.195,100.000,,,,,
12185,07/19/19 05:20:00 PM,24.291,100.000,,,,,
12186,07/19/19 05:25:00 PM,24.388,100.000,,,,,
12187,07/19/19 05:30:00 PM,24.532,100.000,,,,,
12188,07/19/19 05:35:00 PM,24.677,100.000,,,,,
12189,07/19/19 05:40:00 PM,24.726,100.000,,,,,
12190,07/19/19 05:45:00 PM,24.847,100.000,,,,,
12191,07/19/19 05:50:00 PM,24.992,100.000,,,,,
12192,07/19/19 05:55:00 PM,25.089,100.000,,,,,
12193,07/19/19 06:00:00 PM,25.137,100.000,,,,,
12194,07/19/19 06:05:00 PM,25.162,100.000,,,,,
12195,07/19/19 06:10:00 PM,25.186,100.000,,,,,
12196,07/19/19 06:15:00 PM,25.234,100.000,,,,,
12197,07/19/19 06:20:00 PM,25.234,100.000,,,,,
12198,07/19/19 06:25:00 PM,25.162,100.000,,,,,
12199,07/19/19 06:30:00 PM,25.016,100.000,,,,,
12200,07/19/19 06:35:00 PM,24.895,100.000,,,,,
12201,07/19/19 06:40:00 PM,24.774,100.000,,,,,
12202,07/19/19 06:45:00 PM,24.677,100.000,,,,,
12203,07/19/19 06:50:00 PM,24.629,100.000,,,,,
12204,07/19/19 06:55:00 PM,24.532,100.000,,,,,
12205,07/19/19 07:00:00 PM,24.460,100.000,,,,,
12206,07/19/19 07:05:00 PM,24.436,100.000,,,,,
12207,07/19/19 07:10:00 PM,24.363,100.000,,,,,
12208,07/19/19 07:15:00 PM,24.267,100.000,,,,,
12209,07/19/19 07:20:00 PM,24.195,100.000,,,,,
12210,07/19/19 07:25:00 PM,24.195,100.000,,,,,
12211,07/19/19 07:30:00 PM,24.195,100.000,,,,,
12212,07/19/19 07:35:00 PM,24.219,100.000,,,,,
12213,07/19/19 07:40:00 PM,24.243,100.000,,,,,
12214,07/19/19 07:45:00 PM,24.267,100.000,,,,,
12215,07/19/19 07:50:00 PM,24.315,100.000,,,,,
12216,07/19/19 07:55:00 PM,24.339,100.000,,,,,
12217,07/19/19 08:00:00 PM,24.339,100.000,,,,,
12218,07/19/19 08:05:00 PM,24.315,100.000,,,,,
12219,07/19/19 08:10:00 PM,24.363,100.000,,,,,
12220,07/19/19 08:15:00 PM,24.291,100.000,,,,,
12221,07/19/19 08:20:00 PM,24.291,100.000,,,,,
12222,07/19/19 08:25:00 PM,24.291,100.000,,,,,
12223,07/19/19 08:30:00 PM,24.267,100.000,,,,,
12224,07/19/19 08:35:00 PM,24.219,100.000,,,,,
12225,07/19/19 08:40:00 PM,24.171,100.000,,,,,
12226,07/19/19 08:45:00 PM,24.171,100.000,,,,,
12227,07/19/19 08:50:00 PM,24.122,100.000,,,,,
12228,07/19/19 08:55:00 PM,24.098,100.000,,,,,
12229,07/19/19 09:00:00 PM,24.098,100.000,,,,,
12230,07/19/19 09:05:00 PM,24.098,100.000,,,,,
12231,07/19/19 09:10:00 PM,24.050,100.000,,,,,
12232,07/19/19 09:15:00 PM,24.002,100.000,,,,,
12233,07/19/19 09:20:00 PM,24.002,100.000,,,,,
12234,07/19/19 09:25:00 PM,24.002,100.000,,,,,
12235,07/19/19 09:30:00 PM,24.002,100.000,,,,,
12236,07/19/19 09:35:00 PM,23.978,100.000,,,,,
12237,07/19/19 09:40:00 PM,23.930,100.000,,,,,
12238,07/19/19 09:45:00 PM,23.857,100.000,,,,,
12239,07/19/19 09:50:00 PM,23.809,100.000,,,,,
12240,07/19/19 09:55:00 PM,23.809,100.000,,,,,
12241,07/19/19 10:00:00 PM,23.761,100.000,,,,,
12242,07/19/19 10:05:00 PM,23.761,100.000,,,,,
12243,07/19/19 10:10:00 PM,23.833,100.000,,,,,
12244,07/19/19 10:15:00 PM,23.809,100.000,,,,,
12245,07/19/19 10:20:00 PM,23.833,100.000,,,,,
12246,07/19/19 10:25:00 PM,23.809,100.000,,,,,
12247,07/19/19 10:30:00 PM,23.785,100.000,,,,,
12248,07/19/19 10:35:00 PM,23.785,100.000,,,,,
12249,07/19/19 10:40:00 PM,23.833,100.000,,,,,
12250,07/19/19 10:45:00 PM,23.809,100.000,,,,,
12251,07/19/19 10:50:00 PM,23.833,100.000,,,,,
12252,07/19/19 10:55:00 PM,23.857,100.000,,,,,
12253,07/19/19 11:00:00 PM,23.857,100.000,,,,,
12254,07/19/19 11:05:00 PM,23.881,100.000,,,,,
12255,07/19/19 11:10:00 PM,23.833,100.000,,,,,
12256,07/19/19 11:15:00 PM,23.785,100.000,,,,,
12257,07/19/19 11:20:00 PM,23.857,100.000,,,,,
12258,07/19/19 11:25:00 PM,23.809,100.000,,,,,
12259,07/19/19 11:30:00 PM,23.713,100.000,,,,,
12260,07/19/19 11:35:00 PM,23.713,100.000,,,,,
12261,07/19/19 11:40:00 PM,23.761,100.000,,,,,
12262,07/19/19 11:45:00 PM,23.857,100.000,,,,,
12263,07/19/19 11:50:00 PM,23.881,100.000,,,,,
12264,07/19/19 11:55:00 PM,23.809,100.000,,,,,
12265,07/20/19 12:00:00 AM,23.761,100.000,,,,,
12266,07/20/19 12:05:00 AM,23.617,100.000,,,,,
12267,07/20/19 12:10:00 AM,23.472,100.000,,,,,
12268,07/20/19 12:15:00 AM,23.472,100.000,,,,,
12269,07/20/19 12:20:00 AM,23.472,100.000,,,,,
12270,07/20/19 12:25:00 AM,23.424,100.000,,,,,
12271,07/20/19 12:30:00 AM,23.448,100.000,,,,,
12272,07/20/19 12:35:00 AM,23.424,100.000,,,,,
12273,07/20/19 12:40:00 AM,23.376,100.000,,,,,
12274,07/20/19 12:45:00 AM,23.448,100.000,,,,,
12275,07/20/19 12:50:00 AM,23.376,100.000,,,,,
12276,07/20/19 12:55:00 AM,23.304,100.000,,,,,
12277,07/20/19 01:00:00 AM,23.256,100.000,,,,,
12278,07/20/19 01:05:00 AM,23.256,100.000,,,,,
12279,07/20/19 01:10:00 AM,23.256,100.000,,,,,
12280,07/20/19 01:15:00 AM,23.304,100.000,,,,,
12281,07/20/19 01:20:00 AM,23.328,100.000,,,,,
12282,07/20/19 01:25:00 AM,23.280,100.000,,,,,
12283,07/20/19 01:30:00 AM,23.256,100.000,,,,,
12284,07/20/19 01:35:00 AM,23.184,100.000,,,,,
12285,07/20/19 01:40:00 AM,23.160,100.000,,,,,
12286,07/20/19 01:45:00 AM,23.112,100.000,,,,,
12287,07/20/19 01:50:00 AM,23.088,100.000,,,,,
12288,07/20/19 01:55:00 AM,23.136,100.000,,,,,
12289,07/20/19 02:00:00 AM,23.136,100.000,,,,,
12290,07/20/19 02:05:00 AM,23.112,100.000,,,,,
12291,07/20/19 02:10:00 AM,23.040,100.000,,,,,
12292,07/20/19 02:15:00 AM,23.064,100.000,,,,,
12293,07/20/19 02:20:00 AM,23.112,100.000,,,,,
12294,07/20/19 02:25:00 AM,23.112,100.000,,,,,
12295,07/20/19 02:30:00 AM,23.160,100.000,,,,,
12296,07/20/19 02:35:00 AM,23.184,100.000,,,,,
12297,07/20/19 02:40:00 AM,23.184,100.000,,,,,
12298,07/20/19 02:45:00 AM,23.184,100.000,,,,,
12299,07/20/19 02:50:00 AM,23.160,100.000,,,,,
12300,07/20/19 02:55:00 AM,23.136,100.000,,,,,
12301,07/20/19 03:00:00 AM,23.232,100.000,,,,,
12302,07/20/19 03:05:00 AM,23.232,100.000,,,,,
12303,07/20/19 03:10:00 AM,23.136,100.000,,,,,
12304,07/20/19 03:15:00 AM,23.112,100.000,,,,,
12305,07/20/19 03:20:00 AM,23.088,100.000,,,,,
12306,07/20/19 03:25:00 AM,23.088,100.000,,,,,
12307,07/20/19 03:30:00 AM,23.088,100.000,,,,,
12308,07/20/19 03:35:00 AM,23.064,100.000,,,,,
12309,07/20/19 03:40:00 AM,23.016,100.000,,,,,
12310,07/20/19 03:45:00 AM,23.016,100.000,,,,,
12311,07/20/19 03:50:00 AM,22.944,100.000,,,,,
12312,07/20/19 03:55:00 AM,22.920,100.000,,,,,
12313,07/20/19 04:00:00 AM,22.896,100.000,,,,,
12314,07/20/19 04:05:00 AM,22.896,100.000,,,,,
12315,07/20/19 04:10:00 AM,22.992,100.000,,,,,
12316,07/20/19 04:15:00 AM,22.992,100.000,,,,,
12317,07/20/19 04:20:00 AM,22.992,100.000,,,,,
12318,07/20/19 04:25:00 AM,22.992,100.000,,,,,
12319,07/20/19 04:30:00 AM,23.040,100.000,,,,,
12320,07/20/19 04:35:00 AM,23.088,100.000,,,,,
12321,07/20/19 04:40:00 AM,23.088,100.000,,,,,
12322,07/20/19 04:45:00 AM,23.040,100.000,,,,,
12323,07/20/19 04:50:00 AM,22.968,100.000,,,,,
12324,07/20/19 04:55:00 AM,22.872,100.000,,,,,
12325,07/20/19 05:00:00 AM,22.848,100.000,,,,,
12326,07/20/19 05:05:00 AM,22.872,100.000,,,,,
12327,07/20/19 05:10:00 AM,22.824,100.000,,,,,
12328,07/20/19 05:15:00 AM,22.776,100.000,,,,,
12329,07/20/19 05:20:00 AM,22.800,100.000,,,,,
12330,07/20/19 05:25:00 AM,22.824,100.000,,,,,
12331,07/20/19 05:30:00 AM,22.872,100.000,,,,,
12332,07/20/19 05:35:00 AM,22.824,100.000,,,,,
12333,07/20/19 05:40:00 AM,22.872,100.000,,,,,
12334,07/20/19 05:45:00 AM,22.848,100.000,,,,,
12335,07/20/19 05:50:00 AM,22.776,100.000,,,,,
12336,07/20/19 05:55:00 AM,22.729,100.000,,,,,
12337,07/20/19 06:00:00 AM,22.705,100.000,,,,,
12338,07/20/19 06:05:00 AM,22.705,100.000,,,,,
12339,07/20/19 06:10:00 AM,22.705,100.000,,,,,
12340,07/20/19 06:15:00 AM,22.729,100.000,,,,,
12341,07/20/19 06:20:00 AM,22.753,100.000,,,,,
12342,07/20/19 06:25:00 AM,22.753,100.000,,,,,
12343,07/20/19 06:30:00 AM,22.800,100.000,,,,,
12344,07/20/19 06:35:00 AM,22.800,100.000,,,,,
12345,07/20/19 06:40:00 AM,22.800,100.000,,,,,
12346,07/20/19 06:45:00 AM,22.848,100.000,,,,,
12347,07/20/19 06:50:00 AM,22.848,100.000,,,,,
12348,07/20/19 06:55:00 AM,22.848,100.000,,,,,
12349,07/20/19 07:00:00 AM,22.872,100.000,,,,,
12350,07/20/19 07:05:00 AM,22.896,100.000,,,,,
12351,07/20/19 07:10:00 AM,22.920,100.000,,,,,
12352,07/20/19 07:15:00 AM,22.968,100.000,,,,,
12353,07/20/19 07:20:00 AM,22.968,100.000,,,,,
12354,07/20/19 07:25:00 AM,22.992,100.000,,,,,
12355,07/20/19 07:30:00 AM,23.040,100.000,,,,,
12356,07/20/19 07:35:00 AM,23.112,100.000,,,,,
12357,07/20/19 07:40:00 AM,23.136,100.000,,,,,
12358,07/20/19 07:45:00 AM,23.184,100.000,,,,,
12359,07/20/19 07:50:00 AM,23.256,100.000,,,,,
12360,07/20/19 07:55:00 AM,23.304,100.000,,,,,
12361,07/20/19 08:00:00 AM,23.328,100.000,,,,,
12362,07/20/19 08:05:00 AM,23.376,100.000,,,,,
12363,07/20/19 08:10:00 AM,23.448,100.000,,,,,
12364,07/20/19 08:15:00 AM,23.545,100.000,,,,,
12365,07/20/19 08:20:00 AM,23.617,100.000,,,,,
12366,07/20/19 08:25:00 AM,23.689,100.000,,,,,
12367,07/20/19 08:30:00 AM,23.761,100.000,,,,,
12368,07/20/19 08:35:00 AM,23.809,100.000,,,,,
12369,07/20/19 08:40:00 AM,23.881,100.000,,,,,
12370,07/20/19 08:45:00 AM,23.930,100.000,,,,,
12371,07/20/19 08:50:00 AM,24.050,100.000,,,,,
12372,07/20/19 08:55:00 AM,24.171,100.000,,,,,
12373,07/20/19 09:00:00 AM,24.267,100.000,,,,,
12374,07/20/19 09:05:00 AM,24.339,100.000,,,,,
12375,07/20/19 09:10:00 AM,24.412,100.000,,,,,
12376,07/20/19 09:15:00 AM,24.557,100.000,,,,,
12377,07/20/19 09:20:00 AM,24.726,100.000,,,,,
12378,07/20/19 09:25:00 AM,24.944,100.000,,,,,
12379,07/20/19 09:30:00 AM,25.162,100.000,,,,,
12380,07/20/19 09:35:00 AM,25.355,100.000,,,,,
12381,07/20/19 09:40:00 AM,25.550,100.000,,,,,
12382,07/20/19 09:45:00 AM,25.720,100.000,,,,,
12383,07/20/19 09:50:00 AM,25.720,100.000,,,,,
12384,07/20/19 09:55:00 AM,25.695,100.000,,,,,
12385,07/20/19 10:00:00 AM,25.720,100.000,,,,,
12386,07/20/19 10:05:00 AM,25.768,100.000,,,,,
12387,07/20/19 10:10:00 AM,25.817,100.000,,,,,
12388,07/20/19 10:15:00 AM,25.890,100.000,,,,,
12389,07/20/19 10:20:00 AM,25.939,100.000,,,,,
12390,07/20/19 10:25:00 AM,25.914,100.000,,,,,
12391,07/20/19 10:30:00 AM,25.939,100.000,,,,,
12392,07/20/19 10:35:00 AM,26.061,100.000,,,,,
12393,07/20/19 10:40:00 AM,26.134,100.000,,,,,
12394,07/20/19 10:45:00 AM,26.085,100.000,,,,,
12395,07/20/19 10:50:00 AM,26.134,100.000,,,,,
12396,07/20/19 10:55:00 AM,26.280,100.000,,,,,
12397,07/20/19 11:00:00 AM,26.378,100.000,,,,,
12398,07/20/19 11:05:00 AM,26.524,100.000,,,,,
12399,07/20/19 11:10:00 AM,26.622,100.000,,,,,
12400,07/20/19 11:15:00 AM,26.500,100.000,,,,,
12401,07/20/19 11:20:00 AM,26.451,100.000,,,,,
12402,07/20/19 11:25:00 AM,26.671,100.000,,,,,
12403,07/20/19 11:30:00 AM,26.793,100.000,,,,,
12404,07/20/19 11:35:00 AM,26.573,100.000,,,,,
12405,07/20/19 11:40:00 AM,26.524,100.000,,,,,
12406,07/20/19 11:45:00 AM,26.671,100.000,,,,,
12407,07/20/19 11:50:00 AM,26.867,100.000,,,,,
12408,07/20/19 11:55:00 AM,27.038,100.000,,,,,
12409,07/20/19 12:00:00 PM,26.891,100.000,,,,,
12410,07/20/19 12:05:00 PM,26.842,100.000,,,,,
12411,07/20/19 12:10:00 PM,27.014,100.000,,,,,
12412,07/20/19 12:15:00 PM,27.210,100.000,,,,,
12413,07/20/19 12:20:00 PM,27.284,100.000,,,,,
12414,07/20/19 12:25:00 PM,27.358,100.000,,,,,
12415,07/20/19 12:30:00 PM,27.407,100.000,,,,,
12416,07/20/19 12:35:00 PM,27.235,100.000,,,,,
12417,07/20/19 12:40:00 PM,27.161,100.000,,,,,
12418,07/20/19 12:45:00 PM,27.210,100.000,,,,,
12419,07/20/19 12:50:00 PM,27.530,100.000,,,,,
12420,07/20/19 12:55:00 PM,27.505,100.000,,,,,
12421,07/20/19 01:00:00 PM,27.505,100.000,,,,,
12422,07/20/19 01:05:00 PM,27.505,100.000,,,,,
12423,07/20/19 01:10:00 PM,27.554,100.000,,,,,
12424,07/20/19 01:15:00 PM,27.776,100.000,,,,,
12425,07/20/19 01:20:00 PM,27.850,100.000,,,,,
12426,07/20/19 01:25:00 PM,27.628,100.000,,,,,
12427,07/20/19 01:30:00 PM,27.333,100.000,,,,,
12428,07/20/19 01:35:00 PM,27.112,100.000,,,,,
12429,07/20/19 01:40:00 PM,26.965,100.000,,,,,
12430,07/20/19 01:45:00 PM,26.916,100.000,,,,,
12431,07/20/19 01:50:00 PM,26.842,100.000,,,,,
12432,07/20/19 01:55:00 PM,26.646,100.000,,,,,
12433,07/20/19 02:00:00 PM,26.500,100.000,,,,,
12434,07/20/19 02:05:00 PM,26.378,100.000,,,,,
12435,07/20/19 02:10:00 PM,26.549,100.000,,,,,
12436,07/20/19 02:15:00 PM,27.112,100.000,,,,,
12437,07/20/19 02:20:00 PM,27.801,100.000,,,,,
12438,07/20/19 02:25:00 PM,28.369,100.000,,,,,
12439,07/20/19 02:30:00 PM,28.916,100.000,,,,,
12440,07/20/19 02:35:00 PM,28.543,100.000,,,,,
12441,07/20/19 02:40:00 PM,28.692,100.000,,,,,
12442,07/20/19 02:45:00 PM,29.015,100.000,,,,,
12443,07/20/19 02:50:00 PM,29.464,100.000,,,,,
12444,07/20/19 02:55:00 PM,29.765,100.000,,,,,
12445,07/20/19 03:00:00 PM,29.340,100.000,,,,,
12446,07/20/19 03:05:00 PM,28.990,100.000,,,,,
12447,07/20/19 03:10:00 PM,29.215,100.000,,,,,
12448,07/20/19 03:15:00 PM,29.515,100.000,,,,,
12449,07/20/19 03:20:00 PM,28.965,100.000,,,,,
12450,07/20/19 03:25:00 PM,28.419,100.000,,,,,
12451,07/20/19 03:30:00 PM,28.147,100.000,,,,,
12452,07/20/19 03:35:00 PM,27.998,100.000,,,,,
12453,07/20/19 03:40:00 PM,28.048,100.000,,,,,
12454,07/20/19 03:45:00 PM,27.727,100.000,,,,,
12455,07/20/19 03:50:00 PM,27.702,100.000,,,,,
12456,07/20/19 03:55:00 PM,27.801,100.000,,,,,
12457,07/20/19 04:00:00 PM,28.048,100.000,,,,,
12458,07/20/19 04:05:00 PM,28.147,100.000,,,,,
12459,07/20/19 04:10:00 PM,27.875,100.000,,,,,
12460,07/20/19 04:15:00 PM,27.628,100.000,,,,,
12461,07/20/19 04:20:00 PM,27.604,100.000,,,,,
12462,07/20/19 04:25:00 PM,27.456,100.000,,,,,
12463,07/20/19 04:30:00 PM,27.431,100.000,,,,,
12464,07/20/19 04:35:00 PM,27.554,100.000,,,,,
12465,07/20/19 04:40:00 PM,27.653,100.000,,,,,
12466,07/20/19 04:45:00 PM,27.481,100.000,,,,,
12467,07/20/19 04:50:00 PM,27.431,100.000,,,,,
12468,07/20/19 04:55:00 PM,27.530,100.000,,,,,
12469,07/20/19 05:00:00 PM,27.530,100.000,,,,,
12470,07/20/19 05:05:00 PM,27.407,100.000,,,,,
12471,07/20/19 05:10:00 PM,27.161,100.000,,,,,
12472,07/20/19 05:15:00 PM,26.916,100.000,,,,,
12473,07/20/19 05:20:00 PM,26.769,100.000,,,,,
12474,07/20/19 05:25:00 PM,26.573,100.000,,,,,
12475,07/20/19 05:30:00 PM,26.451,100.000,,,,,
12476,07/20/19 05:35:00 PM,26.329,100.000,,,,,
12477,07/20/19 05:40:00 PM,26.231,100.000,,,,,
12478,07/20/19 05:45:00 PM,26.182,100.000,,,,,
12479,07/20/19 05:50:00 PM,26.329,100.000,,,,,
12480,07/20/19 05:55:00 PM,26.646,100.000,,,,,
12481,07/20/19 06:00:00 PM,26.867,100.000,,,,,
12482,07/20/19 06:05:00 PM,26.916,100.000,,,,,
12483,07/20/19 06:10:00 PM,26.916,100.000,,,,,
12484,07/20/19 06:15:00 PM,26.916,100.000,,,,,
12485,07/20/19 06:20:00 PM,26.818,100.000,,,,,
12486,07/20/19 06:25:00 PM,26.720,100.000,,,,,
12487,07/20/19 06:30:00 PM,26.720,100.000,,,,,
12488,07/20/19 06:35:00 PM,26.720,100.000,,,,,
12489,07/20/19 06:40:00 PM,26.720,100.000,,,,,
12490,07/20/19 06:45:00 PM,26.720,100.000,,,,,
12491,07/20/19 06:50:00 PM,26.720,100.000,,,,,
12492,07/20/19 06:55:00 PM,26.646,100.000,,,,,
12493,07/20/19 07:00:00 PM,26.524,100.000,,,,,
12494,07/20/19 07:05:00 PM,26.426,100.000,,,,,
12495,07/20/19 07:10:00 PM,26.353,100.000,,,,,
12496,07/20/19 07:15:00 PM,26.280,100.000,,,,,
12497,07/20/19 07:20:00 PM,26.182,100.000,,,,,
12498,07/20/19 07:25:00 PM,26.134,100.000,,,,,
12499,07/20/19 07:30:00 PM,26.061,100.000,,,,,
12500,07/20/19 07:35:00 PM,26.012,100.000,,,,,
12501,07/20/19 07:40:00 PM,25.914,100.000,,,,,
12502,07/20/19 07:45:00 PM,25.841,100.000,,,,,
12503,07/20/19 07:50:00 PM,25.768,100.000,,,,,
12504,07/20/19 07:55:00 PM,25.695,100.000,,,,,
12505,07/20/19 08:00:00 PM,25.623,100.000,,,,,
12506,07/20/19 08:05:00 PM,25.550,100.000,,,,,
12507,07/20/19 08:10:00 PM,25.501,100.000,,,,,
12508,07/20/19 08:15:00 PM,25.404,100.000,,,,,
12509,07/20/19 08:20:00 PM,25.380,100.000,,,,,
12510,07/20/19 08:25:00 PM,25.307,100.000,,,,,
12511,07/20/19 08:30:00 PM,25.234,100.000,,,,,
12512,07/20/19 08:35:00 PM,25.162,100.000,,,,,
12513,07/20/19 08:40:00 PM,25.137,100.000,,,,,
12514,07/20/19 08:45:00 PM,25.113,100.000,,,,,
12515,07/20/19 08:50:00 PM,25.065,100.000,,,,,
12516,07/20/19 08:55:00 PM,24.992,100.000,,,,,
12517,07/20/19 09:00:00 PM,24.968,100.000,,,,,
12518,07/20/19 09:05:00 PM,24.944,100.000,,,,,
12519,07/20/19 09:10:00 PM,24.847,100.000,,,,,
12520,07/20/19 09:15:00 PM,24.823,100.000,,,,,
12521,07/20/19 09:20:00 PM,24.774,100.000,,,,,
12522,07/20/19 09:25:00 PM,24.726,100.000,,,,,
12523,07/20/19 09:30:00 PM,24.702,100.000,,,,,
12524,07/20/19 09:35:00 PM,24.653,100.000,,,,,
12525,07/20/19 09:40:00 PM,24.605,100.000,,,,,
12526,07/20/19 09:45:00 PM,24.581,100.000,,,,,
12527,07/20/19 09:50:00 PM,24.581,100.000,,,,,
12528,07/20/19 09:55:00 PM,24.532,100.000,,,,,
12529,07/20/19 10:00:00 PM,24.484,100.000,,,,,
12530,07/20/19 10:05:00 PM,24.436,100.000,,,,,
12531,07/20/19 10:10:00 PM,24.388,100.000,,,,,
12532,07/20/19 10:15:00 PM,24.436,100.000,,,,,
12533,07/20/19 10:20:00 PM,24.388,100.000,,,,,
12534,07/20/19 10:25:00 PM,24.388,100.000,,,,,
12535,07/20/19 10:30:00 PM,24.363,100.000,,,,,
12536,07/20/19 10:35:00 PM,24.363,100.000,,,,,
12537,07/20/19 10:40:00 PM,24.363,100.000,,,,,
12538,07/20/19 10:45:00 PM,24.339,100.000,,,,,
12539,07/20/19 10:50:00 PM,24.291,100.000,,,,,
12540,07/20/19 10:55:00 PM,24.267,100.000,,,,,
12541,07/20/19 11:00:00 PM,24.195,100.000,,,,,
12542,07/20/19 11:05:00 PM,24.146,100.000,,,,,
12543,07/20/19 11:10:00 PM,24.098,100.000,,,,,
12544,07/20/19 11:15:00 PM,24.098,100.000,,,,,
12545,07/20/19 11:20:00 PM,24.050,100.000,,,,,
12546,07/20/19 11:25:00 PM,24.050,100.000,,,,,
12547,07/20/19 11:30:00 PM,24.098,100.000,,,,,
12548,07/20/19 11:35:00 PM,24.146,100.000,,,,,
12549,07/20/19 11:40:00 PM,24.050,100.000,,,,,
12550,07/20/19 11:45:00 PM,24.002,100.000,,,,,
12551,07/20/19 11:50:00 PM,24.074,100.000,,,,,
12552,07/20/19 11:55:00 PM,24.098,100.000,,,,,
12553,07/21/19 12:00:00 AM,24.074,100.000,,,,,
12554,07/21/19 12:05:00 AM,24.050,100.000,,,,,
12555,07/21/19 12:10:00 AM,24.002,100.000,,,,,
12556,07/21/19 12:15:00 AM,23.978,100.000,,,,,
12557,07/21/19 12:20:00 AM,24.026,100.000,,,,,
12558,07/21/19 12:25:00 AM,24.002,100.000,,,,,
12559,07/21/19 12:30:00 AM,24.002,100.000,,,,,
12560,07/21/19 12:35:00 AM,24.002,100.000,,,,,
12561,07/21/19 12:40:00 AM,23.978,100.000,,,,,
12562,07/21/19 12:45:00 AM,23.954,100.000,,,,,
12563,07/21/19 12:50:00 AM,23.954,100.000,,,,,
12564,07/21/19 12:55:00 AM,23.954,100.000,,,,,
12565,07/21/19 01:00:00 AM,23.905,100.000,,,,,
12566,07/21/19 01:05:00 AM,23.954,100.000,,,,,
12567,07/21/19 01:10:00 AM,23.930,100.000,,,,,
12568,07/21/19 01:15:00 AM,23.905,100.000,,,,,
12569,07/21/19 01:20:00 AM,23.881,100.000,,,,,
12570,07/21/19 01:25:00 AM,23.857,100.000,,,,,
12571,07/21/19 01:30:00 AM,23.833,100.000,,,,,
12572,07/21/19 01:35:00 AM,23.809,100.000,,,,,
12573,07/21/19 01:40:00 AM,23.833,100.000,,,,,
12574,07/21/19 01:45:00 AM,23.857,100.000,,,,,
12575,07/21/19 01:50:00 AM,23.857,100.000,,,,,
12576,07/21/19 01:55:00 AM,23.833,100.000,,,,,
12577,07/21/19 02:00:00 AM,23.833,100.000,,,,,
12578,07/21/19 02:05:00 AM,23.809,100.000,,,,,
12579,07/21/19 02:10:00 AM,23.833,100.000,,,,,
12580,07/21/19 02:15:00 AM,23.881,100.000,,,,,
12581,07/21/19 02:20:00 AM,23.954,100.000,,,,,
12582,07/21/19 02:25:00 AM,23.954,100.000,,,,,
12583,07/21/19 02:30:00 AM,23.954,100.000,,,,,
12584,07/21/19 02:35:00 AM,23.930,100.000,,,,,
12585,07/21/19 02:40:00 AM,23.881,100.000,,,,,
12586,07/21/19 02:45:00 AM,23.881,100.000,,,,,
12587,07/21/19 02:50:00 AM,23.857,100.000,,,,,
12588,07/21/19 02:55:00 AM,23.857,100.000,,,,,
12589,07/21/19 03:00:00 AM,23.833,100.000,,,,,
12590,07/21/19 03:05:00 AM,23.809,100.000,,,,,
12591,07/21/19 03:10:00 AM,23.785,100.000,,,,,
12592,07/21/19 03:15:00 AM,23.809,100.000,,,,,
12593,07/21/19 03:20:00 AM,23.809,100.000,,,,,
12594,07/21/19 03:25:00 AM,23.689,100.000,,,,,
12595,07/21/19 03:30:00 AM,23.641,100.000,,,,,
12596,07/21/19 03:35:00 AM,23.665,100.000,,,,,
12597,07/21/19 03:40:00 AM,23.593,100.000,,,,,
12598,07/21/19 03:45:00 AM,23.545,100.000,,,,,
12599,07/21/19 03:50:00 AM,23.521,100.000,,,,,
12600,07/21/19 03:55:00 AM,23.521,100.000,,,,,
12601,07/21/19 04:00:00 AM,23.545,100.000,,,,,
12602,07/21/19 04:05:00 AM,23.569,100.000,,,,,
12603,07/21/19 04:10:00 AM,23.521,100.000,,,,,
12604,07/21/19 04:15:00 AM,23.497,100.000,,,,,
12605,07/21/19 04:20:00 AM,23.472,100.000,,,,,
12606,07/21/19 04:25:00 AM,23.472,100.000,,,,,
12607,07/21/19 04:30:00 AM,23.497,100.000,,,,,
12608,07/21/19 04:35:00 AM,23.448,100.000,,,,,
12609,07/21/19 04:40:00 AM,23.400,100.000,,,,,
12610,07/21/19 04:45:00 AM,23.352,100.000,,,,,
12611,07/21/19 04:50:00 AM,23.352,100.000,,,,,
12612,07/21/19 04:55:00 AM,23.328,100.000,,,,,
12613,07/21/19 05:00:00 AM,23.328,100.000,,,,,
12614,07/21/19 05:05:00 AM,23.304,100.000,,,,,
12615,07/21/19 05:10:00 AM,23.304,100.000,,,,,
12616,07/21/19 05:15:00 AM,23.280,100.000,,,,,
12617,07/21/19 05:20:00 AM,23.280,100.000,,,,,
12618,07/21/19 05:25:00 AM,23.280,100.000,,,,,
12619,07/21/19 05:30:00 AM,23.280,100.000,,,,,
12620,07/21/19 05:35:00 AM,23.280,100.000,,,,,
12621,07/21/19 05:40:00 AM,23.232,100.000,,,,,
12622,07/21/19 05:45:00 AM,23.280,100.000,,,,,
12623,07/21/19 05:50:00 AM,23.280,100.000,,,,,
12624,07/21/19 05:55:00 AM,23.232,100.000,,,,,
12625,07/21/19 06:00:00 AM,23.184,100.000,,,,,
12626,07/21/19 06:05:00 AM,23.184,100.000,,,,,
12627,07/21/19 06:10:00 AM,23.160,100.000,,,,,
12628,07/21/19 06:15:00 AM,23.136,100.000,,,,,
12629,07/21/19 06:20:00 AM,23.136,100.000,,,,,
12630,07/21/19 06:25:00 AM,23.208,100.000,,,,,
12631,07/21/19 06:30:00 AM,23.160,100.000,,,,,
12632,07/21/19 06:35:00 AM,23.088,100.000,,,,,
12633,07/21/19 06:40:00 AM,23.112,100.000,,,,,
12634,07/21/19 06:45:00 AM,23.112,100.000,,,,,
12635,07/21/19 06:50:00 AM,23.088,100.000,,,,,
12636,07/21/19 06:55:00 AM,23.064,100.000,,,,,
12637,07/21/19 07:00:00 AM,23.088,100.000,,,,,
12638,07/21/19 07:05:00 AM,23.112,100.000,,,,,
12639,07/21/19 07:10:00 AM,23.088,100.000,,,,,
12640,07/21/19 07:15:00 AM,23.112,100.000,,,,,
12641,07/21/19 07:20:00 AM,23.136,100.000,,,,,
12642,07/21/19 07:25:00 AM,23.136,100.000,,,,,
12643,07/21/19 07:30:00 AM,23.136,100.000,,,,,
12644,07/21/19 07:35:00 AM,23.160,100.000,,,,,
12645,07/21/19 07:40:00 AM,23.232,100.000,,,,,
12646,07/21/19 07:45:00 AM,23.304,100.000,,,,,
12647,07/21/19 07:50:00 AM,23.328,100.000,,,,,
12648,07/21/19 07:55:00 AM,23.376,100.000,,,,,
12649,07/21/19 08:00:00 AM,23.400,100.000,,,,,
12650,07/21/19 08:05:00 AM,23.400,100.000,,,,,
12651,07/21/19 08:10:00 AM,23.424,100.000,,,,,
12652,07/21/19 08:15:00 AM,23.497,100.000,,,,,
12653,07/21/19 08:20:00 AM,23.617,100.000,,,,,
12654,07/21/19 08:25:00 AM,23.737,100.000,,,,,
12655,07/21/19 08:30:00 AM,23.809,100.000,,,,,
12656,07/21/19 08:35:00 AM,23.954,100.000,,,,,
12657,07/21/19 08:40:00 AM,24.098,100.000,,,,,
12658,07/21/19 08:45:00 AM,24.243,100.000,,,,,
12659,07/21/19 08:50:00 AM,24.363,100.000,,,,,
12660,07/21/19 08:55:00 AM,24.484,100.000,,,,,
12661,07/21/19 09:00:00 AM,24.581,100.000,,,,,
12662,07/21/19 09:05:00 AM,24.726,100.000,,,,,
12663,07/21/19 09:10:00 AM,24.798,100.000,,,,,
12664,07/21/19 09:15:00 AM,24.871,100.000,,,,,
12665,07/21/19 09:20:00 AM,24.944,100.000,,,,,
12666,07/21/19 09:25:00 AM,25.016,100.000,,,,,
12667,07/21/19 09:30:00 AM,25.040,100.000,,,,,
12668,07/21/19 09:35:00 AM,25.065,100.000,,,,,
12669,07/21/19 09:40:00 AM,25.089,100.000,,,,,
12670,07/21/19 09:45:00 AM,25.162,100.000,,,,,
12671,07/21/19 09:50:00 AM,25.258,100.000,,,,,
12672,07/21/19 09:55:00 AM,25.331,100.000,,,,,
12673,07/21/19 10:00:00 AM,25.380,100.000,,,,,
12674,07/21/19 10:05:00 AM,25.453,100.000,,,,,
12675,07/21/19 10:10:00 AM,25.501,100.000,,,,,
12676,07/21/19 10:15:00 AM,25.598,100.000,,,,,
12677,07/21/19 10:20:00 AM,25.671,100.000,,,,,
12678,07/21/19 10:25:00 AM,25.695,100.000,,,,,
12679,07/21/19 10:30:00 AM,25.793,100.000,,,,,
12680,07/21/19 10:35:00 AM,25.914,100.000,,,,,
12681,07/21/19 10:40:00 AM,26.085,100.000,,,,,
12682,07/21/19 10:45:00 AM,26.231,100.000,,,,,
12683,07/21/19 10:50:00 AM,26.329,100.000,,,,,
12684,07/21/19 10:55:00 AM,26.426,100.000,,,,,
12685,07/21/19 11:00:00 AM,26.500,100.000,,,,,
12686,07/21/19 11:05:00 AM,26.598,100.000,,,,,
12687,07/21/19 11:10:00 AM,26.622,100.000,,,,,
12688,07/21/19 11:15:00 AM,26.671,100.000,,,,,
12689,07/21/19 11:20:00 AM,26.818,100.000,,,,,
12690,07/21/19 11:25:00 AM,26.891,100.000,,,,,
12691,07/21/19 11:30:00 AM,27.161,100.000,,,,,
12692,07/21/19 11:35:00 AM,27.407,100.000,,,,,
12693,07/21/19 11:40:00 AM,27.579,100.000,,,,,
12694,07/21/19 11:45:00 AM,27.604,100.000,,,,,
12695,07/21/19 11:50:00 AM,27.481,100.000,,,,,
12696,07/21/19 11:55:00 AM,27.407,100.000,,,,,
12697,07/21/19 12:00:00 PM,27.481,100.000,,,,,
12698,07/21/19 12:05:00 PM,27.554,100.000,,,,,
12699,07/21/19 12:10:00 PM,27.554,100.000,,,,,
12700,07/21/19 12:15:00 PM,27.653,100.000,,,,,
12701,07/21/19 12:20:00 PM,27.702,100.000,,,,,
12702,07/21/19 12:25:00 PM,27.628,100.000,,,,,
12703,07/21/19 12:30:00 PM,27.456,100.000,,,,,
12704,07/21/19 12:35:00 PM,27.358,100.000,,,,,
12705,07/21/19 12:40:00 PM,27.456,100.000,,,,,
12706,07/21/19 12:45:00 PM,27.702,100.000,,,,,
12707,07/21/19 12:50:00 PM,27.974,100.000,,,,,
12708,07/21/19 12:55:00 PM,27.949,100.000,,,,,
12709,07/21/19 01:00:00 PM,27.974,100.000,,,,,
12710,07/21/19 01:05:00 PM,27.974,100.000,,,,,
12711,07/21/19 01:10:00 PM,27.974,100.000,,,,,
12712,07/21/19 01:15:00 PM,27.998,100.000,,,,,
12713,07/21/19 01:20:00 PM,28.147,100.000,,,,,
12714,07/21/19 01:25:00 PM,28.295,100.000,,,,,
12715,07/21/19 01:30:00 PM,28.568,100.000,,,,,
12716,07/21/19 01:35:00 PM,28.791,100.000,,,,,
12717,07/21/19 01:40:00 PM,28.990,100.000,,,,,
12718,07/21/19 01:45:00 PM,29.090,100.000,,,,,
12719,07/21/19 01:50:00 PM,29.190,100.000,,,,,
12720,07/21/19 01:55:00 PM,29.389,100.000,,,,,
12721,07/21/19 02:00:00 PM,29.640,100.000,,,,,
12722,07/21/19 02:05:00 PM,29.865,100.000,,,,,
12723,07/21/19 02:10:00 PM,30.066,100.000,,,,,
12724,07/21/19 02:15:00 PM,30.066,100.000,,,,,
12725,07/21/19 02:20:00 PM,29.815,100.000,,,,,
12726,07/21/19 02:25:00 PM,29.790,100.000,,,,,
12727,07/21/19 02:30:00 PM,30.243,100.000,,,,,
12728,07/21/19 02:35:00 PM,30.900,100.000,,,,,
12729,07/21/19 02:40:00 PM,31.510,100.000,,,,,
12730,07/21/19 02:45:00 PM,31.637,100.000,,,,,
12731,07/21/19 02:50:00 PM,31.791,100.000,,,,,
12732,07/21/19 02:55:00 PM,31.996,100.000,,,,,
12733,07/21/19 03:00:00 PM,32.253,100.000,,,,,
12734,07/21/19 03:05:00 PM,32.355,100.000,,,,,
12735,07/21/19 03:10:00 PM,32.484,100.000,,,,,
12736,07/21/19 03:15:00 PM,32.562,100.000,,,,,
12737,07/21/19 03:20:00 PM,32.717,100.000,,,,,
12738,07/21/19 03:25:00 PM,32.820,100.000,,,,,
12739,07/21/19 03:30:00 PM,32.562,100.000,,,,,
12740,07/21/19 03:35:00 PM,31.970,100.000,,,,,
12741,07/21/19 03:40:00 PM,31.357,100.000,,,,,
12742,07/21/19 03:45:00 PM,30.925,100.000,,,,,
12743,07/21/19 03:50:00 PM,30.495,100.000,,,,,
12744,07/21/19 03:55:00 PM,30.117,100.000,,,,,
12745,07/21/19 04:00:00 PM,29.790,100.000,,,,,
12746,07/21/19 04:05:00 PM,29.565,100.000,,,,,
12747,07/21/19 04:10:00 PM,29.540,100.000,,,,,
12748,07/21/19 04:15:00 PM,29.790,100.000,,,,,
12749,07/21/19 04:20:00 PM,29.941,100.000,,,,,
12750,07/21/19 04:25:00 PM,29.966,100.000,,,,,
12751,07/21/19 04:30:00 PM,30.066,100.000,,,,,
12752,07/21/19 04:35:00 PM,30.192,100.000,,,,,
12753,07/21/19 04:40:00 PM,30.318,100.000,,,,,
12754,07/21/19 04:45:00 PM,30.394,100.000,,,,,
12755,07/21/19 04:50:00 PM,30.394,100.000,,,,,
12756,07/21/19 04:55:00 PM,30.394,100.000,,,,,
12757,07/21/19 05:00:00 PM,30.469,100.000,,,,,
12758,07/21/19 05:05:00 PM,30.520,100.000,,,,,
12759,07/21/19 05:10:00 PM,30.343,100.000,,,,,
12760,07/21/19 05:15:00 PM,29.991,100.000,,,,,
12761,07/21/19 05:20:00 PM,29.565,100.000,,,,,
12762,07/21/19 05:25:00 PM,29.165,100.000,,,,,
12763,07/21/19 05:30:00 PM,28.816,100.000,,,,,
12764,07/21/19 05:35:00 PM,28.493,100.000,,,,,
12765,07/21/19 05:40:00 PM,28.196,100.000,,,,,
12766,07/21/19 05:45:00 PM,27.974,100.000,,,,,
12767,07/21/19 05:50:00 PM,27.850,100.000,,,,,
12768,07/21/19 05:55:00 PM,27.850,100.000,,,,,
12769,07/21/19 06:00:00 PM,27.974,100.000,,,,,
12770,07/21/19 06:05:00 PM,27.899,100.000,,,,,
12771,07/21/19 06:10:00 PM,27.825,100.000,,,,,
12772,07/21/19 06:15:00 PM,27.801,100.000,,,,,
12773,07/21/19 06:20:00 PM,27.850,100.000,,,,,
12774,07/21/19 06:25:00 PM,27.974,100.000,,,,,
12775,07/21/19 06:30:00 PM,28.048,100.000,,,,,
12776,07/21/19 06:35:00 PM,28.072,100.000,,,,,
12777,07/21/19 06:40:00 PM,28.023,100.000,,,,,
12778,07/21/19 06:45:00 PM,28.023,100.000,,,,,
12779,07/21/19 06:50:00 PM,27.998,100.000,,,,,
12780,07/21/19 06:55:00 PM,27.924,100.000,,,,,
12781,07/21/19 07:00:00 PM,27.801,100.000,,,,,
12782,07/21/19 07:05:00 PM,27.604,100.000,,,,,
12783,07/21/19 07:10:00 PM,27.456,100.000,,,,,
12784,07/21/19 07:15:00 PM,27.259,100.000,,,,,
12785,07/21/19 07:20:00 PM,27.087,100.000,,,,,
12786,07/21/19 07:25:00 PM,26.916,100.000,,,,,
12787,07/21/19 07:30:00 PM,26.769,100.000,,,,,
12788,07/21/19 07:35:00 PM,26.695,100.000,,,,,
12789,07/21/19 07:40:00 PM,26.622,100.000,,,,,
12790,07/21/19 07:45:00 PM,26.524,100.000,,,,,
12791,07/21/19 07:50:00 PM,26.451,100.000,,,,,
12792,07/21/19 07:55:00 PM,26.426,100.000,,,,,
12793,07/21/19 08:00:00 PM,26.329,100.000,,,,,
12794,07/21/19 08:05:00 PM,26.231,100.000,,,,,
12795,07/21/19 08:10:00 PM,26.158,100.000,,,,,
12796,07/21/19 08:15:00 PM,26.134,100.000,,,,,
12797,07/21/19 08:20:00 PM,26.085,100.000,,,,,
12798,07/21/19 08:25:00 PM,26.061,100.000,,,,,
12799,07/21/19 08:30:00 PM,26.012,100.000,,,,,
12800,07/21/19 08:35:00 PM,25.914,100.000,,,,,
12801,07/21/19 08:40:00 PM,25.866,100.000,,,,,
12802,07/21/19 08:45:00 PM,25.793,100.000,,,,,
12803,07/21/19 08:50:00 PM,25.768,100.000,,,,,
12804,07/21/19 08:55:00 PM,25.695,100.000,,,,,
12805,07/21/19 09:00:00 PM,25.671,100.000,,,,,
12806,07/21/19 09:05:00 PM,25.623,100.000,,,,,
12807,07/21/19 09:10:00 PM,25.550,100.000,,,,,
12808,07/21/19 09:15:00 PM,25.525,100.000,,,,,
12809,07/21/19 09:20:00 PM,25.501,100.000,,,,,
12810,07/21/19 09:25:00 PM,25.453,100.000,,,,,
12811,07/21/19 09:30:00 PM,25.428,100.000,,,,,
12812,07/21/19 09:35:00 PM,25.404,100.000,,,,,
12813,07/21/19 09:40:00 PM,25.380,100.000,,,,,
12814,07/21/19 09:45:00 PM,25.380,100.000,,,,,
12815,07/21/19 09:50:00 PM,25.355,100.000,,,,,
12816,07/21/19 09:55:00 PM,25.331,100.000,,,,,
12817,07/21/19 10:00:00 PM,25.355,100.000,,,,,
12818,07/21/19 10:05:00 PM,25.404,100.000,,,,,
12819,07/21/19 10:10:00 PM,25.428,100.000,,,,,
12820,07/21/19 10:15:00 PM,25.477,100.000,,,,,
12821,07/21/19 10:20:00 PM,25.501,100.000,,,,,
12822,07/21/19 10:25:00 PM,25.501,100.000,,,,,
12823,07/21/19 10:30:00 PM,25.501,100.000,,,,,
12824,07/21/19 10:35:00 PM,25.477,100.000,,,,,
12825,07/21/19 10:40:00 PM,25.404,100.000,,,,,
12826,07/21/19 10:45:00 PM,25.355,100.000,,,,,
12827,07/21/19 10:50:00 PM,25.307,100.000,,,,,
12828,07/21/19 10:55:00 PM,25.258,100.000,,,,,
12829,07/21/19 11:00:00 PM,25.186,100.000,,,,,
12830,07/21/19 11:05:00 PM,25.137,100.000,,,,,
12831,07/21/19 11:10:00 PM,25.113,100.000,,,,,
12832,07/21/19 11:15:00 PM,25.016,100.000,,,,,
12833,07/21/19 11:20:00 PM,24.968,100.000,,,,,
12834,07/21/19 11:25:00 PM,24.895,100.000,,,,,
12835,07/21/19 11:30:00 PM,24.895,100.000,,,,,
12836,07/21/19 11:35:00 PM,24.823,100.000,,,,,
12837,07/21/19 11:40:00 PM,24.702,100.000,,,,,
12838,07/21/19 11:45:00 PM,24.629,100.000,,,,,
12839,07/21/19 11:50:00 PM,24.557,100.000,,,,,
12840,07/21/19 11:55:00 PM,24.508,100.000,,,,,
12841,07/22/19 12:00:00 AM,24.484,100.000,,,,,
12842,07/22/19 12:05:00 AM,24.484,100.000,,,,,
12843,07/22/19 12:10:00 AM,24.484,100.000,,,,,
12844,07/22/19 12:15:00 AM,24.532,100.000,,,,,
12845,07/22/19 12:20:00 AM,24.508,100.000,,,,,
12846,07/22/19 12:25:00 AM,24.460,100.000,,,,,
12847,07/22/19 12:30:00 AM,24.460,100.000,,,,,
12848,07/22/19 12:35:00 AM,24.484,100.000,,,,,
12849,07/22/19 12:40:00 AM,24.460,100.000,,,,,
12850,07/22/19 12:45:00 AM,24.484,100.000,,,,,
12851,07/22/19 12:50:00 AM,24.484,100.000,,,,,
12852,07/22/19 12:55:00 AM,24.460,100.000,,,,,
12853,07/22/19 01:00:00 AM,24.436,100.000,,,,,
12854,07/22/19 01:05:00 AM,24.339,100.000,,,,,
12855,07/22/19 01:10:00 AM,24.315,100.000,,,,,
12856,07/22/19 01:15:00 AM,24.243,100.000,,,,,
12857,07/22/19 01:20:00 AM,24.171,100.000,,,,,
12858,07/22/19 01:25:00 AM,24.098,100.000,,,,,
12859,07/22/19 01:30:00 AM,24.002,100.000,,,,,
12860,07/22/19 01:35:00 AM,23.978,100.000,,,,,
12861,07/22/19 01:40:00 AM,23.881,100.000,,,,,
12862,07/22/19 01:45:00 AM,23.809,100.000,,,,,
12863,07/22/19 01:50:00 AM,23.833,100.000,,,,,
12864,07/22/19 01:55:00 AM,23.809,100.000,,,,,
12865,07/22/19 02:00:00 AM,23.785,100.000,,,,,
12866,07/22/19 02:05:00 AM,23.809,100.000,,,,,
12867,07/22/19 02:10:00 AM,23.785,100.000,,,,,
12868,07/22/19 02:15:00 AM,23.737,100.000,,,,,
12869,07/22/19 02:20:00 AM,23.737,100.000,,,,,
12870,07/22/19 02:25:00 AM,23.737,100.000,,,,,
12871,07/22/19 02:30:00 AM,23.713,100.000,,,,,
12872,07/22/19 02:35:00 AM,23.665,100.000,,,,,
12873,07/22/19 02:40:00 AM,23.617,100.000,,,,,
12874,07/22/19 02:45:00 AM,23.569,100.000,,,,,
12875,07/22/19 02:50:00 AM,23.497,100.000,,,,,
12876,07/22/19 02:55:00 AM,23.424,100.000,,,,,
12877,07/22/19 03:00:00 AM,23.424,100.000,,,,,
12878,07/22/19 03:05:00 AM,23.376,100.000,,,,,
12879,07/22/19 03:10:00 AM,23.328,100.000,,,,,
12880,07/22/19 03:15:00 AM,23.304,100.000,,,,,
12881,07/22/19 03:20:00 AM,23.256,100.000,,,,,
12882,07/22/19 03:25:00 AM,23.256,100.000,,,,,
12883,07/22/19 03:30:00 AM,23.232,100.000,,,,,
12884,07/22/19 03:35:00 AM,23.184,100.000,,,,,
12885,07/22/19 03:40:00 AM,23.232,100.000,,,,,
12886,07/22/19 03:45:00 AM,23.232,100.000,,,,,
12887,07/22/19 03:50:00 AM,23.208,100.000,,,,,
12888,07/22/19 03:55:00 AM,23.136,100.000,,,,,
12889,07/22/19 04:00:00 AM,23.088,100.000,,,,,
12890,07/22/19 04:05:00 AM,23.016,100.000,,,,,
12891,07/22/19 04:10:00 AM,22.968,100.000,,,,,
12892,07/22/19 04:15:00 AM,22.944,100.000,,,,,
12893,07/22/19 04:20:00 AM,22.944,100.000,,,,,
12894,07/22/19 04:25:00 AM,22.920,100.000,,,,,
12895,07/22/19 04:30:00 AM,22.896,100.000,,,,,
12896,07/22/19 04:35:00 AM,22.896,100.000,,,,,
12897,07/22/19 04:40:00 AM,22.872,100.000,,,,,
12898,07/22/19 04:45:00 AM,22.896,100.000,,,,,
12899,07/22/19 04:50:00 AM,22.896,100.000,,,,,
12900,07/22/19 04:55:00 AM,22.824,100.000,,,,,
12901,07/22/19 05:00:00 AM,22.800,100.000,,,,,
12902,07/22/19 05:05:00 AM,22.776,100.000,,,,,
12903,07/22/19 05:10:00 AM,22.776,100.000,,,,,
12904,07/22/19 05:15:00 AM,22.729,100.000,,,,,
12905,07/22/19 05:20:00 AM,22.681,100.000,,,,,
12906,07/22/19 05:25:00 AM,22.657,100.000,,,,,
12907,07/22/19 05:30:00 AM,22.657,100.000,,,,,
12908,07/22/19 05:35:00 AM,22.585,100.000,,,,,
12909,07/22/19 05:40:00 AM,22.561,100.000,,,,,
12910,07/22/19 05:45:00 AM,22.561,100.000,,,,,
12911,07/22/19 05:50:00 AM,22.513,100.000,,,,,
12912,07/22/19 05:55:00 AM,22.465,100.000,,,,,
12913,07/22/19 06:00:00 AM,22.465,100.000,,,,,
12914,07/22/19 06:05:00 AM,22.417,100.000,,,,,
12915,07/22/19 06:10:00 AM,22.489,100.000,,,,,
12916,07/22/19 06:15:00 AM,22.441,100.000,,,,,
12917,07/22/19 06:20:00 AM,22.345,100.000,,,,,
12918,07/22/19 06:25:00 AM,22.321,100.000,,,,,
12919,07/22/19 06:30:00 AM,22.321,100.000,,,,,
12920,07/22/19 06:35:00 AM,22.321,100.000,,,,,
12921,07/22/19 06:40:00 AM,22.321,100.000,,,,,
12922,07/22/19 06:45:00 AM,22.298,100.000,,,,,
12923,07/22/19 06:50:00 AM,22.250,100.000,,,,,
12924,07/22/19 06:55:00 AM,22.274,100.000,,,,,
12925,07/22/19 07:00:00 AM,22.345,100.000,,,,,
12926,07/22/19 07:05:00 AM,22.321,100.000,,,,,
12927,07/22/19 07:10:00 AM,22.321,100.000,,,,,
12928,07/22/19 07:15:00 AM,22.298,100.000,,,,,
12929,07/22/19 07:20:00 AM,22.345,100.000,,,,,
12930,07/22/19 07:25:00 AM,22.369,100.000,,,,,
12931,07/22/19 07:30:00 AM,22.417,100.000,,,,,
12932,07/22/19 07:35:00 AM,22.465,100.000,,,,,
12933,07/22/19 07:40:00 AM,22.537,100.000,,,,,
12934,07/22/19 07:45:00 AM,22.633,100.000,,,,,
12935,07/22/19 07:50:00 AM,22.705,100.000,,,,,
12936,07/22/19 07:55:00 AM,22.753,100.000,,,,,
12937,07/22/19 08:00:00 AM,22.800,100.000,,,,,
12938,07/22/19 08:05:00 AM,22.848,100.000,,,,,
12939,07/22/19 08:10:00 AM,22.920,100.000,,,,,
12940,07/22/19 08:15:00 AM,23.040,100.000,,,,,
12941,07/22/19 08:20:00 AM,23.064,100.000,,,,,
12942,07/22/19 08:25:00 AM,23.136,100.000,,,,,
12943,07/22/19 08:30:00 AM,23.232,100.000,,,,,
12944,07/22/19 08:35:00 AM,23.304,100.000,,,,,
12945,07/22/19 08:40:00 AM,23.376,100.000,,,,,
12946,07/22/19 08:45:00 AM,23.497,100.000,,,,,
12947,07/22/19 08:50:00 AM,23.593,100.000,,,,,
12948,07/22/19 08:55:00 AM,23.761,100.000,,,,,
12949,07/22/19 09:00:00 AM,23.905,100.000,,,,,
12950,07/22/19 09:05:00 AM,24.050,100.000,,,,,
12951,07/22/19 09:10:00 AM,24.171,100.000,,,,,
12952,07/22/19 09:15:00 AM,24.267,100.000,,,,,
12953,07/22/19 09:20:00 AM,24.339,100.000,,,,,
12954,07/22/19 09:25:00 AM,24.388,100.000,,,,,
12955,07/22/19 09:30:00 AM,24.436,100.000,,,,,
12956,07/22/19 09:35:00 AM,24.557,100.000,,,,,
12957,07/22/19 09:40:00 AM,24.581,100.000,,,,,
12958,07/22/19 09:45:00 AM,24.557,100.000,,,,,
12959,07/22/19 09:50:00 AM,24.532,100.000,,,,,
12960,07/22/19 09:55:00 AM,24.557,100.000,,,,,
12961,07/22/19 10:00:00 AM,24.605,100.000,,,,,
12962,07/22/19 10:05:00 AM,24.677,100.000,,,,,
12963,07/22/19 10:10:00 AM,24.726,100.000,,,,,
12964,07/22/19 10:15:00 AM,24.823,100.000,,,,,
12965,07/22/19 10:20:00 AM,24.992,100.000,,,,,
12966,07/22/19 10:25:00 AM,25.137,100.000,,,,,
12967,07/22/19 10:30:00 AM,25.258,100.000,,,,,
12968,07/22/19 10:35:00 AM,25.404,100.000,,,,,
12969,07/22/19 10:40:00 AM,25.550,100.000,,,,,
12970,07/22/19 10:45:00 AM,25.647,100.000,,,,,
12971,07/22/19 10:50:00 AM,25.768,100.000,,,,,
12972,07/22/19 10:55:00 AM,25.939,100.000,,,,,
12973,07/22/19 11:00:00 AM,26.061,100.000,,,,,
12974,07/22/19 11:05:00 AM,26.158,100.000,,,,,
12975,07/22/19 11:10:00 AM,26.329,100.000,,,,,
12976,07/22/19 11:15:00 AM,26.500,100.000,,,,,
12977,07/22/19 11:20:00 AM,26.646,100.000,,,,,
12978,07/22/19 11:25:00 AM,26.891,100.000,,,,,
12979,07/22/19 11:30:00 AM,27.186,100.000,,,,,
12980,07/22/19 11:35:00 AM,27.284,100.000,,,,,
12981,07/22/19 11:40:00 AM,27.259,100.000,,,,,
12982,07/22/19 11:45:00 AM,27.284,100.000,,,,,
12983,07/22/19 11:50:00 AM,27.358,100.000,,,,,
12984,07/22/19 11:55:00 AM,27.431,100.000,,,,,
12985,07/22/19 12:00:00 PM,27.530,100.000,,,,,
12986,07/22/19 12:05:00 PM,27.653,100.000,,,,,
12987,07/22/19 12:10:00 PM,27.653,100.000,,,,,
12988,07/22/19 12:15:00 PM,27.628,100.000,,,,,
12989,07/22/19 12:20:00 PM,27.702,100.000,,,,,
12990,07/22/19 12:25:00 PM,27.949,100.000,,,,,
12991,07/22/19 12:30:00 PM,28.023,100.000,,,,,
12992,07/22/19 12:35:00 PM,27.974,100.000,,,,,
12993,07/22/19 12:40:00 PM,28.048,100.000,,,,,
12994,07/22/19 12:45:00 PM,28.097,100.000,,,,,
12995,07/22/19 12:50:00 PM,28.171,100.000,,,,,
12996,07/22/19 12:55:00 PM,28.345,100.000,,,,,
12997,07/22/19 01:00:00 PM,28.320,100.000,,,,,
12998,07/22/19 01:05:00 PM,28.196,100.000,,,,,
12999,07/22/19 01:10:00 PM,28.295,100.000,,,,,
13000,07/22/19 01:15:00 PM,28.468,100.000,,,,,
13001,07/22/19 01:20:00 PM,28.742,100.000,,,,,
13002,07/22/19 01:25:00 PM,28.891,100.000,,,,,
13003,07/22/19 01:30:00 PM,29.015,100.000,,,,,
13004,07/22/19 01:35:00 PM,29.140,100.000,,,,,
13005,07/22/19 01:40:00 PM,29.240,100.000,,,,,
13006,07/22/19 01:45:00 PM,29.265,100.000,,,,,
13007,07/22/19 01:50:00 PM,29.115,100.000,,,,,
13008,07/22/19 01:55:00 PM,29.065,100.000,,,,,
13009,07/22/19 02:00:00 PM,29.015,100.000,,,,,
13010,07/22/19 02:05:00 PM,28.742,100.000,,,,,
13011,07/22/19 02:10:00 PM,28.394,100.000,,,,,
13012,07/22/19 02:15:00 PM,28.097,100.000,,,,,
13013,07/22/19 02:20:00 PM,27.850,100.000,,,,,
13014,07/22/19 02:25:00 PM,27.653,100.000,,,,,
13015,07/22/19 02:30:00 PM,27.530,100.000,,,,,
13016,07/22/19 02:35:00 PM,27.431,100.000,,,,,
13017,07/22/19 02:40:00 PM,27.481,100.000,,,,,
13018,07/22/19 02:45:00 PM,27.604,100.000,,,,,
13019,07/22/19 02:50:00 PM,27.751,100.000,,,,,
13020,07/22/19 02:55:00 PM,27.949,100.000,,,,,
13021,07/22/19 03:00:00 PM,28.122,100.000,,,,,
13022,07/22/19 03:05:00 PM,28.147,99.732,,,,,
13023,07/22/19 03:10:00 PM,28.072,99.739,,,,,
13024,07/22/19 03:15:00 PM,28.048,99.679,,,,,
13025,07/22/19 03:20:00 PM,28.097,99.799,,,,,
13026,07/22/19 03:25:00 PM,28.245,99.785,,,,,
13027,07/22/19 03:30:00 PM,28.295,99.664,,,,,
13028,07/22/19 03:35:00 PM,28.171,99.283,,,,,
13029,07/22/19 03:40:00 PM,27.949,99.385,,,,,
13030,07/22/19 03:45:00 PM,27.850,99.519,,,,,
13031,07/22/19 03:50:00 PM,27.825,99.513,,,,,
13032,07/22/19 03:55:00 PM,27.776,99.366,,,,,
13033,07/22/19 04:00:00 PM,27.677,98.885,,,,,
13034,07/22/19 04:05:00 PM,27.530,99.381,,,,,
13035,07/22/19 04:10:00 PM,27.530,99.701,,,,,
13036,07/22/19 04:15:00 PM,27.554,99.708,,,,,
13037,07/22/19 04:20:00 PM,27.702,99.614,,,,,
13038,07/22/19 04:25:00 PM,27.825,99.406,,,,,
13039,07/22/19 04:30:00 PM,27.949,99.305,,,,,
13040,07/22/19 04:35:00 PM,28.048,99.170,,,,,
13041,07/22/19 04:40:00 PM,28.048,99.036,,,,,
13042,07/22/19 04:45:00 PM,28.097,99.076,,,,,
13043,07/22/19 04:50:00 PM,28.147,99.062,,,,,
13044,07/22/19 04:55:00 PM,28.147,98.981,,,,,
13045,07/22/19 05:00:00 PM,28.097,98.995,,,,,
13046,07/22/19 05:05:00 PM,28.023,99.244,,,,,
13047,07/22/19 05:10:00 PM,27.949,99.090,,,,,
13048,07/22/19 05:15:00 PM,27.727,99.112,,,,,
13049,07/22/19 05:20:00 PM,27.407,99.322,,,,,
13050,07/22/19 05:25:00 PM,27.087,99.317,,,,,
13051,07/22/19 05:30:00 PM,26.793,99.878,,,,,
13052,07/22/19 05:35:00 PM,26.573,100.000,,,,,
13053,07/22/19 05:40:00 PM,26.378,100.000,,,,,
13054,07/22/19 05:45:00 PM,26.231,100.000,,,,,
13055,07/22/19 05:50:00 PM,26.134,100.000,,,,,
13056,07/22/19 05:55:00 PM,26.036,100.000,,,,,
13057,07/22/19 06:00:00 PM,25.963,100.000,,,,,
13058,07/22/19 06:05:00 PM,25.890,100.000,,,,,
13059,07/22/19 06:10:00 PM,25.866,100.000,,,,,
13060,07/22/19 06:15:00 PM,25.817,100.000,,,,,
13061,07/22/19 06:20:00 PM,25.793,100.000,,,,,
13062,07/22/19 06:25:00 PM,25.793,100.000,,,,,
13063,07/22/19 06:30:00 PM,25.817,100.000,,,,,
13064,07/22/19 06:35:00 PM,25.866,100.000,,,,,
13065,07/22/19 06:40:00 PM,25.963,100.000,,,,,
13066,07/22/19 06:45:00 PM,26.134,100.000,,,,,
13067,07/22/19 06:50:00 PM,26.329,100.000,,,,,
13068,07/22/19 06:55:00 PM,26.524,100.000,,,,,
13069,07/22/19 07:00:00 PM,26.720,100.000,,,,,
13070,07/22/19 07:05:00 PM,26.818,100.000,,,,,
13071,07/22/19 07:10:00 PM,26.891,100.000,,,,,
13072,07/22/19 07:15:00 PM,26.989,100.000,,,,,
13073,07/22/19 07:20:00 PM,27.038,100.000,,,,,
13074,07/22/19 07:25:00 PM,27.063,100.000,,,,,
13075,07/22/19 07:30:00 PM,27.087,100.000,,,,,
13076,07/22/19 07:35:00 PM,27.087,100.000,,,,,
13077,07/22/19 07:40:00 PM,27.063,100.000,,,,,
13078,07/22/19 07:45:00 PM,27.014,100.000,,,,,
13079,07/22/19 07:50:00 PM,26.965,100.000,,,,,
13080,07/22/19 07:55:00 PM,26.916,100.000,,,,,
13081,07/22/19 08:00:00 PM,26.867,100.000,,,,,
13082,07/22/19 08:05:00 PM,26.793,100.000,,,,,
13083,07/22/19 08:10:00 PM,26.695,100.000,,,,,
13084,07/22/19 08:15:00 PM,26.622,100.000,,,,,
13085,07/22/19 08:20:00 PM,26.524,100.000,,,,,
13086,07/22/19 08:25:00 PM,26.451,100.000,,,,,
13087,07/22/19 08:30:00 PM,26.378,100.000,,,,,
13088,07/22/19 08:35:00 PM,26.304,100.000,,,,,
13089,07/22/19 08:40:00 PM,26.256,100.000,,,,,
13090,07/22/19 08:45:00 PM,26.182,100.000,,,,,
13091,07/22/19 08:50:00 PM,26.134,100.000,,,,,
13092,07/22/19 08:55:00 PM,26.085,100.000,,,,,
13093,07/22/19 09:00:00 PM,26.036,100.000,,,,,
13094,07/22/19 09:05:00 PM,25.987,100.000,,,,,
13095,07/22/19 09:10:00 PM,25.939,100.000,,,,,
13096,07/22/19 09:15:00 PM,25.890,100.000,,,,,
13097,07/22/19 09:20:00 PM,25.817,100.000,,,,,
13098,07/22/19 09:25:00 PM,25.793,100.000,,,,,
13099,07/22/19 09:30:00 PM,25.744,100.000,,,,,
13100,07/22/19 09:35:00 PM,25.720,100.000,,,,,
13101,07/22/19 09:40:00 PM,25.695,100.000,,,,,
13102,07/22/19 09:45:00 PM,25.671,100.000,,,,,
13103,07/22/19 09:50:00 PM,25.623,100.000,,,,,
13104,07/22/19 09:55:00 PM,25.574,100.000,,,,,
13105,07/22/19 10:00:00 PM,25.501,100.000,,,,,
13106,07/22/19 10:05:00 PM,25.453,100.000,,,,,
13107,07/22/19 10:10:00 PM,25.404,100.000,,,,,
13108,07/22/19 10:15:00 PM,25.355,100.000,,,,,
13109,07/22/19 10:20:00 PM,25.307,100.000,,,,,
13110,07/22/19 10:25:00 PM,25.234,100.000,,,,,
13111,07/22/19 10:30:00 PM,25.162,100.000,,,,,
13112,07/22/19 10:35:00 PM,25.113,100.000,,,,,
13113,07/22/19 10:40:00 PM,25.089,100.000,,,,,
13114,07/22/19 10:45:00 PM,25.040,100.000,,,,,
13115,07/22/19 10:50:00 PM,25.040,100.000,,,,,
13116,07/22/19 10:55:00 PM,25.040,100.000,,,,,
13117,07/22/19 11:00:00 PM,24.992,100.000,,,,,
13118,07/22/19 11:05:00 PM,24.968,100.000,,,,,
13119,07/22/19 11:10:00 PM,24.919,100.000,,,,,
13120,07/22/19 11:15:00 PM,24.944,100.000,,,,,
13121,07/22/19 11:20:00 PM,24.919,100.000,,,,,
13122,07/22/19 11:25:00 PM,24.847,100.000,,,,,
13123,07/22/19 11:30:00 PM,24.798,100.000,,,,,
13124,07/22/19 11:35:00 PM,24.798,100.000,,,,,
13125,07/22/19 11:40:00 PM,24.750,100.000,,,,,
13126,07/22/19 11:45:00 PM,24.726,100.000,,,,,
13127,07/22/19 11:50:00 PM,24.702,100.000,,,,,
13128,07/22/19 11:55:00 PM,24.677,100.000,,,,,
13129,07/23/19 12:00:00 AM,24.581,100.000,,,,,
13130,07/23/19 12:05:00 AM,24.532,100.000,,,,,
13131,07/23/19 12:10:00 AM,24.508,100.000,,,,,
13132,07/23/19 12:15:00 AM,24.532,100.000,,,,,
13133,07/23/19 12:20:00 AM,24.484,100.000,,,,,
13134,07/23/19 12:25:00 AM,24.436,100.000,,,,,
13135,07/23/19 12:30:00 AM,24.412,100.000,,,,,
13136,07/23/19 12:35:00 AM,24.412,100.000,,,,,
13137,07/23/19 12:40:00 AM,24.388,100.000,,,,,
13138,07/23/19 12:45:00 AM,24.388,100.000,,,,,
13139,07/23/19 12:50:00 AM,24.339,100.000,,,,,
13140,07/23/19 12:55:00 AM,24.267,100.000,,,,,
13141,07/23/19 01:00:00 AM,24.267,100.000,,,,,
13142,07/23/19 01:05:00 AM,24.267,100.000,,,,,
13143,07/23/19 01:10:00 AM,24.243,100.000,,,,,
13144,07/23/19 01:15:00 AM,24.195,100.000,,,,,
13145,07/23/19 01:20:00 AM,24.171,100.000,,,,,
13146,07/23/19 01:25:00 AM,24.171,100.000,,,,,
13147,07/23/19 01:30:00 AM,24.195,100.000,,,,,
13148,07/23/19 01:35:00 AM,24.171,100.000,,,,,
13149,07/23/19 01:40:00 AM,24.122,100.000,,,,,
13150,07/23/19 01:45:00 AM,24.074,100.000,,,,,
13151,07/23/19 01:50:00 AM,24.050,100.000,,,,,
13152,07/23/19 01:55:00 AM,24.002,100.000,,,,,
13153,07/23/19 02:00:00 AM,23.930,100.000,,,,,
13154,07/23/19 02:05:00 AM,23.905,100.000,,,,,
13155,07/23/19 02:10:00 AM,23.857,100.000,,,,,
13156,07/23/19 02:15:00 AM,23.857,100.000,,,,,
13157,07/23/19 02:20:00 AM,23.881,100.000,,,,,
13158,07/23/19 02:25:00 AM,23.905,100.000,,,,,
13159,07/23/19 02:30:00 AM,23.905,100.000,,,,,
13160,07/23/19 02:35:00 AM,23.881,100.000,,,,,
13161,07/23/19 02:40:00 AM,23.809,100.000,,,,,
13162,07/23/19 02:45:00 AM,23.761,100.000,,,,,
13163,07/23/19 02:50:00 AM,23.689,100.000,,,,,
13164,07/23/19 02:55:00 AM,23.641,100.000,,,,,
13165,07/23/19 03:00:00 AM,23.641,100.000,,,,,
13166,07/23/19 03:05:00 AM,23.665,100.000,,,,,
13167,07/23/19 03:10:00 AM,23.689,100.000,,,,,
13168,07/23/19 03:15:00 AM,23.713,100.000,,,,,
13169,07/23/19 03:20:00 AM,23.665,100.000,,,,,
13170,07/23/19 03:25:00 AM,23.665,100.000,,,,,
13171,07/23/19 03:30:00 AM,23.665,100.000,,,,,
13172,07/23/19 03:35:00 AM,23.665,100.000,,,,,
13173,07/23/19 03:40:00 AM,23.617,100.000,,,,,
13174,07/23/19 03:45:00 AM,23.617,100.000,,,,,
13175,07/23/19 03:50:00 AM,23.569,100.000,,,,,
13176,07/23/19 03:55:00 AM,23.472,100.000,,,,,
13177,07/23/19 04:00:00 AM,23.424,100.000,,,,,
13178,07/23/19 04:05:00 AM,23.472,100.000,,,,,
13179,07/23/19 04:10:00 AM,23.448,100.000,,,,,
13180,07/23/19 04:15:00 AM,23.448,100.000,,,,,
13181,07/23/19 04:20:00 AM,23.424,100.000,,,,,
13182,07/23/19 04:25:00 AM,23.448,100.000,,,,,
13183,07/23/19 04:30:00 AM,23.424,100.000,,,,,
13184,07/23/19 04:35:00 AM,23.304,100.000,,,,,
13185,07/23/19 04:40:00 AM,23.256,100.000,,,,,
13186,07/23/19 04:45:00 AM,23.232,100.000,,,,,
13187,07/23/19 04:50:00 AM,23.208,100.000,,,,,
13188,07/23/19 04:55:00 AM,23.184,100.000,,,,,
13189,07/23/19 05:00:00 AM,23.184,100.000,,,,,
13190,07/23/19 05:05:00 AM,23.232,100.000,,,,,
13191,07/23/19 05:10:00 AM,23.184,100.000,,,,,
13192,07/23/19 05:15:00 AM,23.232,100.000,,,,,
13193,07/23/19 05:20:00 AM,23.280,100.000,,,,,
13194,07/23/19 05:25:00 AM,23.232,100.000,,,,,
13195,07/23/19 05:30:00 AM,23.160,100.000,,,,,
13196,07/23/19 05:35:00 AM,23.112,100.000,,,,,
13197,07/23/19 05:40:00 AM,23.064,100.000,,,,,
13198,07/23/19 05:45:00 AM,23.040,100.000,,,,,
13199,07/23/19 05:50:00 AM,23.064,100.000,,,,,
13200,07/23/19 05:55:00 AM,23.160,100.000,,,,,
13201,07/23/19 06:00:00 AM,23.136,100.000,,,,,
13202,07/23/19 06:05:00 AM,23.064,100.000,,,,,
13203,07/23/19 06:10:00 AM,23.040,100.000,,,,,
13204,07/23/19 06:15:00 AM,23.016,100.000,,,,,
13205,07/23/19 06:20:00 AM,23.040,100.000,,,,,
13206,07/23/19 06:25:00 AM,23.088,100.000,,,,,
13207,07/23/19 06:30:00 AM,23.088,100.000,,,,,
13208,07/23/19 06:35:00 AM,23.016,100.000,,,,,
13209,07/23/19 06:40:00 AM,22.992,100.000,,,,,
13210,07/23/19 06:45:00 AM,22.968,100.000,,,,,
13211,07/23/19 06:50:00 AM,22.992,100.000,,,,,
13212,07/23/19 06:55:00 AM,22.968,100.000,,,,,
13213,07/23/19 07:00:00 AM,22.944,100.000,,,,,
13214,07/23/19 07:05:00 AM,22.944,100.000,,,,,
13215,07/23/19 07:10:00 AM,22.992,100.000,,,,,
13216,07/23/19 07:15:00 AM,23.088,100.000,,,,,
13217,07/23/19 07:20:00 AM,23.136,100.000,,,,,
13218,07/23/19 07:25:00 AM,23.160,100.000,,,,,
13219,07/23/19 07:30:00 AM,23.160,100.000,,,,,
13220,07/23/19 07:35:00 AM,23.184,100.000,,,,,
13221,07/23/19 07:40:00 AM,23.256,100.000,,,,,
13222,07/23/19 07:45:00 AM,23.304,100.000,,,,,
13223,07/23/19 07:50:00 AM,23.352,100.000,,,,,
13224,07/23/19 07:55:00 AM,23.352,100.000,,,,,
13225,07/23/19 08:00:00 AM,23.376,100.000,,,,,
13226,07/23/19 08:05:00 AM,23.424,100.000,,,,,
13227,07/23/19 08:10:00 AM,23.497,100.000,,,,,
13228,07/23/19 08:15:00 AM,23.593,100.000,,,,,
13229,07/23/19 08:20:00 AM,23.689,100.000,,,,,
13230,07/23/19 08:25:00 AM,23.785,100.000,,,,,
13231,07/23/19 08:30:00 AM,23.905,100.000,,,,,
13232,07/23/19 08:35:00 AM,24.002,100.000,,,,,
13233,07/23/19 08:40:00 AM,24.122,100.000,,,,,
13234,07/23/19 08:45:00 AM,24.219,100.000,,,,,
13235,07/23/19 08:50:00 AM,24.339,100.000,,,,,
13236,07/23/19 08:55:00 AM,24.484,100.000,,,,,
13237,07/23/19 09:00:00 AM,24.605,100.000,,,,,
13238,07/23/19 09:05:00 AM,24.677,100.000,,,,,
13239,07/23/19 09:10:00 AM,24.798,100.000,,,,,
13240,07/23/19 09:15:00 AM,24.895,100.000,,,,,
13241,07/23/19 09:20:00 AM,24.968,100.000,,,,,
13242,07/23/19 09:25:00 AM,25.065,100.000,,,,,
13243,07/23/19 09:30:00 AM,25.162,100.000,,,,,
13244,07/23/19 09:35:00 AM,25.234,100.000,,,,,
13245,07/23/19 09:40:00 AM,25.355,100.000,,,,,
13246,07/23/19 09:45:00 AM,25.453,100.000,,,,,
13247,07/23/19 09:50:00 AM,25.598,100.000,,,,,
13248,07/23/19 09:55:00 AM,25.720,100.000,,,,,
13249,07/23/19 10:00:00 AM,25.793,100.000,,,,,
13250,07/23/19 10:05:00 AM,25.793,100.000,,,,,
13251,07/23/19 10:10:00 AM,25.914,100.000,,,,,
13252,07/23/19 10:15:00 AM,26.134,100.000,,,,,
13253,07/23/19 10:20:00 AM,26.378,100.000,,,,,
13254,07/23/19 10:25:00 AM,26.353,100.000,,,,,
13255,07/23/19 10:30:00 AM,26.329,100.000,,,,,
13256,07/23/19 10:35:00 AM,26.158,100.000,,,,,
13257,07/23/19 10:40:00 AM,25.744,100.000,,,,,
13258,07/23/19 10:45:00 AM,25.210,100.000,,,,,
13259,07/23/19 10:50:00 AM,24.895,100.000,,,,,
13260,07/23/19 10:55:00 AM,24.677,100.000,,,,,
13261,07/23/19 11:00:00 AM,24.581,100.000,,,,,
13262,07/23/19 11:05:00 AM,24.605,100.000,,,,,
13263,07/23/19 11:10:00 AM,24.605,100.000,,,,,
13264,07/23/19 11:15:00 AM,24.629,100.000,,,,,
13265,07/23/19 11:20:00 AM,24.605,100.000,,,,,
13266,07/23/19 11:25:00 AM,24.605,100.000,,,,,
13267,07/23/19 11:30:00 AM,24.557,100.000,,,,,
13268,07/23/19 11:35:00 AM,24.460,100.000,,,,,
13269,07/23/19 11:40:00 AM,24.436,100.000,,,,,
13270,07/23/19 11:45:00 AM,24.436,100.000,,,,,
13271,07/23/19 11:50:00 AM,24.436,100.000,,,,,
13272,07/23/19 11:55:00 AM,24.484,100.000,,,,,
13273,07/23/19 12:00:00 PM,24.508,100.000,,,,,
13274,07/23/19 12:05:00 PM,24.508,100.000,,,,,
13275,07/23/19 12:10:00 PM,24.581,100.000,,,,,
13276,07/23/19 12:15:00 PM,24.629,100.000,,,,,
13277,07/23/19 12:20:00 PM,24.677,100.000,,,,,
13278,07/23/19 12:25:00 PM,24.798,100.000,,,,,
13279,07/23/19 12:30:00 PM,24.823,100.000,,,,,
13280,07/23/19 12:35:00 PM,24.823,100.000,,,,,
13281,07/23/19 12:40:00 PM,24.823,100.000,,,,,
13282,07/23/19 12:45:00 PM,24.653,100.000,,,,,
13283,07/23/19 12:50:00 PM,24.484,100.000,,,,,
13284,07/23/19 12:55:00 PM,24.363,100.000,,,,,
13285,07/23/19 01:00:00 PM,24.363,100.000,,,,,
13286,07/23/19 01:05:00 PM,24.363,100.000,,,,,
13287,07/23/19 01:10:00 PM,24.388,100.000,,,,,
13288,07/23/19 01:15:00 PM,24.412,100.000,,,,,
13289,07/23/19 01:20:00 PM,24.436,100.000,,,,,
13290,07/23/19 01:25:00 PM,24.508,100.000,,,,,
13291,07/23/19 01:30:00 PM,24.629,100.000,,,,,
13292,07/23/19 01:35:00 PM,24.774,100.000,,,,,
13293,07/23/19 01:40:00 PM,24.871,100.000,,,,,
13294,07/23/19 01:45:00 PM,24.992,100.000,,,,,
13295,07/23/19 01:50:00 PM,25.089,100.000,,,,,
13296,07/23/19 01:55:00 PM,25.065,100.000,,,,,
13297,07/23/19 02:00:00 PM,25.065,100.000,,,,,
13298,07/23/19 02:05:00 PM,25.186,100.000,,,,,
13299,07/23/19 02:10:00 PM,25.404,100.000,,,,,
13300,07/23/19 02:15:00 PM,25.623,100.000,,,,,
13301,07/23/19 02:20:00 PM,25.793,100.000,,,,,
13302,07/23/19 02:25:00 PM,26.012,100.000,,,,,
13303,07/23/19 02:30:00 PM,26.061,100.000,,,,,
13304,07/23/19 02:35:00 PM,26.085,100.000,,,,,
13305,07/23/19 02:40:00 PM,26.182,100.000,,,,,
13306,07/23/19 02:45:00 PM,26.304,100.000,,,,,
13307,07/23/19 02:50:00 PM,26.378,100.000,,,,,
13308,07/23/19 02:55:00 PM,26.549,100.000,,,,,
13309,07/23/19 03:00:00 PM,26.891,100.000,,,,,
13310,07/23/19 03:05:00 PM,26.940,100.000,,,,,
13311,07/23/19 03:10:00 PM,26.965,100.000,,,,,
13312,07/23/19 03:15:00 PM,27.087,100.000,,,,,
13313,07/23/19 03:20:00 PM,27.259,100.000,,,,,
13314,07/23/19 03:25:00 PM,27.358,100.000,,,,,
13315,07/23/19 03:30:00 PM,27.358,100.000,,,,,
13316,07/23/19 03:35:00 PM,27.604,100.000,,,,,
13317,07/23/19 03:40:00 PM,27.530,100.000,,,,,
13318,07/23/19 03:45:00 PM,27.308,100.000,,,,,
13319,07/23/19 03:50:00 PM,27.259,100.000,,,,,
13320,07/23/19 03:55:00 PM,27.407,100.000,,,,,
13321,07/23/19 04:00:00 PM,27.210,100.000,,,,,
13322,07/23/19 04:05:00 PM,26.916,100.000,,,,,
13323,07/23/19 04:10:00 PM,26.842,100.000,,,,,
13324,07/23/19 04:15:00 PM,26.940,100.000,,,,,
13325,07/23/19 04:20:00 PM,27.087,100.000,,,,,
13326,07/23/19 04:25:00 PM,27.235,100.000,,,,,
13327,07/23/19 04:30:00 PM,27.481,100.000,,,,,
13328,07/23/19 04:35:00 PM,27.407,100.000,,,,,
13329,07/23/19 04:40:00 PM,27.308,100.000,,,,,
13330,07/23/19 04:45:00 PM,27.308,100.000,,,,,
13331,07/23/19 04:50:00 PM,27.407,100.000,,,,,
13332,07/23/19 04:55:00 PM,27.382,100.000,,,,,
13333,07/23/19 05:00:00 PM,27.308,100.000,,,,,
13334,07/23/19 05:05:00 PM,27.431,100.000,,,,,
13335,07/23/19 05:10:00 PM,27.628,100.000,,,,,
13336,07/23/19 05:15:00 PM,27.751,100.000,,,,,
13337,07/23/19 05:20:00 PM,27.899,100.000,,,,,
13338,07/23/19 05:25:00 PM,27.998,100.000,,,,,
13339,07/23/19 05:30:00 PM,27.801,100.000,,,,,
13340,07/23/19 05:35:00 PM,27.481,100.000,,,,,
13341,07/23/19 05:40:00 PM,27.186,100.000,,,,,
13342,07/23/19 05:45:00 PM,27.063,100.000,,,,,
13343,07/23/19 05:50:00 PM,26.940,100.000,,,,,
13344,07/23/19 05:55:00 PM,26.720,100.000,,,,,
13345,07/23/19 06:00:00 PM,26.549,100.000,,,,,
13346,07/23/19 06:05:00 PM,26.451,100.000,,,,,
13347,07/23/19 06:10:00 PM,26.378,100.000,,,,,
13348,07/23/19 06:15:00 PM,26.280,100.000,,,,,
13349,07/23/19 06:20:00 PM,26.085,100.000,,,,,
13350,07/23/19 06:25:00 PM,25.890,100.000,,,,,
13351,07/23/19 06:30:00 PM,25.768,100.000,,,,,
13352,07/23/19 06:35:00 PM,25.647,100.000,,,,,
13353,07/23/19 06:40:00 PM,25.501,100.000,,,,,
13354,07/23/19 06:45:00 PM,25.380,100.000,,,,,
13355,07/23/19 06:50:00 PM,25.283,100.000,,,,,
13356,07/23/19 06:55:00 PM,25.258,100.000,,,,,
13357,07/23/19 07:00:00 PM,25.210,100.000,,,,,
13358,07/23/19 07:05:00 PM,25.186,100.000,,,,,
13359,07/23/19 07:10:00 PM,25.186,100.000,,,,,
13360,07/23/19 07:15:00 PM,25.162,100.000,,,,,
13361,07/23/19 07:20:00 PM,25.089,100.000,,,,,
13362,07/23/19 07:25:00 PM,25.016,100.000,,,,,
13363,07/23/19 07:30:00 PM,24.968,100.000,,,,,
13364,07/23/19 07:35:00 PM,24.968,100.000,,,,,
13365,07/23/19 07:40:00 PM,24.992,100.000,,,,,
13366,07/23/19 07:45:00 PM,24.968,100.000,,,,,
13367,07/23/19 07:50:00 PM,24.919,100.000,,,,,
13368,07/23/19 07:55:00 PM,24.871,100.000,,,,,
13369,07/23/19 08:00:00 PM,24.798,100.000,,,,,
13370,07/23/19 08:05:00 PM,24.823,100.000,,,,,
13371,07/23/19 08:10:00 PM,24.774,100.000,,,,,
13372,07/23/19 08:15:00 PM,24.750,100.000,,,,,
13373,07/23/19 08:20:00 PM,24.774,100.000,,,,,
13374,07/23/19 08:25:00 PM,24.726,100.000,,,,,
13375,07/23/19 08:30:00 PM,24.726,100.000,,,,,
13376,07/23/19 08:35:00 PM,24.702,100.000,,,,,
13377,07/23/19 08:40:00 PM,24.726,100.000,,,,,
13378,07/23/19 08:45:00 PM,24.677,100.000,,,,,
13379,07/23/19 08:50:00 PM,24.702,100.000,,,,,
13380,07/23/19 08:55:00 PM,24.677,100.000,,,,,
13381,07/23/19 09:00:00 PM,24.653,100.000,,,,,
13382,07/23/19 09:05:00 PM,24.629,100.000,,,,,
13383,07/23/19 09:10:00 PM,24.653,100.000,,,,,
13384,07/23/19 09:15:00 PM,24.653,100.000,,,,,
13385,07/23/19 09:20:00 PM,24.653,100.000,,,,,
13386,07/23/19 09:25:00 PM,24.629,100.000,,,,,
13387,07/23/19 09:30:00 PM,24.629,100.000,,,,,
13388,07/23/19 09:35:00 PM,24.605,100.000,,,,,
13389,07/23/19 09:40:00 PM,24.605,100.000,,,,,
13390,07/23/19 09:45:00 PM,24.581,100.000,,,,,
13391,07/23/19 09:50:00 PM,24.581,100.000,,,,,
13392,07/23/19 09:55:00 PM,24.581,100.000,,,,,
13393,07/23/19 10:00:00 PM,24.605,100.000,,,,,
13394,07/23/19 10:05:00 PM,24.581,100.000,,,,,
13395,07/23/19 10:10:00 PM,24.557,100.000,,,,,
13396,07/23/19 10:15:00 PM,24.532,100.000,,,,,
13397,07/23/19 10:20:00 PM,24.508,100.000,,,,,
13398,07/23/19 10:25:00 PM,24.484,100.000,,,,,
13399,07/23/19 10:30:00 PM,24.484,100.000,,,,,
13400,07/23/19 10:35:00 PM,24.436,100.000,,,,,
13401,07/23/19 10:40:00 PM,24.412,100.000,,,,,
13402,07/23/19 10:45:00 PM,24.388,100.000,,,,,
13403,07/23/19 10:50:00 PM,24.412,100.000,,,,,
13404,07/23/19 10:55:00 PM,24.388,100.000,,,,,
13405,07/23/19 11:00:00 PM,24.436,100.000,,,,,
13406,07/23/19 11:05:00 PM,24.412,100.000,,,,,
13407,07/23/19 11:10:00 PM,24.388,100.000,,,,,
13408,07/23/19 11:15:00 PM,24.412,100.000,,,,,
13409,07/23/19 11:20:00 PM,24.412,100.000,,,,,
13410,07/23/19 11:25:00 PM,24.388,100.000,,,,,
13411,07/23/19 11:30:00 PM,24.388,100.000,,,,,
13412,07/23/19 11:35:00 PM,24.388,100.000,,,,,
13413,07/23/19 11:40:00 PM,24.363,100.000,,,,,
13414,07/23/19 11:45:00 PM,24.339,100.000,,,,,
13415,07/23/19 11:50:00 PM,24.315,100.000,,,,,
13416,07/23/19 11:55:00 PM,24.291,100.000,,,,,
13417,07/24/19 12:00:00 AM,24.291,100.000,,,,,
13418,07/24/19 12:05:00 AM,24.315,100.000,,,,,
13419,07/24/19 12:10:00 AM,24.315,100.000,,,,,
13420,07/24/19 12:15:00 AM,24.339,100.000,,,,,
13421,07/24/19 12:20:00 AM,24.315,100.000,,,,,
13422,07/24/19 12:25:00 AM,24.339,100.000,,,,,
13423,07/24/19 12:30:00 AM,24.315,100.000,,,,,
13424,07/24/19 12:35:00 AM,24.267,100.000,,,,,
13425,07/24/19 12:40:00 AM,24.219,100.000,,,,,
13426,07/24/19 12:45:00 AM,24.195,100.000,,,,,
13427,07/24/19 12:50:00 AM,24.146,100.000,,,,,
13428,07/24/19 12:55:00 AM,24.122,100.000,,,,,
13429,07/24/19 01:00:00 AM,24.122,100.000,,,,,
13430,07/24/19 01:05:00 AM,24.146,100.000,,,,,
13431,07/24/19 01:10:00 AM,24.146,100.000,,,,,
13432,07/24/19 01:15:00 AM,24.195,100.000,,,,,
13433,07/24/19 01:20:00 AM,24.195,100.000,,,,,
13434,07/24/19 01:25:00 AM,24.195,100.000,,,,,
13435,07/24/19 01:30:00 AM,24.243,100.000,,,,,
13436,07/24/19 01:35:00 AM,24.267,100.000,,,,,
13437,07/24/19 01:40:00 AM,24.339,100.000,,,,,
13438,07/24/19 01:45:00 AM,24.363,100.000,,,,,
13439,07/24/19 01:50:00 AM,24.388,100.000,,,,,
13440,07/24/19 01:55:00 AM,24.339,100.000,,,,,
13441,07/24/19 02:00:00 AM,24.339,100.000,,,,,
13442,07/24/19 02:05:00 AM,24.339,100.000,,,,,
13443,07/24/19 02:10:00 AM,24.291,100.000,,,,,
13444,07/24/19 02:15:00 AM,24.267,100.000,,,,,
13445,07/24/19 02:20:00 AM,24.243,100.000,,,,,
13446,07/24/19 02:25:00 AM,24.219,100.000,,,,,
13447,07/24/19 02:30:00 AM,24.195,100.000,,,,,
13448,07/24/19 02:35:00 AM,24.171,100.000,,,,,
13449,07/24/19 02:40:00 AM,24.146,100.000,,,,,
13450,07/24/19 02:45:00 AM,24.146,100.000,,,,,
13451,07/24/19 02:50:00 AM,24.146,100.000,,,,,
13452,07/24/19 02:55:00 AM,24.122,100.000,,,,,
13453,07/24/19 03:00:00 AM,24.074,100.000,,,,,
13454,07/24/19 03:05:00 AM,24.074,100.000,,,,,
13455,07/24/19 03:10:00 AM,24.098,100.000,,,,,
13456,07/24/19 03:15:00 AM,24.122,100.000,,,,,
13457,07/24/19 03:20:00 AM,24.050,100.000,,,,,
13458,07/24/19 03:25:00 AM,24.026,100.000,,,,,
13459,07/24/19 03:30:00 AM,24.026,100.000,,,,,
13460,07/24/19 03:35:00 AM,24.050,100.000,,,,,
13461,07/24/19 03:40:00 AM,24.098,100.000,,,,,
13462,07/24/19 03:45:00 AM,24.026,100.000,,,,,
13463,07/24/19 03:50:00 AM,24.026,100.000,,,,,
13464,07/24/19 03:55:00 AM,24.002,100.000,,,,,
13465,07/24/19 04:00:00 AM,24.002,100.000,,,,,
13466,07/24/19 04:05:00 AM,24.050,100.000,,,,,
13467,07/24/19 04:10:00 AM,24.026,100.000,,,,,
13468,07/24/19 04:15:00 AM,23.978,100.000,,,,,
13469,07/24/19 04:20:00 AM,24.002,100.000,,,,,
13470,07/24/19 04:25:00 AM,24.026,100.000,,,,,
13471,07/24/19 04:30:00 AM,24.002,100.000,,,,,
13472,07/24/19 04:35:00 AM,24.002,100.000,,,,,
13473,07/24/19 04:40:00 AM,23.954,100.000,,,,,
13474,07/24/19 04:45:00 AM,23.954,100.000,,,,,
13475,07/24/19 04:50:00 AM,23.930,100.000,,,,,
13476,07/24/19 04:55:00 AM,23.954,100.000,,,,,
13477,07/24/19 05:00:00 AM,23.954,100.000,,,,,
13478,07/24/19 05:05:00 AM,23.954,100.000,,,,,
13479,07/24/19 05:10:00 AM,23.954,100.000,,,,,
13480,07/24/19 05:15:00 AM,23.954,100.000,,,,,
13481,07/24/19 05:20:00 AM,24.002,100.000,,,,,
13482,07/24/19 05:25:00 AM,24.050,100.000,,,,,
13483,07/24/19 05:30:00 AM,24.026,100.000,,,,,
13484,07/24/19 05:35:00 AM,24.050,100.000,,,,,
13485,07/24/19 05:40:00 AM,24.050,100.000,,,,,
13486,07/24/19 05:45:00 AM,24.074,100.000,,,,,
13487,07/24/19 05:50:00 AM,24.074,100.000,,,,,
13488,07/24/19 05:55:00 AM,24.074,100.000,,,,,
13489,07/24/19 06:00:00 AM,24.098,100.000,,,,,
13490,07/24/19 06:05:00 AM,24.146,100.000,,,,,
13491,07/24/19 06:10:00 AM,24.171,100.000,,,,,
13492,07/24/19 06:15:00 AM,24.219,100.000,,,,,
13493,07/24/19 06:20:00 AM,24.195,100.000,,,,,
13494,07/24/19 06:25:00 AM,24.195,100.000,,,,,
13495,07/24/19 06:30:00 AM,24.171,100.000,,,,,
13496,07/24/19 06:35:00 AM,24.146,100.000,,,,,
13497,07/24/19 06:40:00 AM,24.146,100.000,,,,,
13498,07/24/19 06:45:00 AM,24.122,100.000,,,,,
13499,07/24/19 06:50:00 AM,24.122,100.000,,,,,
13500,07/24/19 06:55:00 AM,24.122,100.000,,,,,
13501,07/24/19 07:00:00 AM,24.122,100.000,,,,,
13502,07/24/19 07:05:00 AM,24.098,100.000,,,,,
13503,07/24/19 07:10:00 AM,24.098,100.000,,,,,
13504,07/24/19 07:15:00 AM,24.098,100.000,,,,,
13505,07/24/19 07:20:00 AM,24.098,100.000,,,,,
13506,07/24/19 07:25:00 AM,24.122,100.000,,,,,
13507,07/24/19 07:30:00 AM,24.098,100.000,,,,,
13508,07/24/19 07:35:00 AM,24.146,100.000,,,,,
13509,07/24/19 07:40:00 AM,24.146,100.000,,,,,
13510,07/24/19 07:45:00 AM,24.195,100.000,,,,,
13511,07/24/19 07:50:00 AM,24.243,100.000,,,,,
13512,07/24/19 07:55:00 AM,24.315,100.000,,,,,
13513,07/24/19 08:00:00 AM,24.339,100.000,,,,,
13514,07/24/19 08:05:00 AM,24.436,100.000,,,,,
13515,07/24/19 08:10:00 AM,24.484,100.000,,,,,
13516,07/24/19 08:15:00 AM,24.557,100.000,,,,,
13517,07/24/19 08:20:00 AM,24.653,100.000,,,,,
13518,07/24/19 08:25:00 AM,24.702,100.000,,,,,
13519,07/24/19 08:30:00 AM,24.702,100.000,,,,,
13520,07/24/19 08:35:00 AM,24.677,100.000,,,,,
13521,07/24/19 08:40:00 AM,24.677,100.000,,,,,
13522,07/24/19 08:45:00 AM,24.677,100.000,,,,,
13523,07/24/19 08:50:00 AM,24.677,100.000,,,,,
13524,07/24/19 08:55:00 AM,24.774,100.000,,,,,
13525,07/24/19 09:00:00 AM,24.823,100.000,,,,,
13526,07/24/19 09:05:00 AM,24.895,100.000,,,,,
13527,07/24/19 09:10:00 AM,24.968,100.000,,,,,
13528,07/24/19 09:15:00 AM,24.968,100.000,,,,,
13529,07/24/19 09:20:00 AM,25.016,100.000,,,,,
13530,07/24/19 09:25:00 AM,24.992,100.000,,,,,
13531,07/24/19 09:30:00 AM,24.992,100.000,,,,,
13532,07/24/19 09:35:00 AM,24.992,100.000,,,,,
13533,07/24/19 09:40:00 AM,24.968,100.000,,,,,
13534,07/24/19 09:45:00 AM,25.016,100.000,,,,,
13535,07/24/19 09:50:00 AM,25.089,100.000,,,,,
13536,07/24/19 09:55:00 AM,25.137,100.000,,,,,
13537,07/24/19 10:00:00 AM,25.162,100.000,,,,,
13538,07/24/19 10:05:00 AM,25.137,100.000,,,,,
13539,07/24/19 10:10:00 AM,25.113,100.000,,,,,
13540,07/24/19 10:15:00 AM,25.089,100.000,,,,,
13541,07/24/19 10:20:00 AM,25.137,100.000,,,,,
13542,07/24/19 10:25:00 AM,25.186,100.000,,,,,
13543,07/24/19 10:30:00 AM,25.210,100.000,,,,,
13544,07/24/19 10:35:00 AM,25.283,100.000,,,,,
13545,07/24/19 10:40:00 AM,25.331,100.000,,,,,
13546,07/24/19 10:45:00 AM,25.331,100.000,,,,,
13547,07/24/19 10:50:00 AM,25.428,100.000,,,,,
13548,07/24/19 10:55:00 AM,25.501,100.000,,,,,
13549,07/24/19 11:00:00 AM,25.574,100.000,,,,,
13550,07/24/19 11:05:00 AM,25.598,100.000,,,,,
13551,07/24/19 11:10:00 AM,25.574,100.000,,,,,
13552,07/24/19 11:15:00 AM,25.598,100.000,,,,,
13553,07/24/19 11:20:00 AM,25.744,100.000,,,,,
13554,07/24/19 11:25:00 AM,25.817,100.000,,,,,
13555,07/24/19 11:30:00 AM,25.817,100.000,,,,,
13556,07/24/19 11:35:00 AM,25.817,100.000,,,,,
13557,07/24/19 11:40:00 AM,25.866,100.000,,,,,
13558,07/24/19 11:45:00 AM,25.939,100.000,,,,,
13559,07/24/19 11:50:00 AM,25.963,100.000,,,,,
13560,07/24/19 11:55:00 AM,26.061,100.000,,,,,
13561,07/24/19 12:00:00 PM,26.134,100.000,,,,,
13562,07/24/19 12:05:00 PM,26.085,100.000,,,,,
13563,07/24/19 12:10:00 PM,26.085,100.000,,,,,
13564,07/24/19 12:15:00 PM,26.182,100.000,,,,,
13565,07/24/19 12:20:00 PM,26.231,100.000,,,,,
13566,07/24/19 12:25:00 PM,26.280,100.000,,,,,
13567,07/24/19 12:30:00 PM,26.378,100.000,,,,,
13568,07/24/19 12:35:00 PM,26.451,100.000,,,,,
13569,07/24/19 12:40:00 PM,26.475,100.000,,,,,
13570,07/24/19 12:45:00 PM,26.475,100.000,,,,,
13571,07/24/19 12:50:00 PM,26.402,100.000,,,,,
13572,07/24/19 12:55:00 PM,26.280,100.000,,,,,
13573,07/24/19 01:00:00 PM,26.231,100.000,,,,,
13574,07/24/19 01:05:00 PM,26.378,100.000,,,,,
13575,07/24/19 01:10:00 PM,26.524,100.000,,,,,
13576,07/24/19 01:15:00 PM,26.720,100.000,,,,,
13577,07/24/19 01:20:00 PM,26.916,100.000,,,,,
13578,07/24/19 01:25:00 PM,27.136,100.000,,,,,
13579,07/24/19 01:30:00 PM,27.308,100.000,,,,,
13580,07/24/19 01:35:00 PM,27.308,100.000,,,,,
13581,07/24/19 01:40:00 PM,27.431,100.000,,,,,
13582,07/24/19 01:45:00 PM,27.456,100.000,,,,,
13583,07/24/19 01:50:00 PM,27.259,100.000,,,,,
13584,07/24/19 01:55:00 PM,27.014,100.000,,,,,
13585,07/24/19 02:00:00 PM,26.916,100.000,,,,,
13586,07/24/19 02:05:00 PM,27.136,100.000,,,,,
13587,07/24/19 02:10:00 PM,27.358,100.000,,,,,
13588,07/24/19 02:15:00 PM,27.801,100.000,,,,,
13589,07/24/19 02:20:00 PM,28.048,100.000,,,,,
13590,07/24/19 02:25:00 PM,28.196,100.000,,,,,
13591,07/24/19 02:30:00 PM,28.097,100.000,,,,,
13592,07/24/19 02:35:00 PM,27.875,100.000,,,,,
13593,07/24/19 02:40:00 PM,27.579,100.000,,,,,
13594,07/24/19 02:45:00 PM,27.431,100.000,,,,,
13595,07/24/19 02:50:00 PM,27.382,100.000,,,,,
13596,07/24/19 02:55:00 PM,27.382,100.000,,,,,
13597,07/24/19 03:00:00 PM,27.776,100.000,,,,,
13598,07/24/19 03:05:00 PM,28.295,100.000,,,,,
13599,07/24/19 03:10:00 PM,28.891,100.000,,,,,
13600,07/24/19 03:15:00 PM,29.140,100.000,,,,,
13601,07/24/19 03:20:00 PM,29.290,100.000,,,,,
13602,07/24/19 03:25:00 PM,29.190,100.000,,,,,
13603,07/24/19 03:30:00 PM,29.290,100.000,,,,,
13604,07/24/19 03:35:00 PM,29.389,100.000,,,,,
13605,07/24/19 03:40:00 PM,29.290,100.000,,,,,
13606,07/24/19 03:45:00 PM,29.240,100.000,,,,,
13607,07/24/19 03:50:00 PM,29.140,100.000,,,,,
13608,07/24/19 03:55:00 PM,29.140,100.000,,,,,
13609,07/24/19 04:00:00 PM,29.215,100.000,,,,,
13610,07/24/19 04:05:00 PM,29.215,100.000,,,,,
13611,07/24/19 04:10:00 PM,29.215,100.000,,,,,
13612,07/24/19 04:15:00 PM,29.115,100.000,,,,,
13613,07/24/19 04:20:00 PM,28.941,100.000,,,,,
13614,07/24/19 04:25:00 PM,28.717,100.000,,,,,
13615,07/24/19 04:30:00 PM,28.419,100.000,,,,,
13616,07/24/19 04:35:00 PM,28.221,100.000,,,,,
13617,07/24/19 04:40:00 PM,28.048,100.000,,,,,
13618,07/24/19 04:45:00 PM,27.949,100.000,,,,,
13619,07/24/19 04:50:00 PM,27.949,100.000,,,,,
13620,07/24/19 04:55:00 PM,27.949,100.000,,,,,
13621,07/24/19 05:00:00 PM,27.899,100.000,,,,,
13622,07/24/19 05:05:00 PM,27.875,100.000,,,,,
13623,07/24/19 05:10:00 PM,27.875,100.000,,,,,
13624,07/24/19 05:15:00 PM,27.875,100.000,,,,,
13625,07/24/19 05:20:00 PM,27.850,100.000,,,,,
13626,07/24/19 05:25:00 PM,27.801,100.000,,,,,
13627,07/24/19 05:30:00 PM,27.751,100.000,,,,,
13628,07/24/19 05:35:00 PM,27.628,100.000,,,,,
13629,07/24/19 05:40:00 PM,27.530,100.000,,,,,
13630,07/24/19 05:45:00 PM,27.505,100.000,,,,,
13631,07/24/19 05:50:00 PM,27.456,100.000,,,,,
13632,07/24/19 05:55:00 PM,27.358,100.000,,,,,
13633,07/24/19 06:00:00 PM,27.210,100.000,,,,,
13634,07/24/19 06:05:00 PM,27.014,100.000,,,,,
13635,07/24/19 06:10:00 PM,26.891,100.000,,,,,
13636,07/24/19 06:15:00 PM,26.818,100.000,,,,,
13637,07/24/19 06:20:00 PM,26.769,100.000,,,,,
13638,07/24/19 06:25:00 PM,26.769,100.000,,,,,
13639,07/24/19 06:30:00 PM,26.744,100.000,,,,,
13640,07/24/19 06:35:00 PM,26.695,100.000,,,,,
13641,07/24/19 06:40:00 PM,26.622,100.000,,,,,
13642,07/24/19 06:45:00 PM,26.524,100.000,,,,,
13643,07/24/19 06:50:00 PM,26.402,100.000,,,,,
13644,07/24/19 06:55:00 PM,26.304,100.000,,,,,
13645,07/24/19 07:00:00 PM,26.207,100.000,,,,,
13646,07/24/19 07:05:00 PM,26.158,100.000,,,,,
13647,07/24/19 07:10:00 PM,26.061,100.000,,,,,
13648,07/24/19 07:15:00 PM,25.963,100.000,,,,,
13649,07/24/19 07:20:00 PM,25.890,100.000,,,,,
13650,07/24/19 07:25:00 PM,25.793,100.000,,,,,
13651,07/24/19 07:30:00 PM,25.744,100.000,,,,,
13652,07/24/19 07:35:00 PM,25.695,100.000,,,,,
13653,07/24/19 07:40:00 PM,25.623,100.000,,,,,
13654,07/24/19 07:45:00 PM,25.550,100.000,,,,,
13655,07/24/19 07:50:00 PM,25.525,100.000,,,,,
13656,07/24/19 07:55:00 PM,25.453,100.000,,,,,
13657,07/24/19 08:00:00 PM,25.404,100.000,,,,,
13658,07/24/19 08:05:00 PM,25.380,100.000,,,,,
13659,07/24/19 08:10:00 PM,25.355,100.000,,,,,
13660,07/24/19 08:15:00 PM,25.355,100.000,,,,,
13661,07/24/19 08:20:00 PM,25.331,100.000,,,,,
13662,07/24/19 08:25:00 PM,25.331,100.000,,,,,
13663,07/24/19 08:30:00 PM,25.283,100.000,,,,,
13664,07/24/19 08:35:00 PM,25.234,100.000,,,,,
13665,07/24/19 08:40:00 PM,25.210,100.000,,,,,
13666,07/24/19 08:45:00 PM,25.186,100.000,,,,,
13667,07/24/19 08:50:00 PM,25.210,100.000,,,,,
13668,07/24/19 08:55:00 PM,25.162,100.000,,,,,
13669,07/24/19 09:00:00 PM,25.162,100.000,,,,,
13670,07/24/19 09:05:00 PM,25.137,100.000,,,,,
13671,07/24/19 09:10:00 PM,25.040,100.000,,,,,
13672,07/24/19 09:15:00 PM,25.016,100.000,,,,,
13673,07/24/19 09:20:00 PM,24.944,100.000,,,,,
13674,07/24/19 09:25:00 PM,24.871,100.000,,,,,
13675,07/24/19 09:30:00 PM,24.798,100.000,,,,,
13676,07/24/19 09:35:00 PM,24.726,100.000,,,,,
13677,07/24/19 09:40:00 PM,24.653,100.000,,,,,
13678,07/24/19 09:45:00 PM,24.629,100.000,,,,,
13679,07/24/19 09:50:00 PM,24.532,100.000,,,,,
13680,07/24/19 09:55:00 PM,24.484,100.000,,,,,
13681,07/24/19 10:00:00 PM,24.436,100.000,,,,,
13682,07/24/19 10:05:00 PM,24.339,100.000,,,,,
13683,07/24/19 10:10:00 PM,24.339,100.000,,,,,
13684,07/24/19 10:15:00 PM,24.339,100.000,,,,,
13685,07/24/19 10:20:00 PM,24.339,100.000,,,,,
13686,07/24/19 10:25:00 PM,24.315,100.000,,,,,
13687,07/24/19 10:30:00 PM,24.315,100.000,,,,,
13688,07/24/19 10:35:00 PM,24.267,100.000,,,,,
13689,07/24/19 10:40:00 PM,24.267,100.000,,,,,
13690,07/24/19 10:45:00 PM,24.267,100.000,,,,,
13691,07/24/19 10:50:00 PM,24.195,100.000,,,,,
13692,07/24/19 10:55:00 PM,24.171,100.000,,,,,
13693,07/24/19 11:00:00 PM,24.122,100.000,,,,,
13694,07/24/19 11:05:00 PM,24.122,100.000,,,,,
13695,07/24/19 11:10:00 PM,24.098,100.000,,,,,
13696,07/24/19 11:15:00 PM,24.122,100.000,,,,,
13697,07/24/19 11:20:00 PM,24.146,100.000,,,,,
13698,07/24/19 11:25:00 PM,24.122,100.000,,,,,
13699,07/24/19 11:30:00 PM,24.098,100.000,,,,,
13700,07/24/19 11:35:00 PM,24.050,100.000,,,,,
13701,07/24/19 11:40:00 PM,23.978,100.000,,,,,
13702,07/24/19 11:45:00 PM,23.954,100.000,,,,,
13703,07/24/19 11:50:00 PM,23.954,100.000,,,,,
13704,07/24/19 11:55:00 PM,23.857,100.000,,,,,
13705,07/25/19 12:00:00 AM,23.785,100.000,,,,,
13706,07/25/19 12:05:00 AM,23.785,100.000,,,,,
13707,07/25/19 12:10:00 AM,23.713,100.000,,,,,
13708,07/25/19 12:15:00 AM,23.689,100.000,,,,,
13709,07/25/19 12:20:00 AM,23.713,100.000,,,,,
13710,07/25/19 12:25:00 AM,23.713,100.000,,,,,
13711,07/25/19 12:30:00 AM,23.665,100.000,,,,,
13712,07/25/19 12:35:00 AM,23.617,100.000,,,,,
13713,07/25/19 12:40:00 AM,23.569,100.000,,,,,
13714,07/25/19 12:45:00 AM,23.545,100.000,,,,,
13715,07/25/19 12:50:00 AM,23.497,100.000,,,,,
13716,07/25/19 12:55:00 AM,23.448,100.000,,,,,
13717,07/25/19 01:00:00 AM,23.424,100.000,,,,,
13718,07/25/19 01:05:00 AM,23.424,100.000,,,,,
13719,07/25/19 01:10:00 AM,23.472,100.000,,,,,
13720,07/25/19 01:15:00 AM,23.448,100.000,,,,,
13721,07/25/19 01:20:00 AM,23.352,100.000,,,,,
13722,07/25/19 01:25:00 AM,23.280,100.000,,,,,
13723,07/25/19 01:30:00 AM,23.304,100.000,,,,,
13724,07/25/19 01:35:00 AM,23.280,100.000,,,,,
13725,07/25/19 01:40:00 AM,23.304,100.000,,,,,
13726,07/25/19 01:45:00 AM,23.328,100.000,,,,,
13727,07/25/19 01:50:00 AM,23.280,100.000,,,,,
13728,07/25/19 01:55:00 AM,23.256,100.000,,,,,
13729,07/25/19 02:00:00 AM,23.232,100.000,,,,,
13730,07/25/19 02:05:00 AM,23.280,100.000,,,,,
13731,07/25/19 02:10:00 AM,23.352,100.000,,,,,
13732,07/25/19 02:15:00 AM,23.280,100.000,,,,,
13733,07/25/19 02:20:00 AM,23.232,100.000,,,,,
13734,07/25/19 02:25:00 AM,23.184,100.000,,,,,
13735,07/25/19 02:30:00 AM,23.208,100.000,,,,,
13736,07/25/19 02:35:00 AM,23.136,100.000,,,,,
13737,07/25/19 02:40:00 AM,23.184,100.000,,,,,
13738,07/25/19 02:45:00 AM,23.160,100.000,,,,,
13739,07/25/19 02:50:00 AM,23.088,100.000,,,,,
13740,07/25/19 02:55:00 AM,23.016,100.000,,,,,
13741,07/25/19 03:00:00 AM,22.992,100.000,,,,,
13742,07/25/19 03:05:00 AM,22.992,100.000,,,,,
13743,07/25/19 03:10:00 AM,22.992,100.000,,,,,
13744,07/25/19 03:15:00 AM,22.968,100.000,,,,,
13745,07/25/19 03:20:00 AM,23.016,100.000,,,,,
13746,07/25/19 03:25:00 AM,22.944,100.000,,,,,
13747,07/25/19 03:30:00 AM,22.896,100.000,,,,,
13748,07/25/19 03:35:00 AM,22.800,100.000,,,,,
13749,07/25/19 03:40:00 AM,22.800,100.000,,,,,
13750,07/25/19 03:45:00 AM,22.776,100.000,,,,,
13751,07/25/19 03:50:00 AM,22.753,100.000,,,,,
13752,07/25/19 03:55:00 AM,22.753,100.000,,,,,
13753,07/25/19 04:00:00 AM,22.800,100.000,,,,,
13754,07/25/19 04:05:00 AM,22.753,100.000,,,,,
13755,07/25/19 04:10:00 AM,22.729,100.000,,,,,
13756,07/25/19 04:15:00 AM,22.681,100.000,,,,,
13757,07/25/19 04:20:00 AM,22.633,100.000,,,,,
13758,07/25/19 04:25:00 AM,22.633,100.000,,,,,
13759,07/25/19 04:30:00 AM,22.609,100.000,,,,,
13760,07/25/19 04:35:00 AM,22.585,100.000,,,,,
13761,07/25/19 04:40:00 AM,22.561,100.000,,,,,
13762,07/25/19 04:45:00 AM,22.537,100.000,,,,,
13763,07/25/19 04:50:00 AM,22.537,100.000,,,,,
13764,07/25/19 04:55:00 AM,22.561,100.000,,,,,
13765,07/25/19 05:00:00 AM,22.609,100.000,,,,,
13766,07/25/19 05:05:00 AM,22.657,100.000,,,,,
13767,07/25/19 05:10:00 AM,22.705,100.000,,,,,
13768,07/25/19 05:15:00 AM,22.753,100.000,,,,,
13769,07/25/19 05:20:00 AM,22.776,100.000,,,,,
13770,07/25/19 05:25:00 AM,22.824,100.000,,,,,
13771,07/25/19 05:30:00 AM,22.848,100.000,,,,,
13772,07/25/19 05:35:00 AM,22.848,100.000,,,,,
13773,07/25/19 05:40:00 AM,22.824,100.000,,,,,
13774,07/25/19 05:45:00 AM,22.848,100.000,,,,,
13775,07/25/19 05:50:00 AM,22.848,100.000,,,,,
13776,07/25/19 05:55:00 AM,22.848,100.000,,,,,
13777,07/25/19 06:00:00 AM,22.824,100.000,,,,,
13778,07/25/19 06:05:00 AM,22.800,100.000,,,,,
13779,07/25/19 06:10:00 AM,22.776,100.000,,,,,
13780,07/25/19 06:15:00 AM,22.753,100.000,,,,,
13781,07/25/19 06:20:00 AM,22.729,100.000,,,,,
13782,07/25/19 06:25:00 AM,22.729,100.000,,,,,
13783,07/25/19 06:30:00 AM,22.729,100.000,,,,,
13784,07/25/19 06:35:00 AM,22.800,100.000,,,,,
13785,07/25/19 06:40:00 AM,22.753,100.000,,,,,
13786,07/25/19 06:45:00 AM,22.729,100.000,,,,,
13787,07/25/19 06:50:00 AM,22.705,100.000,,,,,
13788,07/25/19 06:55:00 AM,22.705,100.000,,,,,
13789,07/25/19 07:00:00 AM,22.705,100.000,,,,,
13790,07/25/19 07:05:00 AM,22.753,100.000,,,,,
13791,07/25/19 07:10:00 AM,22.705,100.000,,,,,
13792,07/25/19 07:15:00 AM,22.657,100.000,,,,,
13793,07/25/19 07:20:00 AM,22.705,100.000,,,,,
13794,07/25/19 07:25:00 AM,22.705,100.000,,,,,
13795,07/25/19 07:30:00 AM,22.681,100.000,,,,,
13796,07/25/19 07:35:00 AM,22.681,100.000,,,,,
13797,07/25/19 07:40:00 AM,22.681,100.000,,,,,
13798,07/25/19 07:45:00 AM,22.729,100.000,,,,,
13799,07/25/19 07:50:00 AM,22.753,100.000,,,,,
13800,07/25/19 07:55:00 AM,22.824,100.000,,,,,
13801,07/25/19 08:00:00 AM,22.872,100.000,,,,,
13802,07/25/19 08:05:00 AM,22.968,100.000,,,,,
13803,07/25/19 08:10:00 AM,23.040,100.000,,,,,
13804,07/25/19 08:15:00 AM,23.136,100.000,,,,,
13805,07/25/19 08:20:00 AM,23.184,100.000,,,,,
13806,07/25/19 08:25:00 AM,23.256,100.000,,,,,
13807,07/25/19 08:30:00 AM,23.352,100.000,,,,,
13808,07/25/19 08:35:00 AM,23.448,100.000,,,,,
13809,07/25/19 08:40:00 AM,23.545,100.000,,,,,
13810,07/25/19 08:45:00 AM,23.617,100.000,,,,,
13811,07/25/19 08:50:00 AM,23.689,100.000,,,,,
13812,07/25/19 08:55:00 AM,23.785,100.000,,,,,
13813,07/25/19 09:00:00 AM,23.857,100.000,,,,,
13814,07/25/19 09:05:00 AM,23.930,100.000,,,,,
13815,07/25/19 09:10:00 AM,23.978,100.000,,,,,
13816,07/25/19 09:15:00 AM,24.050,100.000,,,,,
13817,07/25/19 09:20:00 AM,24.098,100.000,,,,,
13818,07/25/19 09:25:00 AM,24.195,100.000,,,,,
13819,07/25/19 09:30:00 AM,24.267,100.000,,,,,
13820,07/25/19 09:35:00 AM,24.291,100.000,,,,,
13821,07/25/19 09:40:00 AM,24.267,100.000,,,,,
13822,07/25/19 09:45:00 AM,24.339,100.000,,,,,
13823,07/25/19 09:50:00 AM,24.363,100.000,,,,,
13824,07/25/19 09:55:00 AM,24.388,100.000,,,,,
13825,07/25/19 10:00:00 AM,24.436,100.000,,,,,
13826,07/25/19 10:05:00 AM,24.484,100.000,,,,,
13827,07/25/19 10:10:00 AM,24.532,100.000,,,,,
13828,07/25/19 10:15:00 AM,24.581,100.000,,,,,
13829,07/25/19 10:20:00 AM,24.629,100.000,,,,,
13830,07/25/19 10:25:00 AM,24.629,100.000,,,,,
13831,07/25/19 10:30:00 AM,24.677,100.000,,,,,
13832,07/25/19 10:35:00 AM,24.629,100.000,,,,,
13833,07/25/19 10:40:00 AM,24.677,100.000,,,,,
13834,07/25/19 10:45:00 AM,24.702,100.000,,,,,
13835,07/25/19 10:50:00 AM,24.750,100.000,,,,,
13836,07/25/19 10:55:00 AM,24.871,100.000,,,,,
13837,07/25/19 11:00:00 AM,24.968,100.000,,,,,
13838,07/25/19 11:05:00 AM,25.113,100.000,,,,,
13839,07/25/19 11:10:00 AM,25.283,100.000,,,,,
13840,07/25/19 11:15:00 AM,25.453,100.000,,,,,
13841,07/25/19 11:20:00 AM,25.598,100.000,,,,,
13842,07/25/19 11:25:00 AM,25.793,100.000,,,,,
13843,07/25/19 11:30:00 AM,25.841,100.000,,,,,
13844,07/25/19 11:35:00 AM,25.890,100.000,,,,,
13845,07/25/19 11:40:00 AM,25.987,100.000,,,,,
13846,07/25/19 11:45:00 AM,26.256,100.000,,,,,
13847,07/25/19 11:50:00 AM,26.451,100.000,,,,,
13848,07/25/19 11:55:00 AM,26.524,100.000,,,,,
13849,07/25/19 12:00:00 PM,26.671,100.000,,,,,
13850,07/25/19 12:05:00 PM,26.769,100.000,,,,,
13851,07/25/19 12:10:00 PM,26.842,100.000,,,,,
13852,07/25/19 12:15:00 PM,26.891,100.000,,,,,
13853,07/25/19 12:20:00 PM,26.916,100.000,,,,,
13854,07/25/19 12:25:00 PM,26.965,100.000,,,,,
13855,07/25/19 12:30:00 PM,27.063,100.000,,,,,
13856,07/25/19 12:35:00 PM,27.186,100.000,,,,,
13857,07/25/19 12:40:00 PM,27.284,100.000,,,,,
13858,07/25/19 12:45:00 PM,27.333,100.000,,,,,
13859,07/25/19 12:50:00 PM,27.407,100.000,,,,,
13860,07/25/19 12:55:00 PM,27.505,100.000,,,,,
13861,07/25/19 01:00:00 PM,27.604,100.000,,,,,
13862,07/25/19 01:05:00 PM,27.727,100.000,,,,,
13863,07/25/19 01:10:00 PM,27.801,100.000,,,,,
13864,07/25/19 01:15:00 PM,27.850,100.000,,,,,
13865,07/25/19 01:20:00 PM,27.949,100.000,,,,,
13866,07/25/19 01:25:00 PM,28.097,100.000,,,,,
13867,07/25/19 01:30:00 PM,28.221,100.000,,,,,
13868,07/25/19 01:35:00 PM,28.345,100.000,,,,,
13869,07/25/19 01:40:00 PM,28.369,100.000,,,,,
13870,07/25/19 01:45:00 PM,28.369,100.000,,,,,
13871,07/25/19 01:50:00 PM,28.493,100.000,,,,,
13872,07/25/19 01:55:00 PM,28.543,100.000,,,,,
13873,07/25/19 02:00:00 PM,28.617,100.000,,,,,
13874,07/25/19 02:05:00 PM,28.717,100.000,,,,,
13875,07/25/19 02:10:00 PM,28.891,100.000,,,,,
13876,07/25/19 02:15:00 PM,29.115,100.000,,,,,
13877,07/25/19 02:20:00 PM,29.315,99.450,,,,,
13878,07/25/19 02:25:00 PM,29.615,98.422,,,,,
13879,07/25/19 02:30:00 PM,30.016,96.840,,,,,
13880,07/25/19 02:35:00 PM,30.520,95.652,,,,,
13881,07/25/19 02:40:00 PM,30.596,94.623,,,,,
13882,07/25/19 02:45:00 PM,30.748,93.358,,,,,
13883,07/25/19 02:50:00 PM,30.900,92.030,,,,,
13884,07/25/19 02:55:00 PM,30.773,91.383,,,,,
13885,07/25/19 03:00:00 PM,30.900,91.189,,,,,
13886,07/25/19 03:05:00 PM,31.153,90.969,,,,,
13887,07/25/19 03:10:00 PM,31.128,91.075,,,,,
13888,07/25/19 03:15:00 PM,30.697,91.085,,,,,
13889,07/25/19 03:20:00 PM,30.722,90.586,,,,,
13890,07/25/19 03:25:00 PM,31.001,90.060,,,,,
13891,07/25/19 03:30:00 PM,31.128,89.723,,,,,
13892,07/25/19 03:35:00 PM,30.849,89.771,,,,,
13893,07/25/19 03:40:00 PM,30.748,89.662,,,,,
13894,07/25/19 03:45:00 PM,30.571,90.381,,,,,
13895,07/25/19 03:50:00 PM,30.596,90.415,,,,,
13896,07/25/19 03:55:00 PM,30.596,89.937,,,,,
13897,07/25/19 04:00:00 PM,30.469,90.132,,,,,
13898,07/25/19 04:05:00 PM,30.343,89.934,,,,,
13899,07/25/19 04:10:00 PM,30.041,90.368,,,,,
13900,07/25/19 04:15:00 PM,29.890,91.144,,,,,
13901,07/25/19 04:20:00 PM,29.790,90.897,,,,,
13902,07/25/19 04:25:00 PM,29.690,91.208,,,,,
13903,07/25/19 04:30:00 PM,29.439,91.984,,,,,
13904,07/25/19 04:35:00 PM,29.240,92.463,,,,,
13905,07/25/19 04:40:00 PM,29.190,92.340,,,,,
13906,07/25/19 04:45:00 PM,29.290,91.920,,,,,
13907,07/25/19 04:50:00 PM,29.464,91.684,,,,,
13908,07/25/19 04:55:00 PM,29.590,91.240,,,,,
13909,07/25/19 05:00:00 PM,29.640,90.329,,,,,
13910,07/25/19 05:05:00 PM,29.690,90.621,,,,,
13911,07/25/19 05:10:00 PM,29.665,90.419,,,,,
13912,07/25/19 05:15:00 PM,29.640,90.049,,,,,
13913,07/25/19 05:20:00 PM,29.590,90.149,,,,,
13914,07/25/19 05:25:00 PM,29.715,89.280,,,,,
13915,07/25/19 05:30:00 PM,29.865,89.174,,,,,
13916,07/25/19 05:35:00 PM,29.941,88.994,,,,,
13917,07/25/19 05:40:00 PM,30.041,89.102,,,,,
13918,07/25/19 05:45:00 PM,30.066,89.193,,,,,
13919,07/25/19 05:50:00 PM,29.991,88.328,,,,,
13920,07/25/19 05:55:00 PM,29.941,88.712,,,,,
13921,07/25/19 06:00:00 PM,29.790,89.550,,,,,
13922,07/25/19 06:05:00 PM,29.590,90.037,,,,,
13923,07/25/19 06:10:00 PM,29.464,91.182,,,,,
13924,07/25/19 06:15:00 PM,29.365,91.938,,,,,
13925,07/25/19 06:20:00 PM,29.115,91.905,,,,,
13926,07/25/19 06:25:00 PM,28.891,92.766,,,,,
13927,07/25/19 06:30:00 PM,28.742,93.116,,,,,
13928,07/25/19 06:35:00 PM,28.593,93.410,,,,,
13929,07/25/19 06:40:00 PM,28.518,93.832,,,,,
13930,07/25/19 06:45:00 PM,28.518,94.217,,,,,
13931,07/25/19 06:50:00 PM,28.468,94.287,,,,,
13932,07/25/19 06:55:00 PM,28.419,94.768,,,,,
13933,07/25/19 07:00:00 PM,28.369,94.947,,,,,
13934,07/25/19 07:05:00 PM,28.320,95.180,,,,,
13935,07/25/19 07:10:00 PM,28.245,95.625,,,,,
13936,07/25/19 07:15:00 PM,28.171,95.661,,,,,
13937,07/25/19 07:20:00 PM,28.072,95.745,,,,,
13938,07/25/19 07:25:00 PM,27.949,95.931,,,,,
13939,07/25/19 07:30:00 PM,27.801,96.274,,,,,
13940,07/25/19 07:35:00 PM,27.677,96.540,,,,,
13941,07/25/19 07:40:00 PM,27.530,97.016,,,,,
13942,07/25/19 07:45:00 PM,27.382,97.140,,,,,
13943,07/25/19 07:50:00 PM,27.235,97.641,,,,,
13944,07/25/19 07:55:00 PM,27.063,97.892,,,,,
13945,07/25/19 08:00:00 PM,26.891,97.981,,,,,
13946,07/25/19 08:05:00 PM,26.720,98.579,,,,,
13947,07/25/19 08:10:00 PM,26.549,98.373,,,,,
13948,07/25/19 08:15:00 PM,26.353,98.696,,,,,
13949,07/25/19 08:20:00 PM,26.158,98.804,,,,,
13950,07/25/19 08:25:00 PM,25.987,98.786,,,,,
13951,07/25/19 08:30:00 PM,25.841,99.173,,,,,
13952,07/25/19 08:35:00 PM,25.720,99.539,,,,,
13953,07/25/19 08:40:00 PM,25.647,100.000,,,,,
13954,07/25/19 08:45:00 PM,25.574,100.000,,,,,
13955,07/25/19 08:50:00 PM,25.501,100.000,,,,,
13956,07/25/19 08:55:00 PM,25.428,100.000,,,,,
13957,07/25/19 09:00:00 PM,25.380,100.000,,,,,
13958,07/25/19 09:05:00 PM,25.331,100.000,,,,,
13959,07/25/19 09:10:00 PM,25.258,100.000,,,,,
13960,07/25/19 09:15:00 PM,25.210,100.000,,,,,
13961,07/25/19 09:20:00 PM,25.137,100.000,,,,,
13962,07/25/19 09:25:00 PM,25.113,100.000,,,,,
13963,07/25/19 09:30:00 PM,25.065,100.000,,,,,
13964,07/25/19 09:35:00 PM,25.016,100.000,,,,,
13965,07/25/19 09:40:00 PM,24.968,100.000,,,,,
13966,07/25/19 09:45:00 PM,24.968,100.000,,,,,
13967,07/25/19 09:50:00 PM,24.968,100.000,,,,,
13968,07/25/19 09:55:00 PM,24.895,100.000,,,,,
13969,07/25/19 10:00:00 PM,24.798,100.000,,,,,
13970,07/25/19 10:05:00 PM,24.750,100.000,,,,,
13971,07/25/19 10:10:00 PM,24.653,100.000,,,,,
13972,07/25/19 10:15:00 PM,24.532,100.000,,,,,
13973,07/25/19 10:20:00 PM,24.484,100.000,,,,,
13974,07/25/19 10:25:00 PM,24.460,100.000,,,,,
13975,07/25/19 10:30:00 PM,24.460,100.000,,,,,
13976,07/25/19 10:35:00 PM,24.484,100.000,,,,,
13977,07/25/19 10:40:00 PM,24.508,100.000,,,,,
13978,07/25/19 10:45:00 PM,24.460,100.000,,,,,
13979,07/25/19 10:50:00 PM,24.388,100.000,,,,,
13980,07/25/19 10:55:00 PM,24.315,100.000,,,,,
13981,07/25/19 11:00:00 PM,24.195,100.000,,,,,
13982,07/25/19 11:05:00 PM,24.171,100.000,,,,,
13983,07/25/19 11:10:00 PM,24.243,100.000,,,,,
13984,07/25/19 11:15:00 PM,24.339,100.000,,,,,
13985,07/25/19 11:20:00 PM,24.436,100.000,,,,,
13986,07/25/19 11:25:00 PM,24.532,100.000,,,,,
13987,07/25/19 11:30:00 PM,24.605,100.000,,,,,
13988,07/25/19 11:35:00 PM,24.653,100.000,,,,,
13989,07/25/19 11:40:00 PM,24.702,100.000,,,,,
13990,07/25/19 11:45:00 PM,24.726,100.000,,,,,
13991,07/25/19 11:50:00 PM,24.750,100.000,,,,,
13992,07/25/19 11:55:00 PM,24.774,100.000,,,,,
13993,07/26/19 12:00:00 AM,24.774,100.000,,,,,
13994,07/26/19 12:05:00 AM,24.774,100.000,,,,,
13995,07/26/19 12:10:00 AM,24.774,100.000,,,,,
13996,07/26/19 12:15:00 AM,24.774,100.000,,,,,
13997,07/26/19 12:20:00 AM,24.774,100.000,,,,,
13998,07/26/19 12:25:00 AM,24.726,100.000,,,,,
13999,07/26/19 12:30:00 AM,24.726,100.000,,,,,
14000,07/26/19 12:35:00 AM,24.677,100.000,,,,,
14001,07/26/19 12:40:00 AM,24.653,100.000,,,,,
14002,07/26/19 12:45:00 AM,24.629,100.000,,,,,
14003,07/26/19 12:50:00 AM,24.581,100.000,,,,,
14004,07/26/19 12:55:00 AM,24.532,100.000,,,,,
14005,07/26/19 01:00:00 AM,24.508,100.000,,,,,
14006,07/26/19 01:05:00 AM,24.484,100.000,,,,,
14007,07/26/19 01:10:00 AM,24.460,100.000,,,,,
14008,07/26/19 01:15:00 AM,24.412,100.000,,,,,
14009,07/26/19 01:20:00 AM,24.388,100.000,,,,,
14010,07/26/19 01:25:00 AM,24.339,100.000,,,,,
14011,07/26/19 01:30:00 AM,24.291,100.000,,,,,
14012,07/26/19 01:35:00 AM,24.243,100.000,,,,,
14013,07/26/19 01:40:00 AM,24.195,100.000,,,,,
14014,07/26/19 01:45:00 AM,24.171,100.000,,,,,
14015,07/26/19 01:50:00 AM,24.146,100.000,,,,,
14016,07/26/19 01:55:00 AM,24.098,100.000,,,,,
14017,07/26/19 02:00:00 AM,24.050,100.000,,,,,
14018,07/26/19 02:05:00 AM,24.050,100.000,,,,,
14019,07/26/19 02:10:00 AM,24.050,100.000,,,,,
14020,07/26/19 02:15:00 AM,24.026,100.000,,,,,
14021,07/26/19 02:20:00 AM,24.002,100.000,,,,,
14022,07/26/19 02:25:00 AM,23.978,100.000,,,,,
14023,07/26/19 02:30:00 AM,23.954,100.000,,,,,
14024,07/26/19 02:35:00 AM,23.930,100.000,,,,,
14025,07/26/19 02:40:00 AM,23.905,100.000,,,,,
14026,07/26/19 02:45:00 AM,23.905,100.000,,,,,
14027,07/26/19 02:50:00 AM,23.905,100.000,,,,,
14028,07/26/19 02:55:00 AM,23.881,100.000,,,,,
14029,07/26/19 03:00:00 AM,23.857,100.000,,,,,
14030,07/26/19 03:05:00 AM,23.833,100.000,,,,,
14031,07/26/19 03:10:00 AM,23.809,100.000,,,,,
14032,07/26/19 03:15:00 AM,23.809,100.000,,,,,
14033,07/26/19 03:20:00 AM,23.809,100.000,,,,,
14034,07/26/19 03:25:00 AM,23.809,100.000,,,,,
14035,07/26/19 03:30:00 AM,23.809,100.000,,,,,
14036,07/26/19 03:35:00 AM,23.833,100.000,,,,,
14037,07/26/19 03:40:00 AM,23.857,100.000,,,,,
14038,07/26/19 03:45:00 AM,23.857,100.000,,,,,
14039,07/26/19 03:50:00 AM,23.833,100.000,,,,,
14040,07/26/19 03:55:00 AM,23.809,100.000,,,,,
14041,07/26/19 04:00:00 AM,23.809,100.000,,,,,
14042,07/26/19 04:05:00 AM,23.809,100.000,,,,,
14043,07/26/19 04:10:00 AM,23.785,100.000,,,,,
14044,07/26/19 04:15:00 AM,23.713,100.000,,,,,
14045,07/26/19 04:20:00 AM,23.665,100.000,,,,,
14046,07/26/19 04:25:00 AM,23.665,100.000,,,,,
14047,07/26/19 04:30:00 AM,23.665,100.000,,,,,
14048,07/26/19 04:35:00 AM,23.665,100.000,,,,,
14049,07/26/19 04:40:00 AM,23.641,100.000,,,,,
14050,07/26/19 04:45:00 AM,23.617,100.000,,,,,
14051,07/26/19 04:50:00 AM,23.569,100.000,,,,,
14052,07/26/19 04:55:00 AM,23.569,100.000,,,,,
14053,07/26/19 05:00:00 AM,23.521,100.000,,,,,
14054,07/26/19 05:05:00 AM,23.472,100.000,,,,,
14055,07/26/19 05:10:00 AM,23.497,100.000,,,,,
14056,07/26/19 05:15:00 AM,23.424,100.000,,,,,
14057,07/26/19 05:20:00 AM,23.376,100.000,,,,,
14058,07/26/19 05:25:00 AM,23.352,100.000,,,,,
14059,07/26/19 05:30:00 AM,23.352,100.000,,,,,
14060,07/26/19 05:35:00 AM,23.352,100.000,,,,,
14061,07/26/19 05:40:00 AM,23.352,100.000,,,,,
14062,07/26/19 05:45:00 AM,23.328,100.000,,,,,
14063,07/26/19 05:50:00 AM,23.280,100.000,,,,,
14064,07/26/19 05:55:00 AM,23.280,100.000,,,,,
14065,07/26/19 06:00:00 AM,23.280,100.000,,,,,
14066,07/26/19 06:05:00 AM,23.280,100.000,,,,,
14067,07/26/19 06:10:00 AM,23.328,100.000,,,,,
14068,07/26/19 06:15:00 AM,23.352,100.000,,,,,
14069,07/26/19 06:20:00 AM,23.352,100.000,,,,,
14070,07/26/19 06:25:00 AM,23.328,100.000,,,,,
14071,07/26/19 06:30:00 AM,23.256,100.000,,,,,
14072,07/26/19 06:35:00 AM,23.256,100.000,,,,,
14073,07/26/19 06:40:00 AM,23.208,100.000,,,,,
14074,07/26/19 06:45:00 AM,23.208,100.000,,,,,
14075,07/26/19 06:50:00 AM,23.184,100.000,,,,,
14076,07/26/19 06:55:00 AM,23.208,100.000,,,,,
14077,07/26/19 07:00:00 AM,23.184,100.000,,,,,
14078,07/26/19 07:05:00 AM,23.160,100.000,,,,,
14079,07/26/19 07:10:00 AM,23.184,100.000,,,,,
14080,07/26/19 07:15:00 AM,23.208,100.000,,,,,
14081,07/26/19 07:20:00 AM,23.208,100.000,,,,,
14082,07/26/19 07:25:00 AM,23.232,100.000,,,,,
14083,07/26/19 07:30:00 AM,23.232,100.000,,,,,
14084,07/26/19 07:35:00 AM,23.280,100.000,,,,,
14085,07/26/19 07:40:00 AM,23.304,100.000,,,,,
14086,07/26/19 07:45:00 AM,23.328,100.000,,,,,
14087,07/26/19 07:50:00 AM,23.376,100.000,,,,,
14088,07/26/19 07:55:00 AM,23.424,100.000,,,,,
14089,07/26/19 08:00:00 AM,23.472,100.000,,,,,
14090,07/26/19 08:05:00 AM,23.521,100.000,,,,,
14091,07/26/19 08:10:00 AM,23.569,100.000,,,,,
14092,07/26/19 08:15:00 AM,23.569,100.000,,,,,
14093,07/26/19 08:20:00 AM,23.617,100.000,,,,,
14094,07/26/19 08:25:00 AM,23.713,100.000,,,,,
14095,07/26/19 08:30:00 AM,23.785,100.000,,,,,
14096,07/26/19 08:35:00 AM,23.857,100.000,,,,,
14097,07/26/19 08:40:00 AM,23.930,100.000,,,,,
14098,07/26/19 08:45:00 AM,23.954,100.000,,,,,
14099,07/26/19 08:50:00 AM,24.002,100.000,,,,,
14100,07/26/19 08:55:00 AM,24.026,100.000,,,,,
14101,07/26/19 09:00:00 AM,24.074,100.000,,,,,
14102,07/26/19 09:05:00 AM,24.146,100.000,,,,,
14103,07/26/19 09:10:00 AM,24.243,100.000,,,,,
14104,07/26/19 09:15:00 AM,24.291,100.000,,,,,
14105,07/26/19 09:20:00 AM,24.363,100.000,,,,,
14106,07/26/19 09:25:00 AM,24.436,100.000,,,,,
14107,07/26/19 09:30:00 AM,24.484,100.000,,,,,
14108,07/26/19 09:35:00 AM,24.557,100.000,,,,,
14109,07/26/19 09:40:00 AM,24.605,100.000,,,,,
14110,07/26/19 09:45:00 AM,24.677,100.000,,,,,
14111,07/26/19 09:50:00 AM,24.750,100.000,,,,,
14112,07/26/19 09:55:00 AM,24.798,100.000,,,,,
14113,07/26/19 10:00:00 AM,24.871,100.000,,,,,
14114,07/26/19 10:05:00 AM,24.919,100.000,,,,,
14115,07/26/19 10:10:00 AM,24.968,100.000,,,,,
14116,07/26/19 10:15:00 AM,25.040,100.000,,,,,
14117,07/26/19 10:20:00 AM,25.113,100.000,,,,,
14118,07/26/19 10:25:00 AM,25.210,100.000,,,,,
14119,07/26/19 10:30:00 AM,25.355,100.000,,,,,
14120,07/26/19 10:35:00 AM,25.404,100.000,,,,,
14121,07/26/19 10:40:00 AM,25.428,100.000,,,,,
14122,07/26/19 10:45:00 AM,25.453,100.000,,,,,
14123,07/26/19 10:50:00 AM,25.525,100.000,,,,,
14124,07/26/19 10:55:00 AM,25.598,100.000,,,,,
14125,07/26/19 11:00:00 AM,25.695,100.000,,,,,
14126,07/26/19 11:05:00 AM,25.841,100.000,,,,,
14127,07/26/19 11:10:00 AM,26.036,100.000,,,,,
14128,07/26/19 11:15:00 AM,26.182,100.000,,,,,
14129,07/26/19 11:20:00 AM,26.353,100.000,,,,,
14130,07/26/19 11:25:00 AM,26.451,100.000,,,,,
14131,07/26/19 11:30:00 AM,26.475,100.000,,,,,
14132,07/26/19 11:35:00 AM,26.500,100.000,,,,,
14133,07/26/19 11:40:00 AM,26.524,100.000,,,,,
14134,07/26/19 11:45:00 AM,26.549,100.000,,,,,
14135,07/26/19 11:50:00 AM,26.573,100.000,,,,,
14136,07/26/19 11:55:00 AM,26.598,100.000,,,,,
14137,07/26/19 12:00:00 PM,26.622,100.000,,,,,
14138,07/26/19 12:05:00 PM,26.695,100.000,,,,,
14139,07/26/19 12:10:00 PM,26.769,100.000,,,,,
14140,07/26/19 12:15:00 PM,26.818,99.991,,,,,
14141,07/26/19 12:20:00 PM,26.842,99.838,,,,,
14142,07/26/19 12:25:00 PM,26.842,99.519,,,,,
14143,07/26/19 12:30:00 PM,26.891,99.532,,,,,
14144,07/26/19 12:35:00 PM,26.940,99.385,,,,,
14145,07/26/19 12:40:00 PM,27.014,99.351,,,,,
14146,07/26/19 12:45:00 PM,27.112,99.057,,,,,
14147,07/26/19 12:50:00 PM,27.112,98.548,,,,,
14148,07/26/19 12:55:00 PM,27.161,98.213,,,,,
14149,07/26/19 01:00:00 PM,27.284,98.030,,,,,
14150,07/26/19 01:05:00 PM,27.407,97.901,,,,,
14151,07/26/19 01:10:00 PM,27.481,97.758,,,,,
14152,07/26/19 01:15:00 PM,27.481,97.651,,,,,
14153,07/26/19 01:20:00 PM,27.505,97.630,,,,,
14154,07/26/19 01:25:00 PM,27.677,97.000,,,,,
14155,07/26/19 01:30:00 PM,27.850,96.584,,,,,
14156,07/26/19 01:35:00 PM,27.998,96.215,,,,,
14157,07/26/19 01:40:00 PM,28.097,95.697,,,,,
14158,07/26/19 01:45:00 PM,28.221,95.401,,,,,
14159,07/26/19 01:50:00 PM,28.394,94.898,,,,,
14160,07/26/19 01:55:00 PM,28.543,94.771,,,,,
14161,07/26/19 02:00:00 PM,28.667,94.473,,,,,
14162,07/26/19 02:05:00 PM,28.593,94.427,,,,,
14163,07/26/19 02:10:00 PM,28.394,94.624,,,,,
14164,07/26/19 02:15:00 PM,28.245,94.806,,,,,
14165,07/26/19 02:20:00 PM,28.171,94.760,,,,,
14166,07/26/19 02:25:00 PM,27.998,95.290,,,,,
14167,07/26/19 02:30:00 PM,27.875,95.667,,,,,
14168,07/26/19 02:35:00 PM,27.998,94.525,,,,,
14169,07/26/19 02:40:00 PM,28.692,92.440,,,,,
14170,07/26/19 02:45:00 PM,29.490,91.188,,,,,
14171,07/26/19 02:50:00 PM,30.192,90.039,,,,,
14172,07/26/19 02:55:00 PM,30.672,88.995,,,,,
14173,07/26/19 03:00:00 PM,30.976,87.817,,,,,
14174,07/26/19 03:05:00 PM,31.204,86.757,,,,,
14175,07/26/19 03:10:00 PM,31.357,85.760,,,,,
14176,07/26/19 03:15:00 PM,31.357,85.358,,,,,
14177,07/26/19 03:20:00 PM,31.459,86.156,,,,,
14178,07/26/19 03:25:00 PM,31.561,84.827,,,,,
14179,07/26/19 03:30:00 PM,31.663,85.310,,,,,
14180,07/26/19 03:35:00 PM,31.637,85.650,,,,,
14181,07/26/19 03:40:00 PM,31.561,85.115,,,,,
14182,07/26/19 03:45:00 PM,31.459,84.573,,,,,
14183,07/26/19 03:50:00 PM,31.357,84.638,,,,,
14184,07/26/19 03:55:00 PM,31.230,84.437,,,,,
14185,07/26/19 04:00:00 PM,30.773,85.371,,,,,
14186,07/26/19 04:05:00 PM,30.243,87.422,,,,,
14187,07/26/19 04:10:00 PM,30.066,86.415,,,,,
14188,07/26/19 04:15:00 PM,30.142,85.861,,,,,
14189,07/26/19 04:20:00 PM,30.268,85.488,,,,,
14190,07/26/19 04:25:00 PM,30.217,85.992,,,,,
14191,07/26/19 04:30:00 PM,29.916,87.234,,,,,
14192,07/26/19 04:35:00 PM,29.640,87.681,,,,,
14193,07/26/19 04:40:00 PM,29.615,87.789,,,,,
14194,07/26/19 04:45:00 PM,29.615,88.128,,,,,
14195,07/26/19 04:50:00 PM,29.590,87.726,,,,,
14196,07/26/19 04:55:00 PM,29.640,87.455,,,,,
14197,07/26/19 05:00:00 PM,29.740,86.739,,,,,
14198,07/26/19 05:05:00 PM,29.840,86.078,,,,,
14199,07/26/19 05:10:00 PM,29.941,85.758,,,,,
14200,07/26/19 05:15:00 PM,30.066,85.644,,,,,
14201,07/26/19 05:20:00 PM,30.217,86.220,,,,,
14202,07/26/19 05:25:00 PM,30.318,85.957,,,,,
14203,07/26/19 05:30:00 PM,30.469,86.334,,,,,
14204,07/26/19 05:35:00 PM,30.545,85.550,,,,,
14205,07/26/19 05:40:00 PM,30.520,85.487,,,,,
14206,07/26/19 05:45:00 PM,30.571,85.670,,,,,
14207,07/26/19 05:50:00 PM,30.697,85.584,,,,,
14208,07/26/19 05:55:00 PM,30.672,86.494,,,,,
14209,07/26/19 06:00:00 PM,30.571,86.528,,,,,
14210,07/26/19 06:05:00 PM,30.394,85.917,,,,,
14211,07/26/19 06:10:00 PM,30.243,87.479,,,,,
14212,07/26/19 06:15:00 PM,30.091,88.266,,,,,
14213,07/26/19 06:20:00 PM,29.890,88.022,,,,,
14214,07/26/19 06:25:00 PM,29.665,88.733,,,,,
14215,07/26/19 06:30:00 PM,29.515,89.345,,,,,
14216,07/26/19 06:35:00 PM,29.389,90.270,,,,,
14217,07/26/19 06:40:00 PM,29.340,90.929,,,,,
14218,07/26/19 06:45:00 PM,29.265,90.827,,,,,
14219,07/26/19 06:50:00 PM,29.090,91.204,,,,,
14220,07/26/19 06:55:00 PM,28.941,92.057,,,,,
14221,07/26/19 07:00:00 PM,28.766,92.403,,,,,
14222,07/26/19 07:05:00 PM,28.593,92.748,,,,,
14223,07/26/19 07:10:00 PM,28.419,93.119,,,,,
14224,07/26/19 07:15:00 PM,28.270,93.853,,,,,
14225,07/26/19 07:20:00 PM,28.097,93.947,,,,,
14226,07/26/19 07:25:00 PM,27.899,94.227,,,,,
14227,07/26/19 07:30:00 PM,27.677,94.773,,,,,
14228,07/26/19 07:35:00 PM,27.530,95.172,,,,,
14229,07/26/19 07:40:00 PM,27.431,95.609,,,,,
14230,07/26/19 07:45:00 PM,27.333,95.937,,,,,
14231,07/26/19 07:50:00 PM,27.161,96.056,,,,,
14232,07/26/19 07:55:00 PM,26.965,96.330,,,,,
14233,07/26/19 08:00:00 PM,26.769,96.820,,,,,
14234,07/26/19 08:05:00 PM,26.622,97.213,,,,,
14235,07/26/19 08:10:00 PM,26.451,96.872,,,,,
14236,07/26/19 08:15:00 PM,26.207,96.567,,,,,
14237,07/26/19 08:20:00 PM,26.036,97.758,,,,,
14238,07/26/19 08:25:00 PM,25.939,98.053,,,,,
14239,07/26/19 08:30:00 PM,25.817,98.128,,,,,
14240,07/26/19 08:35:00 PM,25.695,98.735,,,,,
14241,07/26/19 08:40:00 PM,25.598,98.975,,,,,
14242,07/26/19 08:45:00 PM,25.501,99.162,,,,,
14243,07/26/19 08:50:00 PM,25.380,99.395,,,,,
14244,07/26/19 08:55:00 PM,25.234,99.674,,,,,
14245,07/26/19 09:00:00 PM,25.137,99.965,,,,,
14246,07/26/19 09:05:00 PM,25.040,100.000,,,,,
14247,07/26/19 09:10:00 PM,24.944,100.000,,,,,
14248,07/26/19 09:15:00 PM,24.823,100.000,,,,,
14249,07/26/19 09:20:00 PM,24.702,100.000,,,,,
14250,07/26/19 09:25:00 PM,24.581,100.000,,,,,
14251,07/26/19 09:30:00 PM,24.532,100.000,,,,,
14252,07/26/19 09:35:00 PM,24.484,100.000,,,,,
14253,07/26/19 09:40:00 PM,24.436,100.000,,,,,
14254,07/26/19 09:45:00 PM,24.339,100.000,,,,,
14255,07/26/19 09:50:00 PM,24.267,100.000,,,,,
14256,07/26/19 09:55:00 PM,24.291,100.000,,,,,
14257,07/26/19 10:00:00 PM,24.460,100.000,,,,,
14258,07/26/19 10:05:00 PM,24.653,100.000,,,,,
14259,07/26/19 10:10:00 PM,24.823,100.000,,,,,
14260,07/26/19 10:15:00 PM,24.944,100.000,,,,,
14261,07/26/19 10:20:00 PM,25.016,100.000,,,,,
14262,07/26/19 10:25:00 PM,25.089,100.000,,,,,
14263,07/26/19 10:30:00 PM,25.089,100.000,,,,,
14264,07/26/19 10:35:00 PM,25.137,100.000,,,,,
14265,07/26/19 10:40:00 PM,25.162,100.000,,,,,
14266,07/26/19 10:45:00 PM,25.137,100.000,,,,,
14267,07/26/19 10:50:00 PM,25.065,100.000,,,,,
14268,07/26/19 10:55:00 PM,25.016,100.000,,,,,
14269,07/26/19 11:00:00 PM,24.944,100.000,,,,,
14270,07/26/19 11:05:00 PM,24.871,100.000,,,,,
14271,07/26/19 11:10:00 PM,24.774,100.000,,,,,
14272,07/26/19 11:15:00 PM,24.702,100.000,,,,,
14273,07/26/19 11:20:00 PM,24.629,100.000,,,,,
14274,07/26/19 11:25:00 PM,24.581,100.000,,,,,
14275,07/26/19 11:30:00 PM,24.508,100.000,,,,,
14276,07/26/19 11:35:00 PM,24.436,100.000,,,,,
14277,07/26/19 11:40:00 PM,24.363,100.000,,,,,
14278,07/26/19 11:45:00 PM,24.315,100.000,,,,,
14279,07/26/19 11:50:00 PM,24.219,100.000,,,,,
14280,07/26/19 11:55:00 PM,24.074,100.000,,,,,
14281,07/27/19 12:00:00 AM,24.002,100.000,,,,,
14282,07/27/19 12:05:00 AM,23.954,100.000,,,,,
14283,07/27/19 12:10:00 AM,23.857,100.000,,,,,
14284,07/27/19 12:15:00 AM,23.857,100.000,,,,,
14285,07/27/19 12:20:00 AM,23.761,100.000,,,,,
14286,07/27/19 12:25:00 AM,23.713,100.000,,,,,
14287,07/27/19 12:30:00 AM,23.665,100.000,,,,,
14288,07/27/19 12:35:00 AM,23.617,100.000,,,,,
14289,07/27/19 12:40:00 AM,23.569,100.000,,,,,
14290,07/27/19 12:45:00 AM,23.545,100.000,,,,,
14291,07/27/19 12:50:00 AM,23.472,100.000,,,,,
14292,07/27/19 12:55:00 AM,23.376,100.000,,,,,
14293,07/27/19 01:00:00 AM,23.328,100.000,,,,,
14294,07/27/19 01:05:00 AM,23.328,100.000,,,,,
14295,07/27/19 01:10:00 AM,23.280,100.000,,,,,
14296,07/27/19 01:15:00 AM,23.280,100.000,,,,,
14297,07/27/19 01:20:00 AM,23.232,100.000,,,,,
14298,07/27/19 01:25:00 AM,23.184,100.000,,,,,
14299,07/27/19 01:30:00 AM,23.136,100.000,,,,,
14300,07/27/19 01:35:00 AM,23.112,100.000,,,,,
14301,07/27/19 01:40:00 AM,23.112,100.000,,,,,
14302,07/27/19 01:45:00 AM,23.088,100.000,,,,,
14303,07/27/19 01:50:00 AM,23.112,100.000,,,,,
14304,07/27/19 01:55:00 AM,23.112,100.000,,,,,
14305,07/27/19 02:00:00 AM,23.112,100.000,,,,,
14306,07/27/19 02:05:00 AM,23.088,100.000,,,,,
14307,07/27/19 02:10:00 AM,22.968,100.000,,,,,
14308,07/27/19 02:15:00 AM,22.824,100.000,,,,,
14309,07/27/19 02:20:00 AM,22.848,100.000,,,,,
14310,07/27/19 02:25:00 AM,22.824,100.000,,,,,
14311,07/27/19 02:30:00 AM,22.800,100.000,,,,,
14312,07/27/19 02:35:00 AM,22.705,100.000,,,,,
14313,07/27/19 02:40:00 AM,22.705,100.000,,,,,
14314,07/27/19 02:45:00 AM,22.633,100.000,,,,,
14315,07/27/19 02:50:00 AM,22.609,100.000,,,,,
14316,07/27/19 02:55:00 AM,22.609,100.000,,,,,
14317,07/27/19 03:00:00 AM,22.585,100.000,,,,,
14318,07/27/19 03:05:00 AM,22.561,100.000,,,,,
14319,07/27/19 03:10:00 AM,22.465,100.000,,,,,
14320,07/27/19 03:15:00 AM,22.441,100.000,,,,,
14321,07/27/19 03:20:00 AM,22.441,100.000,,,,,
14322,07/27/19 03:25:00 AM,22.369,100.000,,,,,
14323,07/27/19 03:30:00 AM,22.321,100.000,,,,,
14324,07/27/19 03:35:00 AM,22.274,100.000,,,,,
14325,07/27/19 03:40:00 AM,22.298,100.000,,,,,
14326,07/27/19 03:45:00 AM,22.274,100.000,,,,,
14327,07/27/19 03:50:00 AM,22.226,100.000,,,,,
14328,07/27/19 03:55:00 AM,22.202,100.000,,,,,
14329,07/27/19 04:00:00 AM,22.226,100.000,,,,,
14330,07/27/19 04:05:00 AM,22.226,100.000,,,,,
14331,07/27/19 04:10:00 AM,22.202,100.000,,,,,
14332,07/27/19 04:15:00 AM,22.154,100.000,,,,,
14333,07/27/19 04:20:00 AM,22.106,100.000,,,,,
14334,07/27/19 04:25:00 AM,22.106,100.000,,,,,
14335,07/27/19 04:30:00 AM,22.082,100.000,,,,,
14336,07/27/19 04:35:00 AM,22.106,100.000,,,,,
14337,07/27/19 04:40:00 AM,22.082,100.000,,,,,
14338,07/27/19 04:45:00 AM,22.034,100.000,,,,,
14339,07/27/19 04:50:00 AM,22.106,100.000,,,,,
14340,07/27/19 04:55:00 AM,22.154,100.000,,,,,
14341,07/27/19 05:00:00 AM,22.178,100.000,,,,,
14342,07/27/19 05:05:00 AM,22.130,100.000,,,,,
14343,07/27/19 05:10:00 AM,22.058,100.000,,,,,
14344,07/27/19 05:15:00 AM,21.963,100.000,,,,,
14345,07/27/19 05:20:00 AM,21.891,100.000,,,,,
14346,07/27/19 05:25:00 AM,21.843,100.000,,,,,
14347,07/27/19 05:30:00 AM,21.867,100.000,,,,,
14348,07/27/19 05:35:00 AM,21.891,100.000,,,,,
14349,07/27/19 05:40:00 AM,21.843,100.000,,,,,
14350,07/27/19 05:45:00 AM,21.795,100.000,,,,,
14351,07/27/19 05:50:00 AM,21.748,100.000,,,,,
14352,07/27/19 05:55:00 AM,21.748,100.000,,,,,
14353,07/27/19 06:00:00 AM,21.700,100.000,,,,,
14354,07/27/19 06:05:00 AM,21.676,100.000,,,,,
14355,07/27/19 06:10:00 AM,21.604,100.000,,,,,
14356,07/27/19 06:15:00 AM,21.557,100.000,,,,,
14357,07/27/19 06:20:00 AM,21.557,100.000,,,,,
14358,07/27/19 06:25:00 AM,21.533,100.000,,,,,
14359,07/27/19 06:30:00 AM,21.509,100.000,,,,,
14360,07/27/19 06:35:00 AM,21.533,100.000,,,,,
14361,07/27/19 06:40:00 AM,21.581,100.000,,,,,
14362,07/27/19 06:45:00 AM,21.581,100.000,,,,,
14363,07/27/19 06:50:00 AM,21.557,100.000,,,,,
14364,07/27/19 06:55:00 AM,21.557,100.000,,,,,
14365,07/27/19 07:00:00 AM,21.581,100.000,,,,,
14366,07/27/19 07:05:00 AM,21.581,100.000,,,,,
14367,07/27/19 07:10:00 AM,21.604,100.000,,,,,
14368,07/27/19 07:15:00 AM,21.604,100.000,,,,,
14369,07/27/19 07:20:00 AM,21.604,100.000,,,,,
14370,07/27/19 07:25:00 AM,21.628,100.000,,,,,
14371,07/27/19 07:30:00 AM,21.604,100.000,,,,,
14372,07/27/19 07:35:00 AM,21.628,100.000,,,,,
14373,07/27/19 07:40:00 AM,21.676,100.000,,,,,
14374,07/27/19 07:45:00 AM,21.724,100.000,,,,,
14375,07/27/19 07:50:00 AM,21.795,100.000,,,,,
14376,07/27/19 07:55:00 AM,21.891,100.000,,,,,
14377,07/27/19 08:00:00 AM,21.987,100.000,,,,,
14378,07/27/19 08:05:00 AM,22.106,100.000,,,,,
14379,07/27/19 08:10:00 AM,22.250,100.000,,,,,
14380,07/27/19 08:15:00 AM,22.417,100.000,,,,,
14381,07/27/19 08:20:00 AM,22.537,100.000,,,,,
14382,07/27/19 08:25:00 AM,22.681,100.000,,,,,
14383,07/27/19 08:30:00 AM,22.800,100.000,,,,,
14384,07/27/19 08:35:00 AM,22.968,100.000,,,,,
14385,07/27/19 08:40:00 AM,23.088,100.000,,,,,
14386,07/27/19 08:45:00 AM,23.232,100.000,,,,,
14387,07/27/19 08:50:00 AM,23.328,100.000,,,,,
14388,07/27/19 08:55:00 AM,23.448,100.000,,,,,
14389,07/27/19 09:00:00 AM,23.521,100.000,,,,,
14390,07/27/19 09:05:00 AM,23.593,100.000,,,,,
14391,07/27/19 09:10:00 AM,23.617,100.000,,,,,
14392,07/27/19 09:15:00 AM,23.737,100.000,,,,,
14393,07/27/19 09:20:00 AM,23.761,100.000,,,,,
14394,07/27/19 09:25:00 AM,23.905,100.000,,,,,
14395,07/27/19 09:30:00 AM,24.050,100.000,,,,,
14396,07/27/19 09:35:00 AM,24.171,100.000,,,,,
14397,07/27/19 09:40:00 AM,24.339,100.000,,,,,
14398,07/27/19 09:45:00 AM,24.460,100.000,,,,,
14399,07/27/19 09:50:00 AM,24.629,100.000,,,,,
14400,07/27/19 09:55:00 AM,24.774,100.000,,,,,
14401,07/27/19 10:00:00 AM,24.798,100.000,,,,,
14402,07/27/19 10:05:00 AM,24.895,100.000,,,,,
14403,07/27/19 10:10:00 AM,24.992,100.000,,,,,
14404,07/27/19 10:15:00 AM,25.137,100.000,,,,,
14405,07/27/19 10:20:00 AM,25.258,100.000,,,,,
14406,07/27/19 10:25:00 AM,25.380,100.000,,,,,
14407,07/27/19 10:30:00 AM,25.501,100.000,,,,,
14408,07/27/19 10:35:00 AM,25.647,100.000,,,,,
14409,07/27/19 10:40:00 AM,25.793,100.000,,,,,
14410,07/27/19 10:45:00 AM,25.914,100.000,,,,,
14411,07/27/19 10:50:00 AM,25.987,100.000,,,,,
14412,07/27/19 10:55:00 AM,26.061,100.000,,,,,
14413,07/27/19 11:00:00 AM,26.158,100.000,,,,,
14414,07/27/19 11:05:00 AM,26.280,100.000,,,,,
14415,07/27/19 11:10:00 AM,26.378,100.000,,,,,
14416,07/27/19 11:15:00 AM,26.500,100.000,,,,,
14417,07/27/19 11:20:00 AM,26.549,100.000,,,,,
14418,07/27/19 11:25:00 AM,26.598,100.000,,,,,
14419,07/27/19 11:30:00 AM,26.720,100.000,,,,,
14420,07/27/19 11:35:00 AM,26.916,100.000,,,,,
14421,07/27/19 11:40:00 AM,27.161,100.000,,,,,
14422,07/27/19 11:45:00 AM,27.407,100.000,,,,,
14423,07/27/19 11:50:00 AM,27.505,100.000,,,,,
14424,07/27/19 11:55:00 AM,27.554,100.000,,,,,
14425,07/27/19 12:00:00 PM,27.604,100.000,,,,,
14426,07/27/19 12:05:00 PM,27.801,100.000,,,,,
14427,07/27/19 12:10:00 PM,27.899,99.720,,,,,
14428,07/27/19 12:15:00 PM,27.875,98.883,,,,,
14429,07/27/19 12:20:00 PM,27.899,98.083,,,,,
14430,07/27/19 12:25:00 PM,27.949,97.584,,,,,
14431,07/27/19 12:30:00 PM,28.048,96.825,,,,,
14432,07/27/19 12:35:00 PM,28.171,96.368,,,,,
14433,07/27/19 12:40:00 PM,28.147,95.736,,,,,
14434,07/27/19 12:45:00 PM,28.147,95.491,,,,,
14435,07/27/19 12:50:00 PM,28.023,95.023,,,,,
14436,07/27/19 12:55:00 PM,28.072,94.790,,,,,
14437,07/27/19 01:00:00 PM,28.245,94.697,,,,,
14438,07/27/19 01:05:00 PM,28.543,93.866,,,,,
14439,07/27/19 01:10:00 PM,28.766,93.618,,,,,
14440,07/27/19 01:15:00 PM,28.866,92.483,,,,,
14441,07/27/19 01:20:00 PM,28.866,92.649,,,,,
14442,07/27/19 01:25:00 PM,29.015,92.325,,,,,
14443,07/27/19 01:30:00 PM,29.215,91.568,,,,,
14444,07/27/19 01:35:00 PM,29.340,90.118,,,,,
14445,07/27/19 01:40:00 PM,29.464,90.344,,,,,
14446,07/27/19 01:45:00 PM,29.640,90.077,,,,,
14447,07/27/19 01:50:00 PM,29.815,89.472,,,,,
14448,07/27/19 01:55:00 PM,29.991,88.921,,,,,
14449,07/27/19 02:00:00 PM,30.192,88.318,,,,,
14450,07/27/19 02:05:00 PM,30.167,87.802,,,,,
14451,07/27/19 02:10:00 PM,29.840,88.858,,,,,
14452,07/27/19 02:15:00 PM,29.765,88.869,,,,,
14453,07/27/19 02:20:00 PM,30.016,88.617,,,,,
14454,07/27/19 02:25:00 PM,30.167,88.057,,,,,
14455,07/27/19 02:30:00 PM,29.966,88.435,,,,,
14456,07/27/19 02:35:00 PM,29.966,87.444,,,,,
14457,07/27/19 02:40:00 PM,30.419,85.665,,,,,
14458,07/27/19 02:45:00 PM,30.849,85.130,,,,,
14459,07/27/19 02:50:00 PM,30.571,85.413,,,,,
14460,07/27/19 02:55:00 PM,30.142,86.859,,,,,
14461,07/27/19 03:00:00 PM,29.740,87.336,,,,,
14462,07/27/19 03:05:00 PM,29.365,87.335,,,,,
14463,07/27/19 03:10:00 PM,29.540,85.612,,,,,
14464,07/27/19 03:15:00 PM,30.091,85.335,,,,,
14465,07/27/19 03:20:00 PM,30.444,85.585,,,,,
14466,07/27/19 03:25:00 PM,30.293,86.237,,,,,
14467,07/27/19 03:30:00 PM,30.217,86.334,,,,,
14468,07/27/19 03:35:00 PM,30.293,86.180,,,,,
14469,07/27/19 03:40:00 PM,30.243,86.682,,,,,
14470,07/27/19 03:45:00 PM,30.041,87.291,,,,,
14471,07/27/19 03:50:00 PM,29.840,87.586,,,,,
14472,07/27/19 03:55:00 PM,29.790,86.751,,,,,
14473,07/27/19 04:00:00 PM,29.941,86.500,,,,,
14474,07/27/19 04:05:00 PM,29.941,87.410,,,,,
14475,07/27/19 04:10:00 PM,29.991,87.194,,,,,
14476,07/27/19 04:15:00 PM,30.167,85.923,,,,,
14477,07/27/19 04:20:00 PM,30.293,86.409,,,,,
14478,07/27/19 04:25:00 PM,30.192,85.758,,,,,
14479,07/27/19 04:30:00 PM,29.991,87.648,,,,,
14480,07/27/19 04:35:00 PM,29.840,88.350,,,,,
14481,07/27/19 04:40:00 PM,29.740,88.157,,,,,
14482,07/27/19 04:45:00 PM,29.815,86.671,,,,,
14483,07/27/19 04:50:00 PM,29.966,86.135,,,,,
14484,07/27/19 04:55:00 PM,30.041,85.724,,,,,
14485,07/27/19 05:00:00 PM,30.142,85.746,,,,,
14486,07/27/19 05:05:00 PM,30.192,84.180,,,,,
14487,07/27/19 05:10:00 PM,30.369,83.931,,,,,
14488,07/27/19 05:15:00 PM,30.520,83.762,,,,,
14489,07/27/19 05:20:00 PM,30.621,84.015,,,,,
14490,07/27/19 05:25:00 PM,30.697,82.702,,,,,
14491,07/27/19 05:30:00 PM,30.748,82.828,,,,,
14492,07/27/19 05:35:00 PM,30.798,82.520,,,,,
14493,07/27/19 05:40:00 PM,30.824,81.625,,,,,
14494,07/27/19 05:45:00 PM,31.001,81.721,,,,,
14495,07/27/19 05:50:00 PM,31.077,81.911,,,,,
14496,07/27/19 05:55:00 PM,31.052,80.622,,,,,
14497,07/27/19 06:00:00 PM,31.001,81.604,,,,,
14498,07/27/19 06:05:00 PM,30.925,81.530,,,,,
14499,07/27/19 06:10:00 PM,30.798,81.532,,,,,
14500,07/27/19 06:15:00 PM,30.621,81.203,,,,,
14501,07/27/19 06:20:00 PM,30.469,82.015,,,,,
14502,07/27/19 06:25:00 PM,30.343,84.012,,,,,
14503,07/27/19 06:30:00 PM,30.192,84.554,,,,,
14504,07/27/19 06:35:00 PM,30.041,85.981,,,,,
14505,07/27/19 06:40:00 PM,29.890,86.972,,,,,
14506,07/27/19 06:45:00 PM,29.690,87.466,,,,,
14507,07/27/19 06:50:00 PM,29.464,88.235,,,,,
14508,07/27/19 06:55:00 PM,29.265,88.611,,,,,
14509,07/27/19 07:00:00 PM,29.015,89.172,,,,,
14510,07/27/19 07:05:00 PM,28.766,89.198,,,,,
14511,07/27/19 07:10:00 PM,28.543,90.181,,,,,
14512,07/27/19 07:15:00 PM,28.345,90.802,,,,,
14513,07/27/19 07:20:00 PM,28.196,91.267,,,,,
14514,07/27/19 07:25:00 PM,27.974,91.823,,,,,
14515,07/27/19 07:30:00 PM,27.751,92.377,,,,,
14516,07/27/19 07:35:00 PM,27.604,92.891,,,,,
14517,07/27/19 07:40:00 PM,27.456,93.432,,,,,
14518,07/27/19 07:45:00 PM,27.308,93.614,,,,,
14519,07/27/19 07:50:00 PM,27.161,94.097,,,,,
14520,07/27/19 07:55:00 PM,27.014,94.443,,,,,
14521,07/27/19 08:00:00 PM,26.867,94.406,,,,,
14522,07/27/19 08:05:00 PM,26.671,94.057,,,,,
14523,07/27/19 08:10:00 PM,26.500,94.259,,,,,
14524,07/27/19 08:15:00 PM,26.378,95.206,,,,,
14525,07/27/19 08:20:00 PM,26.280,95.858,,,,,
14526,07/27/19 08:25:00 PM,26.158,96.124,,,,,
14527,07/27/19 08:30:00 PM,26.085,96.455,,,,,
14528,07/27/19 08:35:00 PM,25.963,96.343,,,,,
14529,07/27/19 08:40:00 PM,25.841,96.634,,,,,
14530,07/27/19 08:45:00 PM,25.720,96.522,,,,,
14531,07/27/19 08:50:00 PM,25.598,96.733,,,,,
14532,07/27/19 08:55:00 PM,25.501,97.190,,,,,
14533,07/27/19 09:00:00 PM,25.380,97.319,,,,,
14534,07/27/19 09:05:00 PM,25.307,97.540,,,,,
14535,07/27/19 09:10:00 PM,25.210,97.248,,,,,
14536,07/27/19 09:15:00 PM,25.113,96.795,,,,,
14537,07/27/19 09:20:00 PM,25.113,96.929,,,,,
14538,07/27/19 09:25:00 PM,25.210,97.194,,,,,
14539,07/27/19 09:30:00 PM,25.355,96.884,,,,,
14540,07/27/19 09:35:00 PM,25.550,96.693,,,,,
14541,07/27/19 09:40:00 PM,25.720,96.657,,,,,
14542,07/27/19 09:45:00 PM,25.866,96.560,,,,,
14543,07/27/19 09:50:00 PM,25.987,96.672,,,,,
14544,07/27/19 09:55:00 PM,26.085,96.751,,,,,
14545,07/27/19 10:00:00 PM,26.109,96.892,,,,,
14546,07/27/19 10:05:00 PM,26.134,96.871,,,,,
14547,07/27/19 10:10:00 PM,26.134,96.979,,,,,
14548,07/27/19 10:15:00 PM,26.134,96.979,,,,,
14549,07/27/19 10:20:00 PM,26.109,97.026,,,,,
14550,07/27/19 10:25:00 PM,26.085,96.966,,,,,
14551,07/27/19 10:30:00 PM,26.061,97.201,,,,,
14552,07/27/19 10:35:00 PM,26.036,97.302,,,,,
14553,07/27/19 10:40:00 PM,25.987,97.397,,,,,
14554,07/27/19 10:45:00 PM,25.939,97.545,,,,,
14555,07/27/19 10:50:00 PM,25.866,97.499,,,,,
14556,07/27/19 10:55:00 PM,25.817,97.326,,,,,
14557,07/27/19 11:00:00 PM,25.793,97.587,,,,,
14558,07/27/19 11:05:00 PM,25.744,97.521,,,,,
14559,07/27/19 11:10:00 PM,25.695,97.588,,,,,
14560,07/27/19 11:15:00 PM,25.647,97.602,,,,,
14561,07/27/19 11:20:00 PM,25.598,97.750,,,,,
14562,07/27/19 11:25:00 PM,25.574,97.824,,,,,
14563,07/27/19 11:30:00 PM,25.501,97.992,,,,,
14564,07/27/19 11:35:00 PM,25.453,98.219,,,,,
14565,07/27/19 11:40:00 PM,25.428,98.452,,,,,
14566,07/27/19 11:45:00 PM,25.380,98.599,,,,,
14567,07/27/19 11:50:00 PM,25.331,98.639,,,,,
14568,07/27/19 11:55:00 PM,25.307,98.845,,,,,
14569,07/28/19 12:00:00 AM,25.258,98.991,,,,,
14570,07/28/19 12:05:00 AM,25.210,99.085,,,,,
14571,07/28/19 12:10:00 AM,25.162,98.966,,,,,
14572,07/28/19 12:15:00 AM,25.137,99.118,,,,,
14573,07/28/19 12:20:00 AM,25.113,99.112,,,,,
14574,07/28/19 12:25:00 AM,25.065,99.152,,,,,
14575,07/28/19 12:30:00 AM,25.040,99.304,,,,,
14576,07/28/19 12:35:00 AM,25.016,99.324,,,,,
14577,07/28/19 12:40:00 AM,24.992,99.503,,,,,
14578,07/28/19 12:45:00 AM,24.968,99.602,,,,,
14579,07/28/19 12:50:00 AM,24.944,99.649,,,,,
14580,07/28/19 12:55:00 AM,24.919,99.589,,,,,
14581,07/28/19 01:00:00 AM,24.919,99.695,,,,,
14582,07/28/19 01:05:00 AM,24.895,99.847,,,,,
14583,07/28/19 01:10:00 AM,24.871,99.840,,,,,
14584,07/28/19 01:15:00 AM,24.871,100.000,,,,,
14585,07/28/19 01:20:00 AM,24.823,99.959,,,,,
14586,07/28/19 01:25:00 AM,24.823,100.000,,,,,
14587,07/28/19 01:30:00 AM,24.798,100.000,,,,,
14588,07/28/19 01:35:00 AM,24.774,100.000,,,,,
14589,07/28/19 01:40:00 AM,24.774,100.000,,,,,
14590,07/28/19 01:45:00 AM,24.750,100.000,,,,,
14591,07/28/19 01:50:00 AM,24.750,100.000,,,,,
14592,07/28/19 01:55:00 AM,24.726,100.000,,,,,
14593,07/28/19 02:00:00 AM,24.702,100.000,,,,,
14594,07/28/19 02:05:00 AM,24.726,100.000,,,,,
14595,07/28/19 02:10:00 AM,24.702,100.000,,,,,
14596,07/28/19 02:15:00 AM,24.677,100.000,,,,,
14597,07/28/19 02:20:00 AM,24.629,100.000,,,,,
14598,07/28/19 02:25:00 AM,24.605,100.000,,,,,
14599,07/28/19 02:30:00 AM,24.557,100.000,,,,,
14600,07/28/19 02:35:00 AM,24.532,100.000,,,,,
14601,07/28/19 02:40:00 AM,24.484,100.000,,,,,
14602,07/28/19 02:45:00 AM,24.436,100.000,,,,,
14603,07/28/19 02:50:00 AM,24.388,100.000,,,,,
14604,07/28/19 02:55:00 AM,24.363,100.000,,,,,
14605,07/28/19 03:00:00 AM,24.291,100.000,,,,,
14606,07/28/19 03:05:00 AM,24.243,100.000,,,,,
14607,07/28/19 03:10:00 AM,24.171,100.000,,,,,
14608,07/28/19 03:15:00 AM,24.098,100.000,,,,,
14609,07/28/19 03:20:00 AM,24.074,100.000,,,,,
14610,07/28/19 03:25:00 AM,24.074,100.000,,,,,
14611,07/28/19 03:30:00 AM,24.050,100.000,,,,,
14612,07/28/19 03:35:00 AM,24.050,100.000,,,,,
14613,07/28/19 03:40:00 AM,24.026,100.000,,,,,
14614,07/28/19 03:45:00 AM,24.002,100.000,,,,,
14615,07/28/19 03:50:00 AM,23.930,100.000,,,,,
14616,07/28/19 03:55:00 AM,23.905,100.000,,,,,
14617,07/28/19 04:00:00 AM,23.905,100.000,,,,,
14618,07/28/19 04:05:00 AM,23.857,100.000,,,,,
14619,07/28/19 04:10:00 AM,23.833,100.000,,,,,
14620,07/28/19 04:15:00 AM,23.809,100.000,,,,,
14621,07/28/19 04:20:00 AM,23.809,100.000,,,,,
14622,07/28/19 04:25:00 AM,23.737,100.000,,,,,
14623,07/28/19 04:30:00 AM,23.737,100.000,,,,,
14624,07/28/19 04:35:00 AM,23.761,100.000,,,,,
14625,07/28/19 04:40:00 AM,23.761,100.000,,,,,
14626,07/28/19 04:45:00 AM,23.761,100.000,,,,,
14627,07/28/19 04:50:00 AM,23.737,100.000,,,,,
14628,07/28/19 04:55:00 AM,23.737,100.000,,,,,
14629,07/28/19 05:00:00 AM,23.713,100.000,,,,,
14630,07/28/19 05:05:00 AM,23.689,100.000,,,,,
14631,07/28/19 05:10:00 AM,23.689,100.000,,,,,
14632,07/28/19 05:15:00 AM,23.665,100.000,,,,,
14633,07/28/19 05:20:00 AM,23.617,100.000,,,,,
14634,07/28/19 05:25:00 AM,23.617,100.000,,,,,
14635,07/28/19 05:30:00 AM,23.641,100.000,,,,,
14636,07/28/19 05:35:00 AM,23.665,100.000,,,,,
14637,07/28/19 05:40:00 AM,23.689,100.000,,,,,
14638,07/28/19 05:45:00 AM,23.689,100.000,,,,,
14639,07/28/19 05:50:00 AM,23.665,100.000,,,,,
14640,07/28/19 05:55:00 AM,23.641,100.000,,,,,
14641,07/28/19 06:00:00 AM,23.641,100.000,,,,,
14642,07/28/19 06:05:00 AM,23.617,100.000,,,,,
14643,07/28/19 06:10:00 AM,23.569,100.000,,,,,
14644,07/28/19 06:15:00 AM,23.545,100.000,,,,,
14645,07/28/19 06:20:00 AM,23.521,100.000,,,,,
14646,07/28/19 06:25:00 AM,23.569,100.000,,,,,
14647,07/28/19 06:30:00 AM,23.569,100.000,,,,,
14648,07/28/19 06:35:00 AM,23.593,100.000,,,,,
14649,07/28/19 06:40:00 AM,23.617,100.000,,,,,
14650,07/28/19 06:45:00 AM,23.593,100.000,,,,,
14651,07/28/19 06:50:00 AM,23.569,100.000,,,,,
14652,07/28/19 06:55:00 AM,23.497,100.000,,,,,
14653,07/28/19 07:00:00 AM,23.472,100.000,,,,,
14654,07/28/19 07:05:00 AM,23.472,100.000,,,,,
14655,07/28/19 07:10:00 AM,23.472,100.000,,,,,
14656,07/28/19 07:15:00 AM,23.448,100.000,,,,,
14657,07/28/19 07:20:00 AM,23.448,100.000,,,,,
14658,07/28/19 07:25:00 AM,23.448,100.000,,,,,
14659,07/28/19 07:30:00 AM,23.448,100.000,,,,,
14660,07/28/19 07:35:00 AM,23.448,100.000,,,,,
14661,07/28/19 07:40:00 AM,23.472,100.000,,,,,
14662,07/28/19 07:45:00 AM,23.497,100.000,,,,,
14663,07/28/19 07:50:00 AM,23.521,100.000,,,,,
14664,07/28/19 07:55:00 AM,23.545,100.000,,,,,
14665,07/28/19 08:00:00 AM,23.569,100.000,,,,,
14666,07/28/19 08:05:00 AM,23.617,100.000,,,,,
14667,07/28/19 08:10:00 AM,23.641,100.000,,,,,
14668,07/28/19 08:15:00 AM,23.713,100.000,,,,,
14669,07/28/19 08:20:00 AM,23.785,100.000,,,,,
14670,07/28/19 08:25:00 AM,23.881,100.000,,,,,
14671,07/28/19 08:30:00 AM,24.002,100.000,,,,,
14672,07/28/19 08:35:00 AM,24.074,100.000,,,,,
14673,07/28/19 08:40:00 AM,24.171,100.000,,,,,
14674,07/28/19 08:45:00 AM,24.291,100.000,,,,,
14675,07/28/19 08:50:00 AM,24.388,100.000,,,,,
14676,07/28/19 08:55:00 AM,24.484,100.000,,,,,
14677,07/28/19 09:00:00 AM,24.605,100.000,,,,,
14678,07/28/19 09:05:00 AM,24.702,100.000,,,,,
14679,07/28/19 09:10:00 AM,24.774,100.000,,,,,
14680,07/28/19 09:15:00 AM,24.823,100.000,,,,,
14681,07/28/19 09:20:00 AM,24.944,100.000,,,,,
14682,07/28/19 09:25:00 AM,25.040,100.000,,,,,
14683,07/28/19 09:30:00 AM,25.162,100.000,,,,,
14684,07/28/19 09:35:00 AM,25.283,100.000,,,,,
14685,07/28/19 09:40:00 AM,25.380,100.000,,,,,
14686,07/28/19 09:45:00 AM,25.477,100.000,,,,,
14687,07/28/19 09:50:00 AM,25.598,100.000,,,,,
14688,07/28/19 09:55:00 AM,25.695,100.000,,,,,
14689,07/28/19 10:00:00 AM,25.793,100.000,,,,,
14690,07/28/19 10:05:00 AM,25.866,100.000,,,,,
14691,07/28/19 10:10:00 AM,25.963,100.000,,,,,
14692,07/28/19 10:15:00 AM,26.085,100.000,,,,,
14693,07/28/19 10:20:00 AM,26.182,100.000,,,,,
14694,07/28/19 10:25:00 AM,26.280,100.000,,,,,
14695,07/28/19 10:30:00 AM,26.378,100.000,,,,,
14696,07/28/19 10:35:00 AM,26.475,99.767,,,,,
14697,07/28/19 10:40:00 AM,26.598,99.746,,,,,
14698,07/28/19 10:45:00 AM,26.671,99.367,,,,,
14699,07/28/19 10:50:00 AM,26.720,99.380,,,,,
14700,07/28/19 10:55:00 AM,26.818,99.086,,,,,
14701,07/28/19 11:00:00 AM,26.916,98.657,,,,,
14702,07/28/19 11:05:00 AM,26.989,98.596,,,,,
14703,07/28/19 11:10:00 AM,27.014,98.388,,,,,
14704,07/28/19 11:15:00 AM,27.038,98.261,,,,,
14705,07/28/19 11:20:00 AM,27.087,97.764,,,,,
14706,07/28/19 11:25:00 AM,27.284,97.492,,,,,
14707,07/28/19 11:30:00 AM,27.554,97.022,,,,,
14708,07/28/19 11:35:00 AM,27.825,96.741,,,,,
14709,07/28/19 11:40:00 AM,27.949,95.877,,,,,
14710,07/28/19 11:45:00 AM,27.974,95.665,,,,,
14711,07/28/19 11:50:00 AM,28.048,95.084,,,,,
14712,07/28/19 11:55:00 AM,28.147,94.316,,,,,
14713,07/28/19 12:00:00 PM,28.221,94.088,,,,,
14714,07/28/19 12:05:00 PM,28.295,93.777,,,,,
14715,07/28/19 12:10:00 PM,28.369,93.300,,,,,
14716,07/28/19 12:15:00 PM,28.468,93.104,,,,,
14717,07/28/19 12:20:00 PM,28.468,93.049,,,,,
14718,07/28/19 12:25:00 PM,28.444,93.043,,,,,
14719,07/28/19 12:30:00 PM,28.444,92.656,,,,,
14720,07/28/19 12:35:00 PM,28.543,93.095,,,,,
14721,07/28/19 12:40:00 PM,28.493,92.668,,,,,
14722,07/28/19 12:45:00 PM,28.345,93.129,,,,,
14723,07/28/19 12:50:00 PM,28.221,93.703,,,,,
14724,07/28/19 12:55:00 PM,28.345,93.569,,,,,
14725,07/28/19 01:00:00 PM,28.493,92.889,,,,,
14726,07/28/19 01:05:00 PM,28.667,92.185,,,,,
14727,07/28/19 01:10:00 PM,28.816,91.472,,,,,
14728,07/28/19 01:15:00 PM,28.916,91.496,,,,,
14729,07/28/19 01:20:00 PM,29.115,90.987,,,,,
14730,07/28/19 01:25:00 PM,29.165,91.054,,,,,
14731,07/28/19 01:30:00 PM,29.090,90.311,,,,,
14732,07/28/19 01:35:00 PM,28.990,90.483,,,,,
14733,07/28/19 01:40:00 PM,28.841,91.005,,,,,
14734,07/28/19 01:45:00 PM,28.916,91.106,,,,,
14735,07/28/19 01:50:00 PM,28.941,89.996,,,,,
14736,07/28/19 01:55:00 PM,28.891,90.096,,,,,
14737,07/28/19 02:00:00 PM,29.115,89.420,,,,,
14738,07/28/19 02:05:00 PM,29.540,88.393,,,,,
14739,07/28/19 02:10:00 PM,29.815,87.353,,,,,
14740,07/28/19 02:15:00 PM,30.016,87.143,,,,,
14741,07/28/19 02:20:00 PM,30.343,85.648,,,,,
14742,07/28/19 02:25:00 PM,30.672,84.602,,,,,
14743,07/28/19 02:30:00 PM,31.128,83.142,,,,,
14744,07/28/19 02:35:00 PM,31.535,80.635,,,,,
14745,07/28/19 02:40:00 PM,31.459,80.941,,,,,
14746,07/28/19 02:45:00 PM,30.950,81.914,,,,,
14747,07/28/19 02:50:00 PM,30.545,83.537,,,,,
14748,07/28/19 02:55:00 PM,30.621,83.206,,,,,
14749,07/28/19 03:00:00 PM,30.646,82.517,,,,,
14750,07/28/19 03:05:00 PM,30.748,81.026,,,,,
14751,07/28/19 03:10:00 PM,31.103,78.194,,,,,
14752,07/28/19 03:15:00 PM,31.510,78.542,,,,,
14753,07/28/19 03:20:00 PM,31.816,75.544,,,,,
14754,07/28/19 03:25:00 PM,32.073,76.102,,,,,
14755,07/28/19 03:30:00 PM,32.227,75.505,,,,,
14756,07/28/19 03:35:00 PM,32.330,74.475,,,,,
14757,07/28/19 03:40:00 PM,32.330,74.445,,,,,
14758,07/28/19 03:45:00 PM,32.381,74.935,,,,,
14759,07/28/19 03:50:00 PM,32.381,74.845,,,,,
14760,07/28/19 03:55:00 PM,32.150,74.741,,,,,
14761,07/28/19 04:00:00 PM,31.970,75.724,,,,,
14762,07/28/19 04:05:00 PM,31.816,76.320,,,,,
14763,07/28/19 04:10:00 PM,31.714,75.853,,,,,
14764,07/28/19 04:15:00 PM,31.689,75.370,,,,,
14765,07/28/19 04:20:00 PM,31.561,75.942,,,,,
14766,07/28/19 04:25:00 PM,31.484,76.314,,,,,
14767,07/28/19 04:30:00 PM,31.408,75.286,,,,,
14768,07/28/19 04:35:00 PM,31.331,76.314,,,,,
14769,07/28/19 04:40:00 PM,31.255,76.061,,,,,
14770,07/28/19 04:45:00 PM,31.204,77.090,,,,,
14771,07/28/19 04:50:00 PM,31.153,76.605,,,,,
14772,07/28/19 04:55:00 PM,31.077,76.798,,,,,
14773,07/28/19 05:00:00 PM,31.077,75.639,,,,,
14774,07/28/19 05:05:00 PM,31.153,77.288,,,,,
14775,07/28/19 05:10:00 PM,31.382,76.591,,,,,
14776,07/28/19 05:15:00 PM,31.408,75.375,,,,,
14777,07/28/19 05:20:00 PM,31.433,73.944,,,,,
14778,07/28/19 05:25:00 PM,31.408,73.729,,,,,
14779,07/28/19 05:30:00 PM,31.408,73.939,,,,,
14780,07/28/19 05:35:00 PM,31.433,74.273,,,,,
14781,07/28/19 05:40:00 PM,31.433,74.423,,,,,
14782,07/28/19 05:45:00 PM,31.179,76.165,,,,,
14783,07/28/19 05:50:00 PM,30.773,76.025,,,,,
14784,07/28/19 05:55:00 PM,30.343,78.305,,,,,
14785,07/28/19 06:00:00 PM,29.890,79.533,,,,,
14786,07/28/19 06:05:00 PM,29.490,80.849,,,,,
14787,07/28/19 06:10:00 PM,29.140,82.800,,,,,
14788,07/28/19 06:15:00 PM,28.816,83.850,,,,,
14789,07/28/19 06:20:00 PM,28.593,85.058,,,,,
14790,07/28/19 06:25:00 PM,28.345,86.225,,,,,
14791,07/28/19 06:30:00 PM,28.171,87.260,,,,,
14792,07/28/19 06:35:00 PM,27.974,87.637,,,,,
14793,07/28/19 06:40:00 PM,27.801,88.187,,,,,
14794,07/28/19 06:45:00 PM,27.604,88.366,,,,,
14795,07/28/19 06:50:00 PM,27.431,89.137,,,,,
14796,07/28/19 06:55:00 PM,27.358,90.150,,,,,
14797,07/28/19 07:00:00 PM,27.308,90.444,,,,,
14798,07/28/19 07:05:00 PM,27.284,90.632,,,,,
14799,07/28/19 07:10:00 PM,27.284,90.881,,,,,
14800,07/28/19 07:15:00 PM,27.259,90.876,,,,,
14801,07/28/19 07:20:00 PM,27.186,90.636,,,,,
14802,07/28/19 07:25:00 PM,27.087,91.000,,,,,
14803,07/28/19 07:30:00 PM,27.038,91.348,,,,,
14804,07/28/19 07:35:00 PM,26.989,91.308,,,,,
14805,07/28/19 07:40:00 PM,26.965,92.019,,,,,
14806,07/28/19 07:45:00 PM,26.940,92.014,,,,,
14807,07/28/19 07:50:00 PM,26.867,91.996,,,,,
14808,07/28/19 07:55:00 PM,26.793,92.582,,,,,
14809,07/28/19 08:00:00 PM,26.720,92.948,,,,,
14810,07/28/19 08:05:00 PM,26.646,93.122,,,,,
14811,07/28/19 08:10:00 PM,26.549,93.672,,,,,
14812,07/28/19 08:15:00 PM,26.378,93.192,,,,,
14813,07/28/19 08:20:00 PM,26.231,93.974,,,,,
14814,07/28/19 08:25:00 PM,26.085,93.774,,,,,
14815,07/28/19 08:30:00 PM,25.987,94.511,,,,,
14816,07/28/19 08:35:00 PM,25.841,94.583,,,,,
14817,07/28/19 08:40:00 PM,25.671,93.861,,,,,
14818,07/28/19 08:45:00 PM,25.501,94.335,,,,,
14819,07/28/19 08:50:00 PM,25.380,94.412,,,,,
14820,07/28/19 08:55:00 PM,25.258,94.490,,,,,
14821,07/28/19 09:00:00 PM,25.186,95.309,,,,,
14822,07/28/19 09:05:00 PM,25.089,94.799,,,,,
14823,07/28/19 09:10:00 PM,24.968,94.146,,,,,
14824,07/28/19 09:15:00 PM,24.847,95.034,,,,,
14825,07/28/19 09:20:00 PM,24.798,95.399,,,,,
14826,07/28/19 09:25:00 PM,24.798,95.882,,,,,
14827,07/28/19 09:30:00 PM,24.823,96.559,,,,,
14828,07/28/19 09:35:00 PM,24.823,96.586,,,,,
14829,07/28/19 09:40:00 PM,24.823,96.853,,,,,
14830,07/28/19 09:45:00 PM,24.823,96.987,,,,,
14831,07/28/19 09:50:00 PM,24.774,97.054,,,,,
14832,07/28/19 09:55:00 PM,24.774,97.428,,,,,
14833,07/28/19 10:00:00 PM,24.726,97.362,,,,,
14834,07/28/19 10:05:00 PM,24.677,97.349,,,,,
14835,07/28/19 10:10:00 PM,24.629,97.230,,,,,
14836,07/28/19 10:15:00 PM,24.557,97.291,,,,,
14837,07/28/19 10:20:00 PM,24.484,97.512,,,,,
14838,07/28/19 10:25:00 PM,24.436,97.606,,,,,
14839,07/28/19 10:30:00 PM,24.388,97.699,,,,,
14840,07/28/19 10:35:00 PM,24.363,97.959,,,,,
14841,07/28/19 10:40:00 PM,24.363,98.463,,,,,
14842,07/28/19 10:45:00 PM,24.315,98.370,,,,,
14843,07/28/19 10:50:00 PM,24.339,98.959,,,,,
14844,07/28/19 10:55:00 PM,24.315,98.873,,,,,
14845,07/28/19 11:00:00 PM,24.267,98.860,,,,,
14846,07/28/19 11:05:00 PM,24.219,98.847,,,,,
14847,07/28/19 11:10:00 PM,24.195,99.184,,,,,
14848,07/28/19 11:15:00 PM,24.171,99.415,,,,,
14849,07/28/19 11:20:00 PM,24.171,99.600,,,,,
14850,07/28/19 11:25:00 PM,24.122,99.850,,,,,
14851,07/28/19 11:30:00 PM,24.122,100.000,,,,,
14852,07/28/19 11:35:00 PM,24.050,99.857,,,,,
14853,07/28/19 11:40:00 PM,24.002,99.922,,,,,
14854,07/28/19 11:45:00 PM,23.930,99.693,,,,,
14855,07/28/19 11:50:00 PM,23.905,100.000,,,,,
14856,07/28/19 11:55:00 PM,23.857,100.000,,,,,
14857,07/29/19 12:00:00 AM,23.761,100.000,,,,,
14858,07/29/19 12:05:00 AM,23.713,100.000,,,,,
14859,07/29/19 12:10:00 AM,23.665,100.000,,,,,
14860,07/29/19 12:15:00 AM,23.617,100.000,,,,,
14861,07/29/19 12:20:00 AM,23.545,100.000,,,,,
14862,07/29/19 12:25:00 AM,23.472,100.000,,,,,
14863,07/29/19 12:30:00 AM,23.400,100.000,,,,,
14864,07/29/19 12:35:00 AM,23.376,100.000,,,,,
14865,07/29/19 12:40:00 AM,23.352,100.000,,,,,
14866,07/29/19 12:45:00 AM,23.280,100.000,,,,,
14867,07/29/19 12:50:00 AM,23.256,100.000,,,,,
14868,07/29/19 12:55:00 AM,23.256,100.000,,,,,
14869,07/29/19 01:00:00 AM,23.184,100.000,,,,,
14870,07/29/19 01:05:00 AM,23.112,100.000,,,,,
14871,07/29/19 01:10:00 AM,23.064,100.000,,,,,
14872,07/29/19 01:15:00 AM,23.064,100.000,,,,,
14873,07/29/19 01:20:00 AM,22.992,100.000,,,,,
14874,07/29/19 01:25:00 AM,22.944,100.000,,,,,
14875,07/29/19 01:30:00 AM,22.920,100.000,,,,,
14876,07/29/19 01:35:00 AM,22.944,100.000,,,,,
14877,07/29/19 01:40:00 AM,22.992,100.000,,,,,
14878,07/29/19 01:45:00 AM,22.968,100.000,,,,,
14879,07/29/19 01:50:00 AM,22.896,100.000,,,,,
14880,07/29/19 01:55:00 AM,22.872,100.000,,,,,
14881,07/29/19 02:00:00 AM,22.800,100.000,,,,,
14882,07/29/19 02:05:00 AM,22.753,100.000,,,,,
14883,07/29/19 02:10:00 AM,22.681,100.000,,,,,
14884,07/29/19 02:15:00 AM,22.609,100.000,,,,,
14885,07/29/19 02:20:00 AM,22.513,100.000,,,,,
14886,07/29/19 02:25:00 AM,22.369,100.000,,,,,
14887,07/29/19 02:30:00 AM,22.274,100.000,,,,,
14888,07/29/19 02:35:00 AM,22.226,100.000,,,,,
14889,07/29/19 02:40:00 AM,22.154,100.000,,,,,
14890,07/29/19 02:45:00 AM,22.130,100.000,,,,,
14891,07/29/19 02:50:00 AM,22.130,100.000,,,,,
14892,07/29/19 02:55:00 AM,22.130,100.000,,,,,
14893,07/29/19 03:00:00 AM,22.154,100.000,,,,,
14894,07/29/19 03:05:00 AM,22.154,100.000,,,,,
14895,07/29/19 03:10:00 AM,22.082,100.000,,,,,
14896,07/29/19 03:15:00 AM,22.011,100.000,,,,,
14897,07/29/19 03:20:00 AM,21.939,100.000,,,,,
14898,07/29/19 03:25:00 AM,21.939,100.000,,,,,
14899,07/29/19 03:30:00 AM,21.987,100.000,,,,,
14900,07/29/19 03:35:00 AM,21.843,100.000,,,,,
14901,07/29/19 03:40:00 AM,21.795,100.000,,,,,
14902,07/29/19 03:45:00 AM,21.772,100.000,,,,,
14903,07/29/19 03:50:00 AM,21.843,100.000,,,,,
14904,07/29/19 03:55:00 AM,21.939,100.000,,,,,
14905,07/29/19 04:00:00 AM,21.843,100.000,,,,,
14906,07/29/19 04:05:00 AM,21.748,100.000,,,,,
14907,07/29/19 04:10:00 AM,21.724,100.000,,,,,
14908,07/29/19 04:15:00 AM,21.652,100.000,,,,,
14909,07/29/19 04:20:00 AM,21.628,100.000,,,,,
14910,07/29/19 04:25:00 AM,21.557,100.000,,,,,
14911,07/29/19 04:30:00 AM,21.485,100.000,,,,,
14912,07/29/19 04:35:00 AM,21.413,100.000,,,,,
14913,07/29/19 04:40:00 AM,21.390,100.000,,,,,
14914,07/29/19 04:45:00 AM,21.246,100.000,,,,,
14915,07/29/19 04:50:00 AM,21.199,100.000,,,,,
14916,07/29/19 04:55:00 AM,21.199,100.000,,,,,
14917,07/29/19 05:00:00 AM,21.246,100.000,,,,,
14918,07/29/19 05:05:00 AM,21.318,100.000,,,,,
14919,07/29/19 05:10:00 AM,21.318,100.000,,,,,
14920,07/29/19 05:15:00 AM,21.270,100.000,,,,,
14921,07/29/19 05:20:00 AM,21.318,100.000,,,,,
14922,07/29/19 05:25:00 AM,21.318,100.000,,,,,
14923,07/29/19 05:30:00 AM,21.294,100.000,,,,,
14924,07/29/19 05:35:00 AM,21.199,100.000,,,,,
14925,07/29/19 05:40:00 AM,21.056,100.000,,,,,
14926,07/29/19 05:45:00 AM,21.032,100.000,,,,,
14927,07/29/19 05:50:00 AM,20.984,100.000,,,,,
14928,07/29/19 05:55:00 AM,20.960,100.000,,,,,
14929,07/29/19 06:00:00 AM,20.913,100.000,,,,,
14930,07/29/19 06:05:00 AM,20.913,100.000,,,,,
14931,07/29/19 06:10:00 AM,20.913,100.000,,,,,
14932,07/29/19 06:15:00 AM,20.889,100.000,,,,,
14933,07/29/19 06:20:00 AM,20.865,100.000,,,,,
14934,07/29/19 06:25:00 AM,20.889,100.000,,,,,
14935,07/29/19 06:30:00 AM,20.889,100.000,,,,,
14936,07/29/19 06:35:00 AM,20.841,100.000,,,,,
14937,07/29/19 06:40:00 AM,20.793,100.000,,,,,
14938,07/29/19 06:45:00 AM,20.793,100.000,,,,,
14939,07/29/19 06:50:00 AM,20.746,100.000,,,,,
14940,07/29/19 06:55:00 AM,20.722,100.000,,,,,
14941,07/29/19 07:00:00 AM,20.770,100.000,,,,,
14942,07/29/19 07:05:00 AM,20.698,100.000,,,,,
14943,07/29/19 07:10:00 AM,20.722,100.000,,,,,
14944,07/29/19 07:15:00 AM,20.674,100.000,,,,,
14945,07/29/19 07:20:00 AM,20.603,100.000,,,,,
14946,07/29/19 07:25:00 AM,20.555,100.000,,,,,
14947,07/29/19 07:30:00 AM,20.507,100.000,,,,,
14948,07/29/19 07:35:00 AM,20.555,100.000,,,,,
14949,07/29/19 07:40:00 AM,20.603,100.000,,,,,
14950,07/29/19 07:45:00 AM,20.627,100.000,,,,,
14951,07/29/19 07:50:00 AM,20.674,100.000,,,,,
14952,07/29/19 07:55:00 AM,20.770,100.000,,,,,
14953,07/29/19 08:00:00 AM,20.817,100.000,,,,,
14954,07/29/19 08:05:00 AM,20.936,100.000,,,,,
14955,07/29/19 08:10:00 AM,21.079,100.000,,,,,
14956,07/29/19 08:15:00 AM,21.199,100.000,,,,,
14957,07/29/19 08:20:00 AM,21.366,100.000,,,,,
14958,07/29/19 08:25:00 AM,21.509,100.000,,,,,
14959,07/29/19 08:30:00 AM,21.676,100.000,,,,,
14960,07/29/19 08:35:00 AM,21.819,100.000,,,,,
14961,07/29/19 08:40:00 AM,21.939,100.000,,,,,
14962,07/29/19 08:45:00 AM,22.106,100.000,,,,,
14963,07/29/19 08:50:00 AM,22.274,100.000,,,,,
14964,07/29/19 08:55:00 AM,22.465,100.000,,,,,
14965,07/29/19 09:00:00 AM,22.705,100.000,,,,,
14966,07/29/19 09:05:00 AM,22.872,100.000,,,,,
14967,07/29/19 09:10:00 AM,23.040,100.000,,,,,
14968,07/29/19 09:15:00 AM,23.208,100.000,,,,,
14969,07/29/19 09:20:00 AM,23.376,100.000,,,,,
14970,07/29/19 09:25:00 AM,23.521,100.000,,,,,
14971,07/29/19 09:30:00 AM,23.665,100.000,,,,,
14972,07/29/19 09:35:00 AM,23.761,100.000,,,,,
14973,07/29/19 09:40:00 AM,23.857,100.000,,,,,
14974,07/29/19 09:45:00 AM,23.954,100.000,,,,,
14975,07/29/19 09:50:00 AM,24.074,100.000,,,,,
14976,07/29/19 09:55:00 AM,24.195,100.000,,,,,
14977,07/29/19 10:00:00 AM,24.291,100.000,,,,,
14978,07/29/19 10:05:00 AM,24.436,100.000,,,,,
14979,07/29/19 10:10:00 AM,24.581,100.000,,,,,
14980,07/29/19 10:15:00 AM,24.605,100.000,,,,,
14981,07/29/19 10:20:00 AM,24.677,100.000,,,,,
14982,07/29/19 10:25:00 AM,24.726,100.000,,,,,
14983,07/29/19 10:30:00 AM,24.750,100.000,,,,,
14984,07/29/19 10:35:00 AM,24.798,100.000,,,,,
14985,07/29/19 10:40:00 AM,24.847,100.000,,,,,
14986,07/29/19 10:45:00 AM,24.992,100.000,,,,,
14987,07/29/19 10:50:00 AM,25.137,100.000,,,,,
14988,07/29/19 10:55:00 AM,25.162,100.000,,,,,
14989,07/29/19 11:00:00 AM,25.210,100.000,,,,,
14990,07/29/19 11:05:00 AM,25.210,100.000,,,,,
14991,07/29/19 11:10:00 AM,25.428,100.000,,,,,
14992,07/29/19 11:15:00 AM,25.598,100.000,,,,,
14993,07/29/19 11:20:00 AM,25.817,100.000,,,,,
14994,07/29/19 11:25:00 AM,26.036,100.000,,,,,
14995,07/29/19 11:30:00 AM,26.353,100.000,,,,,
14996,07/29/19 11:35:00 AM,26.500,100.000,,,,,
14997,07/29/19 11:40:00 AM,26.671,100.000,,,,,
14998,07/29/19 11:45:00 AM,26.916,100.000,,,,,
14999,07/29/19 11:50:00 AM,27.161,100.000,,,,,
15000,07/29/19 11:55:00 AM,27.358,100.000,,,,,
15001,07/29/19 12:00:00 PM,27.505,100.000,,,,,
15002,07/29/19 12:05:00 PM,27.677,99.794,,,,,
15003,07/29/19 12:10:00 PM,27.850,97.423,,,,,
15004,07/29/19 12:15:00 PM,27.974,96.291,,,,,
15005,07/29/19 12:20:00 PM,28.122,95.403,,,,,
15006,07/29/19 12:25:00 PM,28.245,94.560,,,,,
15007,07/29/19 12:30:00 PM,28.369,93.987,,,,,
15008,07/29/19 12:35:00 PM,28.444,93.043,,,,,
15009,07/29/19 12:40:00 PM,28.543,92.155,,,,,
15010,07/29/19 12:45:00 PM,28.642,91.347,,,,,
15011,07/29/19 12:50:00 PM,28.742,91.092,,,,,
15012,07/29/19 12:55:00 PM,28.816,90.469,,,,,
15013,07/29/19 01:00:00 PM,28.916,89.261,,,,,
15014,07/29/19 01:05:00 PM,29.115,89.083,,,,,
15015,07/29/19 01:10:00 PM,29.315,88.905,,,,,
15016,07/29/19 01:15:00 PM,29.414,88.421,,,,,
15017,07/29/19 01:20:00 PM,29.515,87.766,,,,,
15018,07/29/19 01:25:00 PM,29.590,87.103,,,,,
15019,07/29/19 01:30:00 PM,29.715,86.648,,,,,
15020,07/29/19 01:35:00 PM,29.865,86.113,,,,,
15021,07/29/19 01:40:00 PM,29.966,85.621,,,,,
15022,07/29/19 01:45:00 PM,30.091,84.962,,,,,
15023,07/29/19 01:50:00 PM,30.192,84.870,,,,,
15024,07/29/19 01:55:00 PM,30.268,83.851,,,,,
15025,07/29/19 02:00:00 PM,30.495,83.237,,,,,
15026,07/29/19 02:05:00 PM,30.748,82.655,,,,,
15027,07/29/19 02:10:00 PM,30.900,81.553,,,,,
15028,07/29/19 02:15:00 PM,31.077,80.978,,,,,
15029,07/29/19 02:20:00 PM,31.357,79.542,,,,,
15030,07/29/19 02:25:00 PM,31.612,78.710,,,,,
15031,07/29/19 02:30:00 PM,31.842,77.306,,,,,
15032,07/29/19 02:35:00 PM,32.175,76.062,,,,,
15033,07/29/19 02:40:00 PM,32.587,75.215,,,,,
15034,07/29/19 02:45:00 PM,32.872,74.399,,,,,
15035,07/29/19 02:50:00 PM,33.209,73.769,,,,,
15036,07/29/19 02:55:00 PM,33.417,71.807,,,,,
15037,07/29/19 03:00:00 PM,33.313,70.660,,,,,
15038,07/29/19 03:05:00 PM,33.209,71.190,,,,,
15039,07/29/19 03:10:00 PM,33.313,71.545,,,,,
15040,07/29/19 03:15:00 PM,33.652,71.485,,,,,
15041,07/29/19 03:20:00 PM,33.887,70.856,,,,,
15042,07/29/19 03:25:00 PM,33.966,69.522,,,,,
15043,07/29/19 03:30:00 PM,33.861,69.319,,,,,
15044,07/29/19 03:35:00 PM,33.678,68.825,,,,,
15045,07/29/19 03:40:00 PM,33.495,68.362,,,,,
15046,07/29/19 03:45:00 PM,33.105,70.042,,,,,
15047,07/29/19 03:50:00 PM,32.407,72.984,,,,,
15048,07/29/19 03:55:00 PM,32.073,72.981,,,,,
15049,07/29/19 04:00:00 PM,31.944,73.770,,,,,
15050,07/29/19 04:05:00 PM,31.919,74.456,,,,,
15051,07/29/19 04:10:00 PM,31.868,74.387,,,,,
15052,07/29/19 04:15:00 PM,31.791,74.462,,,,,
15053,07/29/19 04:20:00 PM,31.714,75.106,,,,,
15054,07/29/19 04:25:00 PM,31.689,75.221,,,,,
15055,07/29/19 04:30:00 PM,31.714,75.912,,,,,
15056,07/29/19 04:35:00 PM,31.714,74.537,,,,,
15057,07/29/19 04:40:00 PM,31.535,76.562,,,,,
15058,07/29/19 04:45:00 PM,31.433,77.343,,,,,
15059,07/29/19 04:50:00 PM,31.484,77.057,,,,,
15060,07/29/19 04:55:00 PM,31.561,76.299,,,,,
15061,07/29/19 05:00:00 PM,31.561,74.388,,,,,
15062,07/29/19 05:05:00 PM,31.663,73.777,,,,,
15063,07/29/19 05:10:00 PM,31.791,74.252,,,,,
15064,07/29/19 05:15:00 PM,31.868,74.627,,,,,
15065,07/29/19 05:20:00 PM,31.919,75.146,,,,,
15066,07/29/19 05:25:00 PM,31.970,73.414,,,,,
15067,07/29/19 05:30:00 PM,31.970,73.715,,,,,
15068,07/29/19 05:35:00 PM,32.073,74.366,,,,,
15069,07/29/19 05:40:00 PM,31.996,74.771,,,,,
15070,07/29/19 05:45:00 PM,31.459,75.713,,,,,
15071,07/29/19 05:50:00 PM,30.976,77.991,,,,,
15072,07/29/19 05:55:00 PM,30.697,77.964,,,,,
15073,07/29/19 06:00:00 PM,30.596,79.678,,,,,
15074,07/29/19 06:05:00 PM,30.596,79.737,,,,,
15075,07/29/19 06:10:00 PM,30.545,80.750,,,,,
15076,07/29/19 06:15:00 PM,30.495,80.038,,,,,
15077,07/29/19 06:20:00 PM,30.394,79.168,,,,,
15078,07/29/19 06:25:00 PM,30.293,79.469,,,,,
15079,07/29/19 06:30:00 PM,30.293,80.668,,,,,
15080,07/29/19 06:35:00 PM,30.293,81.221,,,,,
15081,07/29/19 06:40:00 PM,30.192,80.909,,,,,
15082,07/29/19 06:45:00 PM,30.041,81.981,,,,,
15083,07/29/19 06:50:00 PM,29.941,82.597,,,,,
15084,07/29/19 06:55:00 PM,29.815,83.752,,,,,
15085,07/29/19 07:00:00 PM,29.690,84.156,,,,,
15086,07/29/19 07:05:00 PM,29.540,84.869,,,,,
15087,07/29/19 07:10:00 PM,29.389,85.264,,,,,
15088,07/29/19 07:15:00 PM,29.190,85.875,,,,,
15089,07/29/19 07:20:00 PM,29.015,86.263,,,,,
15090,07/29/19 07:25:00 PM,28.816,86.983,,,,,
15091,07/29/19 07:30:00 PM,28.617,87.334,,,,,
15092,07/29/19 07:35:00 PM,28.419,87.909,,,,,
15093,07/29/19 07:40:00 PM,28.221,88.313,,,,,
15094,07/29/19 07:45:00 PM,28.023,88.772,,,,,
15095,07/29/19 07:50:00 PM,27.801,89.223,,,,,
15096,07/29/19 07:55:00 PM,27.604,89.679,,,,,
15097,07/29/19 08:00:00 PM,27.407,90.162,,,,,
15098,07/29/19 08:05:00 PM,27.235,90.731,,,,,
15099,07/29/19 08:10:00 PM,27.087,90.945,,,,,
15100,07/29/19 08:15:00 PM,26.916,91.235,,,,,
15101,07/29/19 08:20:00 PM,26.744,91.663,,,,,
15102,07/29/19 08:25:00 PM,26.598,91.820,,,,,
15103,07/29/19 08:30:00 PM,26.426,92.273,,,,,
15104,07/29/19 08:35:00 PM,26.329,92.633,,,,,
15105,07/29/19 08:40:00 PM,26.207,93.368,,,,,
15106,07/29/19 08:45:00 PM,26.085,93.611,,,,,
15107,07/29/19 08:50:00 PM,25.987,93.913,,,,,
15108,07/29/19 08:55:00 PM,25.866,93.801,,,,,
15109,07/29/19 09:00:00 PM,25.744,94.179,,,,,
15110,07/29/19 09:05:00 PM,25.623,94.609,,,,,
15111,07/29/19 09:10:00 PM,25.550,94.807,,,,,
15112,07/29/19 09:15:00 PM,25.453,94.322,,,,,
15113,07/29/19 09:20:00 PM,25.380,94.385,,,,,
15114,07/29/19 09:25:00 PM,25.258,95.139,,,,,
15115,07/29/19 09:30:00 PM,25.186,95.417,,,,,
15116,07/29/19 09:35:00 PM,25.113,95.963,,,,,
15117,07/29/19 09:40:00 PM,25.016,96.502,,,,,
15118,07/29/19 09:45:00 PM,24.919,96.691,,,,,
15119,07/29/19 09:50:00 PM,24.871,97.133,,,,,
15120,07/29/19 09:55:00 PM,24.823,96.907,,,,,
15121,07/29/19 10:00:00 PM,24.750,97.208,,,,,
15122,07/29/19 10:05:00 PM,24.702,97.142,,,,,
15123,07/29/19 10:10:00 PM,24.653,97.076,,,,,
15124,07/29/19 10:15:00 PM,24.629,97.363,,,,,
15125,07/29/19 10:20:00 PM,24.581,97.697,,,,,
15126,07/29/19 10:25:00 PM,24.508,97.837,,,,,
15127,07/29/19 10:30:00 PM,24.484,97.858,,,,,
15128,07/29/19 10:35:00 PM,24.460,98.143,,,,,
15129,07/29/19 10:40:00 PM,24.436,98.110,,,,,
15130,07/29/19 10:45:00 PM,24.388,98.336,,,,,
15131,07/29/19 10:50:00 PM,24.315,97.787,,,,,
15132,07/29/19 10:55:00 PM,24.267,98.119,,,,,
15133,07/29/19 11:00:00 PM,24.171,98.438,,,,,
15134,07/29/19 11:05:00 PM,24.026,98.294,,,,,
15135,07/29/19 11:10:00 PM,23.930,98.638,,,,,
15136,07/29/19 11:15:00 PM,23.833,98.666,,,,,
15137,07/29/19 11:20:00 PM,23.737,98.429,,,,,
15138,07/29/19 11:25:00 PM,23.665,98.145,,,,,
15139,07/29/19 11:30:00 PM,23.593,98.338,,,,,
15140,07/29/19 11:35:00 PM,23.545,98.853,,,,,
15141,07/29/19 11:40:00 PM,23.545,99.432,,,,,
15142,07/29/19 11:45:00 PM,23.521,99.609,,,,,
15143,07/29/19 11:50:00 PM,23.472,99.622,,,,,
15144,07/29/19 11:55:00 PM,23.448,99.668,,,,,
15145,07/30/19 12:00:00 AM,23.400,99.130,,,,,
15146,07/30/19 12:05:00 AM,23.376,99.701,,,,,
15147,07/30/19 12:10:00 AM,23.352,99.852,,,,,
15148,07/30/19 12:15:00 AM,23.328,100.000,,,,,
15149,07/30/19 12:20:00 AM,23.304,100.000,,,,,
15150,07/30/19 12:25:00 AM,23.280,100.000,,,,,
15151,07/30/19 12:30:00 AM,23.280,100.000,,,,,
15152,07/30/19 12:35:00 AM,23.280,100.000,,,,,
15153,07/30/19 12:40:00 AM,23.208,100.000,,,,,
15154,07/30/19 12:45:00 AM,23.136,100.000,,,,,
15155,07/30/19 12:50:00 AM,23.088,100.000,,,,,
15156,07/30/19 12:55:00 AM,23.064,100.000,,,,,
15157,07/30/19 01:00:00 AM,23.016,100.000,,,,,
15158,07/30/19 01:05:00 AM,22.992,100.000,,,,,
15159,07/30/19 01:10:00 AM,22.944,100.000,,,,,
15160,07/30/19 01:15:00 AM,22.944,100.000,,,,,
15161,07/30/19 01:20:00 AM,22.920,100.000,,,,,
15162,07/30/19 01:25:00 AM,22.872,100.000,,,,,
15163,07/30/19 01:30:00 AM,22.848,100.000,,,,,
15164,07/30/19 01:35:00 AM,22.848,100.000,,,,,
15165,07/30/19 01:40:00 AM,22.872,100.000,,,,,
15166,07/30/19 01:45:00 AM,22.896,100.000,,,,,
15167,07/30/19 01:50:00 AM,22.872,100.000,,,,,
15168,07/30/19 01:55:00 AM,22.872,100.000,,,,,
15169,07/30/19 02:00:00 AM,22.896,100.000,,,,,
15170,07/30/19 02:05:00 AM,22.920,100.000,,,,,
15171,07/30/19 02:10:00 AM,22.944,100.000,,,,,
15172,07/30/19 02:15:00 AM,22.944,100.000,,,,,
15173,07/30/19 02:20:00 AM,22.944,100.000,,,,,
15174,07/30/19 02:25:00 AM,22.944,100.000,,,,,
15175,07/30/19 02:30:00 AM,22.944,100.000,,,,,
15176,07/30/19 02:35:00 AM,22.920,100.000,,,,,
15177,07/30/19 02:40:00 AM,22.920,100.000,,,,,
15178,07/30/19 02:45:00 AM,22.896,100.000,,,,,
15179,07/30/19 02:50:00 AM,22.848,100.000,,,,,
15180,07/30/19 02:55:00 AM,22.848,100.000,,,,,
15181,07/30/19 03:00:00 AM,22.848,100.000,,,,,
15182,07/30/19 03:05:00 AM,22.824,100.000,,,,,
15183,07/30/19 03:10:00 AM,22.848,100.000,,,,,
15184,07/30/19 03:15:00 AM,22.800,100.000,,,,,
15185,07/30/19 03:20:00 AM,22.753,100.000,,,,,
15186,07/30/19 03:25:00 AM,22.729,100.000,,,,,
15187,07/30/19 03:30:00 AM,22.657,100.000,,,,,
15188,07/30/19 03:35:00 AM,22.585,100.000,,,,,
15189,07/30/19 03:40:00 AM,22.585,100.000,,,,,
15190,07/30/19 03:45:00 AM,22.489,100.000,,,,,
15191,07/30/19 03:50:00 AM,22.441,100.000,,,,,
15192,07/30/19 03:55:00 AM,22.417,100.000,,,,,
15193,07/30/19 04:00:00 AM,22.369,100.000,,,,,
15194,07/30/19 04:05:00 AM,22.321,100.000,,,,,
15195,07/30/19 04:10:00 AM,22.274,100.000,,,,,
15196,07/30/19 04:15:00 AM,22.202,100.000,,,,,
15197,07/30/19 04:20:00 AM,22.202,100.000,,,,,
15198,07/30/19 04:25:00 AM,22.178,100.000,,,,,
15199,07/30/19 04:30:00 AM,22.226,100.000,,,,,
15200,07/30/19 04:35:00 AM,22.202,100.000,,,,,
15201,07/30/19 04:40:00 AM,22.226,100.000,,,,,
15202,07/30/19 04:45:00 AM,22.130,100.000,,,,,
15203,07/30/19 04:50:00 AM,22.106,100.000,,,,,
15204,07/30/19 04:55:00 AM,22.082,100.000,,,,,
15205,07/30/19 05:00:00 AM,22.034,100.000,,,,,
15206,07/30/19 05:05:00 AM,22.011,100.000,,,,,
15207,07/30/19 05:10:00 AM,21.987,100.000,,,,,
15208,07/30/19 05:15:00 AM,22.034,100.000,,,,,
15209,07/30/19 05:20:00 AM,22.034,100.000,,,,,
15210,07/30/19 05:25:00 AM,21.963,100.000,,,,,
15211,07/30/19 05:30:00 AM,21.915,100.000,,,,,
15212,07/30/19 05:35:00 AM,21.867,100.000,,,,,
15213,07/30/19 05:40:00 AM,21.891,100.000,,,,,
15214,07/30/19 05:45:00 AM,21.891,100.000,,,,,
15215,07/30/19 05:50:00 AM,21.915,100.000,,,,,
15216,07/30/19 05:55:00 AM,21.867,100.000,,,,,
15217,07/30/19 06:00:00 AM,21.891,100.000,,,,,
15218,07/30/19 06:05:00 AM,21.891,100.000,,,,,
15219,07/30/19 06:10:00 AM,21.795,100.000,,,,,
15220,07/30/19 06:15:00 AM,21.700,100.000,,,,,
15221,07/30/19 06:20:00 AM,21.748,100.000,,,,,
15222,07/30/19 06:25:00 AM,21.843,100.000,,,,,
15223,07/30/19 06:30:00 AM,21.891,100.000,,,,,
15224,07/30/19 06:35:00 AM,21.963,100.000,,,,,
15225,07/30/19 06:40:00 AM,21.963,100.000,,,,,
15226,07/30/19 06:45:00 AM,21.987,100.000,,,,,
15227,07/30/19 06:50:00 AM,21.963,100.000,,,,,
15228,07/30/19 06:55:00 AM,21.891,100.000,,,,,
15229,07/30/19 07:00:00 AM,21.891,100.000,,,,,
15230,07/30/19 07:05:00 AM,21.843,100.000,,,,,
15231,07/30/19 07:10:00 AM,21.819,100.000,,,,,
15232,07/30/19 07:15:00 AM,21.843,100.000,,,,,
15233,07/30/19 07:20:00 AM,21.843,100.000,,,,,
15234,07/30/19 07:25:00 AM,21.795,100.000,,,,,
15235,07/30/19 07:30:00 AM,21.772,100.000,,,,,
15236,07/30/19 07:35:00 AM,21.724,100.000,,,,,
15237,07/30/19 07:40:00 AM,21.748,100.000,,,,,
15238,07/30/19 07:45:00 AM,21.795,100.000,,,,,
15239,07/30/19 07:50:00 AM,21.819,100.000,,,,,
15240,07/30/19 07:55:00 AM,21.843,100.000,,,,,
15241,07/30/19 08:00:00 AM,21.843,100.000,,,,,
15242,07/30/19 08:05:00 AM,21.867,100.000,,,,,
15243,07/30/19 08:10:00 AM,21.963,100.000,,,,,
15244,07/30/19 08:15:00 AM,22.011,100.000,,,,,
15245,07/30/19 08:20:00 AM,22.058,100.000,,,,,
15246,07/30/19 08:25:00 AM,22.154,100.000,,,,,
15247,07/30/19 08:30:00 AM,22.250,100.000,,,,,
15248,07/30/19 08:35:00 AM,22.345,100.000,,,,,
15249,07/30/19 08:40:00 AM,22.417,100.000,,,,,
15250,07/30/19 08:45:00 AM,22.561,100.000,,,,,
15251,07/30/19 08:50:00 AM,22.705,100.000,,,,,
15252,07/30/19 08:55:00 AM,22.872,100.000,,,,,
15253,07/30/19 09:00:00 AM,23.088,100.000,,,,,
15254,07/30/19 09:05:00 AM,23.280,100.000,,,,,
15255,07/30/19 09:10:00 AM,23.424,100.000,,,,,
15256,07/30/19 09:15:00 AM,23.545,100.000,,,,,
15257,07/30/19 09:20:00 AM,23.641,100.000,,,,,
15258,07/30/19 09:25:00 AM,23.785,100.000,,,,,
15259,07/30/19 09:30:00 AM,23.954,100.000,,,,,
15260,07/30/19 09:35:00 AM,24.122,100.000,,,,,
15261,07/30/19 09:40:00 AM,24.291,100.000,,,,,
15262,07/30/19 09:45:00 AM,24.436,100.000,,,,,
15263,07/30/19 09:50:00 AM,24.532,100.000,,,,,
15264,07/30/19 09:55:00 AM,24.629,100.000,,,,,
15265,07/30/19 10:00:00 AM,24.726,100.000,,,,,
15266,07/30/19 10:05:00 AM,24.871,100.000,,,,,
15267,07/30/19 10:10:00 AM,24.968,100.000,,,,,
15268,07/30/19 10:15:00 AM,25.065,100.000,,,,,
15269,07/30/19 10:20:00 AM,25.186,100.000,,,,,
15270,07/30/19 10:25:00 AM,25.283,100.000,,,,,
15271,07/30/19 10:30:00 AM,25.331,100.000,,,,,
15272,07/30/19 10:35:00 AM,25.404,100.000,,,,,
15273,07/30/19 10:40:00 AM,25.525,100.000,,,,,
15274,07/30/19 10:45:00 AM,25.598,100.000,,,,,
15275,07/30/19 10:50:00 AM,25.720,100.000,,,,,
15276,07/30/19 10:55:00 AM,25.866,100.000,,,,,
15277,07/30/19 11:00:00 AM,25.987,100.000,,,,,
15278,07/30/19 11:05:00 AM,26.036,100.000,,,,,
15279,07/30/19 11:10:00 AM,26.207,100.000,,,,,
15280,07/30/19 11:15:00 AM,26.475,100.000,,,,,
15281,07/30/19 11:20:00 AM,26.769,99.819,,,,,
15282,07/30/19 11:25:00 AM,27.186,98.326,,,,,
15283,07/30/19 11:30:00 AM,27.628,97.366,,,,,
15284,07/30/19 11:35:00 AM,27.751,96.640,,,,,
15285,07/30/19 11:40:00 AM,27.776,96.674,,,,,
15286,07/30/19 11:45:00 AM,27.850,96.449,,,,,
15287,07/30/19 11:50:00 AM,27.850,96.069,,,,,
15288,07/30/19 11:55:00 AM,27.899,95.728,,,,,
15289,07/30/19 12:00:00 PM,27.974,95.284,,,,,
15290,07/30/19 12:05:00 PM,28.147,95.437,,,,,
15291,07/30/19 12:10:00 PM,28.320,94.743,,,,,
15292,07/30/19 12:15:00 PM,28.444,93.759,,,,,
15293,07/30/19 12:20:00 PM,28.642,93.698,,,,,
15294,07/30/19 12:25:00 PM,28.766,93.122,,,,,
15295,07/30/19 12:30:00 PM,28.891,92.516,,,,,
15296,07/30/19 12:35:00 PM,28.990,92.291,,,,,
15297,07/30/19 12:40:00 PM,29.065,91.003,,,,,
15298,07/30/19 12:45:00 PM,29.240,91.100,,,,,
15299,07/30/19 12:50:00 PM,29.365,90.236,,,,,
15300,07/30/19 12:55:00 PM,29.490,89.845,,,,,
15301,07/30/19 01:00:00 PM,29.640,89.487,,,,,
15302,07/30/19 01:05:00 PM,29.740,89.342,,,,,
15303,07/30/19 01:10:00 PM,29.890,87.824,,,,,
15304,07/30/19 01:15:00 PM,30.192,87.013,,,,,
15305,07/30/19 01:20:00 PM,30.343,85.677,,,,,
15306,07/30/19 01:25:00 PM,30.495,84.016,,,,,
15307,07/30/19 01:30:00 PM,30.646,83.847,,,,,
15308,07/30/19 01:35:00 PM,30.824,82.729,,,,,
15309,07/30/19 01:40:00 PM,31.077,82.783,,,,,
15310,07/30/19 01:45:00 PM,31.255,82.037,,,,,
15311,07/30/19 01:50:00 PM,31.408,81.282,,,,,
15312,07/30/19 01:55:00 PM,31.561,80.641,,,,,
15313,07/30/19 02:00:00 PM,31.714,79.292,,,,,
15314,07/30/19 02:05:00 PM,31.689,79.934,,,,,
15315,07/30/19 02:10:00 PM,31.382,80.340,,,,,
15316,07/30/19 02:15:00 PM,31.052,81.236,,,,,
15317,07/30/19 02:20:00 PM,30.798,81.211,,,,,
15318,07/30/19 02:25:00 PM,30.824,82.061,,,,,
15319,07/30/19 02:30:00 PM,30.824,82.177,,,,,
15320,07/30/19 02:35:00 PM,30.900,82.310,,,,,
15321,07/30/19 02:40:00 PM,30.824,81.479,,,,,
15322,07/30/19 02:45:00 PM,31.128,79.024,,,,,
15323,07/30/19 02:50:00 PM,31.765,76.131,,,,,
15324,07/30/19 02:55:00 PM,32.536,75.115,,,,,
15325,07/30/19 03:00:00 PM,33.131,74.629,,,,,
15326,07/30/19 03:05:00 PM,33.626,73.848,,,,,
15327,07/30/19 03:10:00 PM,33.992,72.492,,,,,
15328,07/30/19 03:15:00 PM,34.097,72.754,,,,,
15329,07/30/19 03:20:00 PM,34.202,72.317,,,,,
15330,07/30/19 03:25:00 PM,34.360,71.584,,,,,
15331,07/30/19 03:30:00 PM,34.176,71.703,,,,,
15332,07/30/19 03:35:00 PM,33.887,70.795,,,,,
15333,07/30/19 03:40:00 PM,33.887,71.162,,,,,
15334,07/30/19 03:45:00 PM,33.914,71.105,,,,,
15335,07/30/19 03:50:00 PM,33.940,71.385,,,,,
15336,07/30/19 03:55:00 PM,33.757,72.204,,,,,
15337,07/30/19 04:00:00 PM,33.261,72.871,,,,,
15338,07/30/19 04:05:00 PM,32.717,74.068,,,,,
15339,07/30/19 04:10:00 PM,32.433,74.885,,,,,
15340,07/30/19 04:15:00 PM,32.201,76.097,,,,,
15341,07/30/19 04:20:00 PM,31.842,76.682,,,,,
15342,07/30/19 04:25:00 PM,31.433,77.432,,,,,
15343,07/30/19 04:30:00 PM,31.103,79.372,,,,,
15344,07/30/19 04:35:00 PM,30.849,80.053,,,,,
15345,07/30/19 04:40:00 PM,30.571,80.843,,,,,
15346,07/30/19 04:45:00 PM,30.318,82.041,,,,,
15347,07/30/19 04:50:00 PM,30.192,82.767,,,,,
15348,07/30/19 04:55:00 PM,30.091,83.409,,,,,
15349,07/30/19 05:00:00 PM,29.991,83.848,,,,,
15350,07/30/19 05:05:00 PM,29.890,84.200,,,,,
15351,07/30/19 05:10:00 PM,29.941,83.953,,,,,
15352,07/30/19 05:15:00 PM,29.991,84.596,,,,,
15353,07/30/19 05:20:00 PM,29.890,85.118,,,,,
15354,07/30/19 05:25:00 PM,29.715,85.365,,,,,
15355,07/30/19 05:30:00 PM,29.490,86.057,,,,,
15356,07/30/19 05:35:00 PM,29.240,86.285,,,,,
15357,07/30/19 05:40:00 PM,29.015,87.142,,,,,
15358,07/30/19 05:45:00 PM,28.891,87.820,,,,,
15359,07/30/19 05:50:00 PM,28.742,88.096,,,,,
15360,07/30/19 05:55:00 PM,28.617,88.658,,,,,
15361,07/30/19 06:00:00 PM,28.518,89.028,,,,,
15362,07/30/19 06:05:00 PM,28.468,89.296,,,,,
15363,07/30/19 06:10:00 PM,28.468,89.772,,,,,
15364,07/30/19 06:15:00 PM,28.493,90.029,,,,,
15365,07/30/19 06:20:00 PM,28.568,90.298,,,,,
15366,07/30/19 06:25:00 PM,28.568,90.187,,,,,
15367,07/30/19 06:30:00 PM,28.493,90.504,,,,,
15368,07/30/19 06:35:00 PM,28.419,90.820,,,,,
15369,07/30/19 06:40:00 PM,28.369,91.031,,,,,
15370,07/30/19 06:45:00 PM,28.419,91.265,,,,,
15371,07/30/19 06:50:00 PM,28.493,91.172,,,,,
15372,07/30/19 06:55:00 PM,28.518,91.150,,,,,
15373,07/30/19 07:00:00 PM,28.493,91.283,,,,,
15374,07/30/19 07:05:00 PM,28.468,91.444,,,,,
15375,07/30/19 07:10:00 PM,28.419,91.654,,,,,
15376,07/30/19 07:15:00 PM,28.369,91.808,,,,,
15377,07/30/19 07:20:00 PM,28.295,91.956,,,,,
15378,07/30/19 07:25:00 PM,28.196,92.264,,,,,
15379,07/30/19 07:30:00 PM,28.122,92.578,,,,,
15380,07/30/19 07:35:00 PM,28.023,92.774,,,,,
15381,07/30/19 07:40:00 PM,27.924,93.025,,,,,
15382,07/30/19 07:45:00 PM,27.825,93.331,,,,,
15383,07/30/19 07:50:00 PM,27.727,93.526,,,,,
15384,07/30/19 07:55:00 PM,27.628,93.803,,,,,
15385,07/30/19 08:00:00 PM,27.530,94.025,,,,,
15386,07/30/19 08:05:00 PM,27.407,94.131,,,,,
15387,07/30/19 08:10:00 PM,27.259,94.286,,,,,
15388,07/30/19 08:15:00 PM,27.136,94.637,,,,,
15389,07/30/19 08:20:00 PM,27.014,94.878,,,,,
15390,07/30/19 08:25:00 PM,26.916,95.071,,,,,
15391,07/30/19 08:30:00 PM,26.769,95.305,,,,,
15392,07/30/19 08:35:00 PM,26.671,95.552,,,,,
15393,07/30/19 08:40:00 PM,26.573,95.825,,,,,
15394,07/30/19 08:45:00 PM,26.500,96.184,,,,,
15395,07/30/19 08:50:00 PM,26.451,96.414,,,,,
15396,07/30/19 08:55:00 PM,26.378,96.530,,,,,
15397,07/30/19 09:00:00 PM,26.329,96.760,,,,,
15398,07/30/19 09:05:00 PM,26.280,96.936,,,,,
15399,07/30/19 09:10:00 PM,26.231,97.058,,,,,
15400,07/30/19 09:15:00 PM,26.207,97.239,,,,,
15401,07/30/19 09:20:00 PM,26.158,97.414,,,,,
15402,07/30/19 09:25:00 PM,26.109,97.509,,,,,
15403,07/30/19 09:30:00 PM,26.061,97.630,,,,,
15404,07/30/19 09:35:00 PM,25.987,97.798,,,,,
15405,07/30/19 09:40:00 PM,25.914,97.940,,,,,
15406,07/30/19 09:45:00 PM,25.866,98.087,,,,,
15407,07/30/19 09:50:00 PM,25.793,98.121,,,,,
15408,07/30/19 09:55:00 PM,25.671,98.196,,,,,
15409,07/30/19 10:00:00 PM,25.598,98.417,,,,,
15410,07/30/19 10:05:00 PM,25.550,98.670,,,,,
15411,07/30/19 10:10:00 PM,25.477,98.731,,,,,
15412,07/30/19 10:15:00 PM,25.428,98.877,,,,,
15413,07/30/19 10:20:00 PM,25.355,99.070,,,,,
15414,07/30/19 10:25:00 PM,25.283,99.263,,,,,
15415,07/30/19 10:30:00 PM,25.210,99.058,,,,,
15416,07/30/19 10:35:00 PM,25.137,98.959,,,,,
15417,07/30/19 10:40:00 PM,25.065,99.311,,,,,
15418,07/30/19 10:45:00 PM,24.992,99.397,,,,,
15419,07/30/19 10:50:00 PM,24.944,99.649,,,,,
15420,07/30/19 10:55:00 PM,24.871,99.893,,,,,
15421,07/30/19 11:00:00 PM,24.798,99.874,,,,,
15422,07/30/19 11:05:00 PM,24.726,100.000,,,,,
15423,07/30/19 11:10:00 PM,24.653,100.000,,,,,
15424,07/30/19 11:15:00 PM,24.629,100.000,,,,,
15425,07/30/19 11:20:00 PM,24.581,100.000,,,,,
15426,07/30/19 11:25:00 PM,24.532,100.000,,,,,
15427,07/30/19 11:30:00 PM,24.460,100.000,,,,,
15428,07/30/19 11:35:00 PM,24.412,100.000,,,,,
15429,07/30/19 11:40:00 PM,24.339,100.000,,,,,
15430,07/30/19 11:45:00 PM,24.339,100.000,,,,,
15431,07/30/19 11:50:00 PM,24.315,100.000,,,,,
15432,07/30/19 11:55:00 PM,24.267,100.000,,,,,
15433,07/31/19 12:00:00 AM,24.243,100.000,,,,,
15434,07/31/19 12:05:00 AM,24.171,100.000,,,,,
15435,07/31/19 12:10:00 AM,24.098,100.000,,,,,
15436,07/31/19 12:15:00 AM,24.074,100.000,,,,,
15437,07/31/19 12:20:00 AM,24.050,100.000,,,,,
15438,07/31/19 12:25:00 AM,24.026,100.000,,,,,
15439,07/31/19 12:30:00 AM,23.954,100.000,,,,,
15440,07/31/19 12:35:00 AM,23.930,100.000,,,,,
15441,07/31/19 12:40:00 AM,23.905,100.000,,,,,
15442,07/31/19 12:45:00 AM,23.881,100.000,,,,,
15443,07/31/19 12:50:00 AM,23.881,100.000,,,,,
15444,07/31/19 12:55:00 AM,23.809,100.000,,,,,
15445,07/31/19 01:00:00 AM,23.761,100.000,,,,,
15446,07/31/19 01:05:00 AM,23.737,100.000,,,,,
15447,07/31/19 01:10:00 AM,23.713,100.000,,,,,
15448,07/31/19 01:15:00 AM,23.665,100.000,,,,,
15449,07/31/19 01:20:00 AM,23.641,100.000,,,,,
15450,07/31/19 01:25:00 AM,23.617,100.000,,,,,
15451,07/31/19 01:30:00 AM,23.617,100.000,,,,,
15452,07/31/19 01:35:00 AM,23.545,100.000,,,,,
15453,07/31/19 01:40:00 AM,23.472,100.000,,,,,
15454,07/31/19 01:45:00 AM,23.376,100.000,,,,,
15455,07/31/19 01:50:00 AM,23.304,100.000,,,,,
15456,07/31/19 01:55:00 AM,23.280,100.000,,,,,
15457,07/31/19 02:00:00 AM,23.232,100.000,,,,,
15458,07/31/19 02:05:00 AM,23.160,100.000,,,,,
15459,07/31/19 02:10:00 AM,23.088,100.000,,,,,
15460,07/31/19 02:15:00 AM,23.064,100.000,,,,,
15461,07/31/19 02:20:00 AM,23.016,100.000,,,,,
15462,07/31/19 02:25:00 AM,22.992,100.000,,,,,
15463,07/31/19 02:30:00 AM,23.040,100.000,,,,,
15464,07/31/19 02:35:00 AM,22.992,100.000,,,,,
15465,07/31/19 02:40:00 AM,22.944,100.000,,,,,
15466,07/31/19 02:45:00 AM,22.968,100.000,,,,,
15467,07/31/19 02:50:00 AM,22.992,100.000,,,,,
15468,07/31/19 02:55:00 AM,22.992,100.000,,,,,
15469,07/31/19 03:00:00 AM,23.040,100.000,,,,,
15470,07/31/19 03:05:00 AM,23.040,100.000,,,,,
15471,07/31/19 03:10:00 AM,23.016,100.000,,,,,
15472,07/31/19 03:15:00 AM,23.016,100.000,,,,,
15473,07/31/19 03:20:00 AM,22.944,100.000,,,,,
15474,07/31/19 03:25:00 AM,22.848,100.000,,,,,
15475,07/31/19 03:30:00 AM,22.800,100.000,,,,,
15476,07/31/19 03:35:00 AM,22.705,100.000,,,,,
15477,07/31/19 03:40:00 AM,22.585,100.000,,,,,
15478,07/31/19 03:45:00 AM,22.561,100.000,,,,,
15479,07/31/19 03:50:00 AM,22.537,100.000,,,,,
15480,07/31/19 03:55:00 AM,22.561,100.000,,,,,
15481,07/31/19 04:00:00 AM,22.609,100.000,,,,,
15482,07/31/19 04:05:00 AM,22.585,100.000,,,,,
15483,07/31/19 04:10:00 AM,22.537,100.000,,,,,
15484,07/31/19 04:15:00 AM,22.513,100.000,,,,,
15485,07/31/19 04:20:00 AM,22.465,100.000,,,,,
15486,07/31/19 04:25:00 AM,22.465,100.000,,,,,
15487,07/31/19 04:30:00 AM,22.417,100.000,,,,,
15488,07/31/19 04:35:00 AM,22.441,100.000,,,,,
15489,07/31/19 04:40:00 AM,22.489,100.000,,,,,
15490,07/31/19 04:45:00 AM,22.441,100.000,,,,,
15491,07/31/19 04:50:00 AM,22.441,100.000,,,,,
15492,07/31/19 04:55:00 AM,22.489,100.000,,,,,
15493,07/31/19 05:00:00 AM,22.513,100.000,,,,,
15494,07/31/19 05:05:00 AM,22.537,100.000,,,,,
15495,07/31/19 05:10:00 AM,22.489,100.000,,,,,
15496,07/31/19 05:15:00 AM,22.465,100.000,,,,,
15497,07/31/19 05:20:00 AM,22.489,100.000,,,,,
15498,07/31/19 05:25:00 AM,22.489,100.000,,,,,
15499,07/31/19 05:30:00 AM,22.537,100.000,,,,,
15500,07/31/19 05:35:00 AM,22.585,100.000,,,,,
15501,07/31/19 05:40:00 AM,22.561,100.000,,,,,
15502,07/31/19 05:45:00 AM,22.561,100.000,,,,,
15503,07/31/19 05:50:00 AM,22.561,100.000,,,,,
15504,07/31/19 05:55:00 AM,22.537,100.000,,,,,
15505,07/31/19 06:00:00 AM,22.561,100.000,,,,,
15506,07/31/19 06:05:00 AM,22.513,100.000,,,,,
15507,07/31/19 06:10:00 AM,22.513,100.000,,,,,
15508,07/31/19 06:15:00 AM,22.465,100.000,,,,,
15509,07/31/19 06:20:00 AM,22.417,100.000,,,,,
15510,07/31/19 06:25:00 AM,22.393,100.000,,,,,
15511,07/31/19 06:30:00 AM,22.369,100.000,,,,,
15512,07/31/19 06:35:00 AM,22.369,100.000,,,,,
15513,07/31/19 06:40:00 AM,22.369,100.000,,,,,
15514,07/31/19 06:45:00 AM,22.298,100.000,,,,,
15515,07/31/19 06:50:00 AM,22.202,100.000,,,,,
15516,07/31/19 06:55:00 AM,22.154,100.000,,,,,
15517,07/31/19 07:00:00 AM,22.130,100.000,,,,,
15518,07/31/19 07:05:00 AM,22.130,100.000,,,,,
15519,07/31/19 07:10:00 AM,22.130,100.000,,,,,
15520,07/31/19 07:15:00 AM,22.154,100.000,,,,,
15521,07/31/19 07:20:00 AM,22.130,100.000,,,,,
15522,07/31/19 07:25:00 AM,22.082,100.000,,,,,
15523,07/31/19 07:30:00 AM,22.011,100.000,,,,,
15524,07/31/19 07:35:00 AM,22.058,100.000,,,,,
15525,07/31/19 07:40:00 AM,22.130,100.000,,,,,
15526,07/31/19 07:45:00 AM,22.202,100.000,,,,,
15527,07/31/19 07:50:00 AM,22.226,100.000,,,,,
15528,07/31/19 07:55:00 AM,22.250,100.000,,,,,
15529,07/31/19 08:00:00 AM,22.274,100.000,,,,,
15530,07/31/19 08:05:00 AM,22.345,100.000,,,,,
15531,07/31/19 08:10:00 AM,22.441,100.000,,,,,
15532,07/31/19 08:15:00 AM,22.537,100.000,,,,,
15533,07/31/19 08:20:00 AM,22.657,100.000,,,,,
15534,07/31/19 08:25:00 AM,22.729,100.000,,,,,
15535,07/31/19 08:30:00 AM,22.800,100.000,,,,,
15536,07/31/19 08:35:00 AM,22.896,100.000,,,,,
15537,07/31/19 08:40:00 AM,23.016,100.000,,,,,
15538,07/31/19 08:45:00 AM,23.136,100.000,,,,,
15539,07/31/19 08:50:00 AM,23.280,100.000,,,,,
15540,07/31/19 08:55:00 AM,23.424,100.000,,,,,
15541,07/31/19 09:00:00 AM,23.593,100.000,,,,,
15542,07/31/19 09:05:00 AM,23.737,100.000,,,,,
15543,07/31/19 09:10:00 AM,23.857,100.000,,,,,
15544,07/31/19 09:15:00 AM,24.002,100.000,,,,,
15545,07/31/19 09:20:00 AM,24.146,100.000,,,,,
15546,07/31/19 09:25:00 AM,24.291,100.000,,,,,
15547,07/31/19 09:30:00 AM,24.436,100.000,,,,,
15548,07/31/19 09:35:00 AM,24.605,100.000,,,,,
15549,07/31/19 09:40:00 AM,24.750,100.000,,,,,
15550,07/31/19 09:45:00 AM,24.919,100.000,,,,,
15551,07/31/19 09:50:00 AM,25.040,100.000,,,,,
15552,07/31/19 09:55:00 AM,25.186,100.000,,,,,
15553,07/31/19 10:00:00 AM,25.307,100.000,,,,,
15554,07/31/19 10:05:00 AM,25.355,100.000,,,,,
15555,07/31/19 10:10:00 AM,25.404,100.000,,,,,
15556,07/31/19 10:15:00 AM,25.453,100.000,,,,,
15557,07/31/19 10:20:00 AM,25.574,100.000,,,,,
15558,07/31/19 10:25:00 AM,25.598,100.000,,,,,
15559,07/31/19 10:30:00 AM,25.817,100.000,,,,,
15560,07/31/19 10:35:00 AM,25.890,100.000,,,,,
15561,07/31/19 10:40:00 AM,26.036,100.000,,,,,
15562,07/31/19 10:45:00 AM,26.182,100.000,,,,,
15563,07/31/19 10:50:00 AM,26.280,100.000,,,,,
15564,07/31/19 10:55:00 AM,26.378,100.000,,,,,
15565,07/31/19 11:00:00 AM,26.500,100.000,,,,,
15566,07/31/19 11:05:00 AM,26.646,100.000,,,,,
15567,07/31/19 11:10:00 AM,26.867,100.000,,,,,
15568,07/31/19 11:15:00 AM,27.063,100.000,,,,,
15569,07/31/19 11:20:00 AM,27.456,99.949,,,,,
15570,07/31/19 11:25:00 AM,28.023,98.868,,,,,
15571,07/31/19 11:30:00 AM,28.419,97.570,,,,,
15572,07/31/19 11:35:00 AM,28.667,96.468,,,,,
15573,07/31/19 11:40:00 AM,28.766,96.194,,,,,
15574,07/31/19 11:45:00 AM,28.891,95.351,,,,,
15575,07/31/19 11:50:00 AM,28.990,95.103,,,,,
15576,07/31/19 11:55:00 AM,29.040,95.225,,,,,
15577,07/31/19 12:00:00 PM,29.015,94.835,,,,,
15578,07/31/19 12:05:00 PM,28.965,94.767,,,,,
15579,07/31/19 12:10:00 PM,28.941,94.542,,,,,
15580,07/31/19 12:15:00 PM,28.916,93.958,,,,,
15581,07/31/19 12:20:00 PM,28.941,93.551,,,,,
15582,07/31/19 12:25:00 PM,29.040,93.355,,,,,
15583,07/31/19 12:30:00 PM,29.140,92.383,,,,,
15584,07/31/19 12:35:00 PM,29.290,91.836,,,,,
15585,07/31/19 12:40:00 PM,29.464,91.210,,,,,
15586,07/31/19 12:45:00 PM,29.615,91.636,,,,,
15587,07/31/19 12:50:00 PM,29.640,91.475,,,,,
15588,07/31/19 12:55:00 PM,29.590,91.407,,,,,
15589,07/31/19 01:00:00 PM,29.640,90.245,,,,,
15590,07/31/19 01:05:00 PM,29.790,90.617,,,,,
15591,07/31/19 01:10:00 PM,29.916,90.535,,,,,
15592,07/31/19 01:15:00 PM,29.966,90.575,,,,,
15593,07/31/19 01:20:00 PM,30.041,90.144,,,,,
15594,07/31/19 01:25:00 PM,30.192,89.588,,,,,
15595,07/31/19 01:30:00 PM,30.394,88.761,,,,,
15596,07/31/19 01:35:00 PM,30.646,88.366,,,,,
15597,07/31/19 01:40:00 PM,30.900,87.970,,,,,
15598,07/31/19 01:45:00 PM,30.950,86.957,,,,,
15599,07/31/19 01:50:00 PM,30.874,87.053,,,,,
15600,07/31/19 01:55:00 PM,30.722,86.905,,,,,
15601,07/31/19 02:00:00 PM,30.520,87.599,,,,,
15602,07/31/19 02:05:00 PM,30.293,87.859,,,,,
15603,07/31/19 02:10:00 PM,30.167,88.057,,,,,
15604,07/31/19 02:15:00 PM,30.444,87.383,,,,,
15605,07/31/19 02:20:00 PM,30.849,86.877,,,,,
15606,07/31/19 02:25:00 PM,31.077,86.271,,,,,
15607,07/31/19 02:30:00 PM,31.484,84.925,,,,,
15608,07/31/19 02:35:00 PM,32.253,83.094,,,,,
15609,07/31/19 02:40:00 PM,32.872,81.766,,,,,
15610,07/31/19 02:45:00 PM,32.924,81.072,,,,,
15611,07/31/19 02:50:00 PM,33.105,80.462,,,,,
15612,07/31/19 02:55:00 PM,32.949,80.842,,,,,
15613,07/31/19 03:00:00 PM,32.665,81.370,,,,,
15614,07/31/19 03:05:00 PM,32.330,81.534,,,,,
15615,07/31/19 03:10:00 PM,32.253,81.811,,,,,
15616,07/31/19 03:15:00 PM,32.613,79.712,,,,,
15617,07/31/19 03:20:00 PM,33.105,79.931,,,,,
15618,07/31/19 03:25:00 PM,33.443,78.757,,,,,
15619,07/31/19 03:30:00 PM,33.757,77.718,,,,,
15620,07/31/19 03:35:00 PM,33.940,76.768,,,,,
15621,07/31/19 03:40:00 PM,34.019,77.023,,,,,
15622,07/31/19 03:45:00 PM,33.626,77.065,,,,,
15623,07/31/19 03:50:00 PM,33.027,78.078,,,,,
15624,07/31/19 03:55:00 PM,32.407,79.552,,,,,
15625,07/31/19 04:00:00 PM,31.944,80.985,,,,,
15626,07/31/19 04:05:00 PM,31.586,81.816,,,,,
15627,07/31/19 04:10:00 PM,31.331,82.954,,,,,
15628,07/31/19 04:15:00 PM,31.179,83.906,,,,,
15629,07/31/19 04:20:00 PM,31.026,84.219,,,,,
15630,07/31/19 04:25:00 PM,30.824,84.693,,,,,
15631,07/31/19 04:30:00 PM,30.621,85.280,,,,,
15632,07/31/19 04:35:00 PM,30.419,85.780,,,,,
15633,07/31/19 04:40:00 PM,30.268,86.574,,,,,
15634,07/31/19 04:45:00 PM,30.192,87.126,,,,,
15635,07/31/19 04:50:00 PM,30.142,87.115,,,,,
15636,07/31/19 04:55:00 PM,30.142,87.229,,,,,
15637,07/31/19 05:00:00 PM,30.192,87.325,,,,,
15638,07/31/19 05:05:00 PM,30.167,87.376,,,,,
15639,07/31/19 05:10:00 PM,30.217,86.705,,,,,
15640,07/31/19 05:15:00 PM,30.596,87.047,,,,,
15641,07/31/19 05:20:00 PM,30.976,86.534,,,,,
15642,07/31/19 05:25:00 PM,31.026,85.944,,,,,
15643,07/31/19 05:30:00 PM,30.849,85.933,,,,,
15644,07/31/19 05:35:00 PM,30.798,85.262,,,,,
15645,07/31/19 05:40:00 PM,30.976,85.560,,,,,
15646,07/31/19 05:45:00 PM,31.255,84.846,,,,,
15647,07/31/19 05:50:00 PM,31.306,84.511,,,,,
15648,07/31/19 05:55:00 PM,31.077,84.864,,,,,
15649,07/31/19 06:00:00 PM,30.925,85.061,,,,,
15650,07/31/19 06:05:00 PM,30.874,85.193,,,,,
15651,07/31/19 06:10:00 PM,30.900,85.112,,,,,
15652,07/31/19 06:15:00 PM,30.900,84.940,,,,,
15653,07/31/19 06:20:00 PM,30.900,84.940,,,,,
15654,07/31/19 06:25:00 PM,30.849,85.044,,,,,
15655,07/31/19 06:30:00 PM,30.798,85.262,,,,,
15656,07/31/19 06:35:00 PM,30.697,85.269,,,,,
15657,07/31/19 06:40:00 PM,30.520,85.573,,,,,
15658,07/31/19 06:45:00 PM,30.293,86.066,,,,,
15659,07/31/19 06:50:00 PM,30.091,86.705,,,,,
15660,07/31/19 06:55:00 PM,29.890,86.972,,,,,
15661,07/31/19 07:00:00 PM,29.690,87.466,,,,,
15662,07/31/19 07:05:00 PM,29.515,88.048,,,,,
15663,07/31/19 07:10:00 PM,29.365,88.606,,,,,
15664,07/31/19 07:15:00 PM,29.215,88.938,,,,,
15665,07/31/19 07:20:00 PM,29.090,89.414,,,,,
15666,07/31/19 07:25:00 PM,28.965,89.637,,,,,
15667,07/31/19 07:30:00 PM,28.816,90.022,,,,,
15668,07/31/19 07:35:00 PM,28.692,90.440,,,,,
15669,07/31/19 07:40:00 PM,28.568,90.744,,,,,
15670,07/31/19 07:45:00 PM,28.468,91.055,,,,,
15671,07/31/19 07:50:00 PM,28.345,91.414,,,,,
15672,07/31/19 07:55:00 PM,28.245,91.723,,,,,
15673,07/31/19 08:00:00 PM,28.147,92.059,,,,,
15674,07/31/19 08:05:00 PM,28.023,92.471,,,,,
15675,07/31/19 08:10:00 PM,27.949,92.756,,,,,
15676,07/31/19 08:15:00 PM,27.850,92.952,,,,,
15677,07/31/19 08:20:00 PM,27.751,93.203,,,,,
15678,07/31/19 08:25:00 PM,27.653,93.426,,,,,
15679,07/31/19 08:30:00 PM,27.554,93.648,,,,,
15680,07/31/19 08:35:00 PM,27.431,93.891,,,,,
15681,07/31/19 08:40:00 PM,27.333,94.222,,,,,
15682,07/31/19 08:45:00 PM,27.259,94.450,,,,,
15683,07/31/19 08:50:00 PM,27.161,94.698,,,,,
15684,07/31/19 08:55:00 PM,27.112,94.876,,,,,
15685,07/31/19 09:00:00 PM,27.063,95.135,,,,,
15686,07/31/19 09:05:00 PM,27.014,95.422,,,,,
15687,07/31/19 09:10:00 PM,26.965,95.409,,,,,
15688,07/31/19 09:15:00 PM,26.891,95.554,,,,,
15689,07/31/19 09:20:00 PM,26.842,95.785,,,,,
15690,07/31/19 09:25:00 PM,26.769,95.929,,,,,
15691,07/31/19 09:30:00 PM,26.720,96.133,,,,,
15692,07/31/19 09:35:00 PM,26.671,96.228,,,,,
15693,07/31/19 09:40:00 PM,26.622,96.378,,,,,
15694,07/31/19 09:45:00 PM,26.573,96.554,,,,,
15695,07/31/19 09:50:00 PM,26.524,96.676,,,,,
15696,07/31/19 09:55:00 PM,26.475,96.852,,,,,
15697,07/31/19 10:00:00 PM,26.451,96.953,,,,,
15698,07/31/19 10:05:00 PM,26.426,97.028,,,,,
15699,07/31/19 10:10:00 PM,26.378,97.149,,,,,
15700,07/31/19 10:15:00 PM,26.353,97.277,,,,,
15701,07/31/19 10:20:00 PM,26.329,97.351,,,,,
15702,07/31/19 10:25:00 PM,26.280,97.392,,,,,
15703,07/31/19 10:30:00 PM,26.231,97.487,,,,,
15704,07/31/19 10:35:00 PM,26.182,97.635,,,,,
15705,07/31/19 10:40:00 PM,26.134,97.810,,,,,
15706,07/31/19 10:45:00 PM,26.085,97.931,,,,,
15707,07/31/19 10:50:00 PM,26.012,97.965,,,,,
15708,07/31/19 10:55:00 PM,25.939,98.186,,,,,
15709,07/31/19 11:00:00 PM,25.890,98.307,,,,,
15710,07/31/19 11:05:00 PM,25.866,98.407,,,,,
15711,07/31/19 11:10:00 PM,25.841,98.614,,,,,
15712,07/31/19 11:15:00 PM,25.793,98.601,,,,,
15713,07/31/19 11:20:00 PM,25.720,98.582,,,,,
15714,07/31/19 11:25:00 PM,25.647,98.802,,,,,
15715,07/31/19 11:30:00 PM,25.598,98.896,,,,,
15716,07/31/19 11:35:00 PM,25.574,99.022,,,,,
15717,07/31/19 11:40:00 PM,25.525,99.142,,,,,
15718,07/31/19 11:45:00 PM,25.477,99.262,,,,,
15719,07/31/19 11:50:00 PM,25.453,99.361,,,,,
15720,07/31/19 11:55:00 PM,25.428,99.514,,,,,
15721,08/01/19 12:00:00 AM,25.404,99.587,,,,,
15722,08/01/19 12:05:00 AM,25.355,99.600,,,,,
15723,08/01/19 12:10:00 AM,25.307,99.587,,,,,
15724,08/01/19 12:15:00 AM,25.258,99.786,,,,,
15725,08/01/19 12:20:00 AM,25.234,99.885,,,,,
15726,08/01/19 12:25:00 AM,25.210,99.958,,,,,
15727,08/01/19 12:30:00 AM,25.162,99.918,,,,,
15728,08/01/19 12:35:00 AM,25.113,100.000,,,,,
15729,08/01/19 12:40:00 AM,25.089,100.000,,,,,
15730,08/01/19 12:45:00 AM,25.089,100.000,,,,,
15731,08/01/19 12:50:00 AM,25.089,100.000,,,,,
15732,08/01/19 12:55:00 AM,25.065,100.000,,,,,
15733,08/01/19 01:00:00 AM,25.065,100.000,,,,,
15734,08/01/19 01:05:00 AM,25.040,100.000,,,,,
15735,08/01/19 01:10:00 AM,25.040,100.000,,,,,
15736,08/01/19 01:15:00 AM,25.016,100.000,,,,,
15737,08/01/19 01:20:00 AM,24.968,100.000,,,,,
15738,08/01/19 01:25:00 AM,24.919,100.000,,,,,
15739,08/01/19 01:30:00 AM,24.895,100.000,,,,,
15740,08/01/19 01:35:00 AM,24.871,100.000,,,,,
15741,08/01/19 01:40:00 AM,24.847,100.000,,,,,
15742,08/01/19 01:45:00 AM,24.823,100.000,,,,,
15743,08/01/19 01:50:00 AM,24.798,100.000,,,,,
15744,08/01/19 01:55:00 AM,24.750,100.000,,,,,
15745,08/01/19 02:00:00 AM,24.702,100.000,,,,,
15746,08/01/19 02:05:00 AM,24.629,100.000,,,,,
15747,08/01/19 02:10:00 AM,24.605,100.000,,,,,
15748,08/01/19 02:15:00 AM,24.605,100.000,,,,,
15749,08/01/19 02:20:00 AM,24.557,100.000,,,,,
15750,08/01/19 02:25:00 AM,24.532,100.000,,,,,
15751,08/01/19 02:30:00 AM,24.484,100.000,,,,,
15752,08/01/19 02:35:00 AM,24.436,100.000,,,,,
15753,08/01/19 02:40:00 AM,24.363,100.000,,,,,
15754,08/01/19 02:45:00 AM,24.291,100.000,,,,,
15755,08/01/19 02:50:00 AM,24.267,100.000,,,,,
15756,08/01/19 02:55:00 AM,24.243,100.000,,,,,
15757,08/01/19 03:00:00 AM,24.195,100.000,,,,,
15758,08/01/19 03:05:00 AM,24.146,100.000,,,,,
15759,08/01/19 03:10:00 AM,24.098,100.000,,,,,
15760,08/01/19 03:15:00 AM,24.074,100.000,,,,,
15761,08/01/19 03:20:00 AM,24.050,100.000,,,,,
15762,08/01/19 03:25:00 AM,24.074,100.000,,,,,
15763,08/01/19 03:30:00 AM,24.026,100.000,,,,,
15764,08/01/19 03:35:00 AM,23.978,100.000,,,,,
15765,08/01/19 03:40:00 AM,23.930,100.000,,,,,
15766,08/01/19 03:45:00 AM,23.905,100.000,,,,,
15767,08/01/19 03:50:00 AM,23.905,100.000,,,,,
15768,08/01/19 03:55:00 AM,23.905,100.000,,,,,
15769,08/01/19 04:00:00 AM,23.905,100.000,,,,,
15770,08/01/19 04:05:00 AM,23.905,100.000,,,,,
15771,08/01/19 04:10:00 AM,23.881,100.000,,,,,
15772,08/01/19 04:15:00 AM,23.881,100.000,,,,,
15773,08/01/19 04:20:00 AM,23.857,100.000,,,,,
15774,08/01/19 04:25:00 AM,23.833,100.000,,,,,
15775,08/01/19 04:30:00 AM,23.857,100.000,,,,,
15776,08/01/19 04:35:00 AM,23.833,100.000,,,,,
15777,08/01/19 04:40:00 AM,23.809,100.000,,,,,
15778,08/01/19 04:45:00 AM,23.737,100.000,,,,,
15779,08/01/19 04:50:00 AM,23.665,100.000,,,,,
15780,08/01/19 04:55:00 AM,23.665,100.000,,,,,
15781,08/01/19 05:00:00 AM,23.641,100.000,,,,,
15782,08/01/19 05:05:00 AM,23.617,100.000,,,,,
15783,08/01/19 05:10:00 AM,23.593,100.000,,,,,
15784,08/01/19 05:15:00 AM,23.593,100.000,,,,,
15785,08/01/19 05:20:00 AM,23.593,100.000,,,,,
15786,08/01/19 05:25:00 AM,23.617,100.000,,,,,
15787,08/01/19 05:30:00 AM,23.617,100.000,,,,,
15788,08/01/19 05:35:00 AM,23.617,100.000,,,,,
15789,08/01/19 05:40:00 AM,23.617,100.000,,,,,
15790,08/01/19 05:45:00 AM,23.593,100.000,,,,,
15791,08/01/19 05:50:00 AM,23.569,100.000,,,,,
15792,08/01/19 05:55:00 AM,23.569,100.000,,,,,
15793,08/01/19 06:00:00 AM,23.545,100.000,,,,,
15794,08/01/19 06:05:00 AM,23.521,100.000,,,,,
15795,08/01/19 06:10:00 AM,23.497,100.000,,,,,
15796,08/01/19 06:15:00 AM,23.521,100.000,,,,,
15797,08/01/19 06:20:00 AM,23.472,100.000,,,,,
15798,08/01/19 06:25:00 AM,23.376,100.000,,,,,
15799,08/01/19 06:30:00 AM,23.280,100.000,,,,,
15800,08/01/19 06:35:00 AM,23.280,100.000,,,,,
15801,08/01/19 06:40:00 AM,23.304,100.000,,,,,
15802,08/01/19 06:45:00 AM,23.328,100.000,,,,,
15803,08/01/19 06:50:00 AM,23.328,100.000,,,,,
15804,08/01/19 06:55:00 AM,23.304,100.000,,,,,
15805,08/01/19 07:00:00 AM,23.256,100.000,,,,,
15806,08/01/19 07:05:00 AM,23.256,100.000,,,,,
15807,08/01/19 07:10:00 AM,23.184,100.000,,,,,
15808,08/01/19 07:15:00 AM,23.184,100.000,,,,,
15809,08/01/19 07:20:00 AM,23.256,100.000,,,,,
15810,08/01/19 07:25:00 AM,23.328,100.000,,,,,
15811,08/01/19 07:30:00 AM,23.304,100.000,,,,,
15812,08/01/19 07:35:00 AM,23.376,100.000,,,,,
15813,08/01/19 07:40:00 AM,23.424,100.000,,,,,
15814,08/01/19 07:45:00 AM,23.472,100.000,,,,,
15815,08/01/19 07:50:00 AM,23.521,100.000,,,,,
15816,08/01/19 07:55:00 AM,23.617,100.000,,,,,
15817,08/01/19 08:00:00 AM,23.737,100.000,,,,,
15818,08/01/19 08:05:00 AM,23.881,100.000,,,,,
15819,08/01/19 08:10:00 AM,23.978,100.000,,,,,
15820,08/01/19 08:15:00 AM,24.122,100.000,,,,,
15821,08/01/19 08:20:00 AM,24.291,100.000,,,,,
15822,08/01/19 08:25:00 AM,24.388,100.000,,,,,
15823,08/01/19 08:30:00 AM,24.508,100.000,,,,,
15824,08/01/19 08:35:00 AM,24.605,100.000,,,,,
15825,08/01/19 08:40:00 AM,24.726,100.000,,,,,
15826,08/01/19 08:45:00 AM,24.823,100.000,,,,,
15827,08/01/19 08:50:00 AM,24.944,100.000,,,,,
15828,08/01/19 08:55:00 AM,25.040,100.000,,,,,
15829,08/01/19 09:00:00 AM,25.137,100.000,,,,,
15830,08/01/19 09:05:00 AM,25.234,100.000,,,,,
15831,08/01/19 09:10:00 AM,25.307,100.000,,,,,
15832,08/01/19 09:15:00 AM,25.404,100.000,,,,,
15833,08/01/19 09:20:00 AM,25.525,100.000,,,,,
15834,08/01/19 09:25:00 AM,25.623,100.000,,,,,
15835,08/01/19 09:30:00 AM,25.671,100.000,,,,,
15836,08/01/19 09:35:00 AM,25.768,100.000,,,,,
15837,08/01/19 09:40:00 AM,25.914,100.000,,,,,
15838,08/01/19 09:45:00 AM,26.109,100.000,,,,,
15839,08/01/19 09:50:00 AM,26.256,100.000,,,,,
15840,08/01/19 09:55:00 AM,26.353,100.000,,,,,
15841,08/01/19 10:00:00 AM,26.451,100.000,,,,,
15842,08/01/19 10:05:00 AM,26.549,100.000,,,,,
15843,08/01/19 10:10:00 AM,26.622,100.000,,,,,
15844,08/01/19 10:15:00 AM,26.720,100.000,,,,,
15845,08/01/19 10:20:00 AM,26.793,100.000,,,,,
15846,08/01/19 10:25:00 AM,26.891,100.000,,,,,
15847,08/01/19 10:30:00 AM,26.965,99.924,,,,,
15848,08/01/19 10:35:00 AM,27.063,99.577,,,,,
15849,08/01/19 10:40:00 AM,27.186,99.316,,,,,
15850,08/01/19 10:45:00 AM,27.333,99.115,,,,,
15851,08/01/19 10:50:00 AM,27.431,98.766,,,,,
15852,08/01/19 10:55:00 AM,27.505,98.464,,,,,
15853,08/01/19 11:00:00 AM,27.554,98.262,,,,,
15854,08/01/19 11:05:00 AM,27.653,98.046,,,,,
15855,08/01/19 11:10:00 AM,27.727,97.984,,,,,
15856,08/01/19 11:15:00 AM,27.850,97.747,,,,,
15857,08/01/19 11:20:00 AM,27.998,97.434,,,,,
15858,08/01/19 11:25:00 AM,28.369,97.016,,,,,
15859,08/01/19 11:30:00 AM,28.518,96.375,,,,,
15860,08/01/19 11:35:00 AM,28.568,95.761,,,,,
15861,08/01/19 11:40:00 AM,28.593,95.522,,,,,
15862,08/01/19 11:45:00 AM,28.617,95.446,,,,,
15863,08/01/19 11:50:00 AM,28.617,95.337,,,,,
15864,08/01/19 11:55:00 AM,28.642,95.207,,,,,
15865,08/01/19 12:00:00 PM,28.642,94.960,,,,,
15866,08/01/19 12:05:00 PM,28.593,94.427,,,,,
15867,08/01/19 12:10:00 PM,28.543,94.662,,,,,
15868,08/01/19 12:15:00 PM,28.543,94.744,,,,,
15869,08/01/19 12:20:00 PM,28.617,94.296,,,,,
15870,08/01/19 12:25:00 PM,28.717,93.964,,,,,
15871,08/01/19 12:30:00 PM,28.742,93.750,,,,,
15872,08/01/19 12:35:00 PM,28.916,92.938,,,,,
15873,08/01/19 12:40:00 PM,29.115,92.211,,,,,
15874,08/01/19 12:45:00 PM,29.340,91.681,,,,,
15875,08/01/19 12:50:00 PM,29.565,91.346,,,,,
15876,08/01/19 12:55:00 PM,29.790,90.925,,,,,
15877,08/01/19 01:00:00 PM,29.991,90.244,,,,,
15878,08/01/19 01:05:00 PM,30.192,89.617,,,,,
15879,08/01/19 01:10:00 PM,30.394,89.297,,,,,
15880,08/01/19 01:15:00 PM,30.545,88.654,,,,,
15881,08/01/19 01:20:00 PM,30.722,87.702,,,,,
15882,08/01/19 01:25:00 PM,30.874,87.225,,,,,
15883,08/01/19 01:30:00 PM,31.052,86.522,,,,,
15884,08/01/19 01:35:00 PM,31.255,85.421,,,,,
15885,08/01/19 01:40:00 PM,31.433,85.346,,,,,
15886,08/01/19 01:45:00 PM,31.561,84.798,,,,,
15887,08/01/19 01:50:00 PM,31.586,84.168,,,,,
15888,08/01/19 01:55:00 PM,31.459,84.602,,,,,
15889,08/01/19 02:00:00 PM,31.306,84.396,,,,,
15890,08/01/19 02:05:00 PM,31.204,83.940,,,,,
15891,08/01/19 02:10:00 PM,31.001,84.530,,,,,
15892,08/01/19 02:15:00 PM,30.976,84.208,,,,,
15893,08/01/19 02:20:00 PM,31.281,83.986,,,,,
15894,08/01/19 02:25:00 PM,31.510,82.411,,,,,
15895,08/01/19 02:30:00 PM,31.919,82.236,,,,,
15896,08/01/19 02:35:00 PM,32.536,80.521,,,,,
15897,08/01/19 02:40:00 PM,32.536,80.374,,,,,
15898,08/01/19 02:45:00 PM,32.047,80.977,,,,,
15899,08/01/19 02:50:00 PM,31.663,81.511,,,,,
15900,08/01/19 02:55:00 PM,31.842,81.256,,,,,
15901,08/01/19 03:00:00 PM,32.330,80.007,,,,,
15902,08/01/19 03:05:00 PM,32.613,80.007,,,,,
15903,08/01/19 03:10:00 PM,32.510,80.133,,,,,
15904,08/01/19 03:15:00 PM,32.175,80.299,,,,,
15905,08/01/19 03:20:00 PM,31.740,81.264,,,,,
15906,08/01/19 03:25:00 PM,31.306,81.639,,,,,
15907,08/01/19 03:30:00 PM,30.950,83.278,,,,,
15908,08/01/19 03:35:00 PM,30.748,83.927,,,,,
15909,08/01/19 03:40:00 PM,30.545,84.114,,,,,
15910,08/01/19 03:45:00 PM,30.293,84.949,,,,,
15911,08/01/19 03:50:00 PM,30.041,85.238,,,,,
15912,08/01/19 03:55:00 PM,29.740,85.199,,,,,
15913,08/01/19 04:00:00 PM,29.414,85.584,,,,,
15914,08/01/19 04:05:00 PM,29.140,86.802,,,,,
15915,08/01/19 04:10:00 PM,28.916,87.572,,,,,
15916,08/01/19 04:15:00 PM,28.742,88.602,,,,,
15917,08/01/19 04:20:00 PM,28.642,89.029,,,,,
15918,08/01/19 04:25:00 PM,28.493,89.358,,,,,
15919,08/01/19 04:30:00 PM,28.320,89.737,,,,,
15920,08/01/19 04:35:00 PM,28.171,90.371,,,,,
15921,08/01/19 04:40:00 PM,28.023,90.865,,,,,
15922,08/01/19 04:45:00 PM,27.850,91.184,,,,,
15923,08/01/19 04:50:00 PM,27.727,91.901,,,,,
15924,08/01/19 04:55:00 PM,27.604,91.899,,,,,
15925,08/01/19 05:00:00 PM,27.456,92.305,,,,,
15926,08/01/19 05:05:00 PM,27.333,92.715,,,,,
15927,08/01/19 05:10:00 PM,27.284,93.279,,,,,
15928,08/01/19 05:15:00 PM,27.210,93.069,,,,,
15929,08/01/19 05:20:00 PM,27.087,93.341,,,,,
15930,08/01/19 05:25:00 PM,27.014,93.569,,,,,
15931,08/01/19 05:30:00 PM,26.916,93.654,,,,,
15932,08/01/19 05:35:00 PM,26.818,93.984,,,,,
15933,08/01/19 05:40:00 PM,26.671,93.757,,,,,
15934,08/01/19 05:45:00 PM,26.549,94.163,,,,,
15935,08/01/19 05:50:00 PM,26.451,94.791,,,,,
15936,08/01/19 05:55:00 PM,26.378,95.044,,,,,
15937,08/01/19 06:00:00 PM,26.304,94.998,,,,,
15938,08/01/19 06:05:00 PM,26.256,95.013,,,,,
15939,08/01/19 06:10:00 PM,26.207,95.271,,,,,
15940,08/01/19 06:15:00 PM,26.182,95.482,,,,,
15941,08/01/19 06:20:00 PM,26.158,95.530,,,,,
15942,08/01/19 06:25:00 PM,26.109,95.625,,,,,
15943,08/01/19 06:30:00 PM,26.036,95.471,,,,,
15944,08/01/19 06:35:00 PM,25.987,95.513,,,,,
15945,08/01/19 06:40:00 PM,25.939,95.501,,,,,
15946,08/01/19 06:45:00 PM,25.914,95.576,,,,,
15947,08/01/19 06:50:00 PM,25.914,95.792,,,,,
15948,08/01/19 06:55:00 PM,25.963,96.128,,,,,
15949,08/01/19 07:00:00 PM,26.012,96.086,,,,,
15950,08/01/19 07:05:00 PM,26.036,95.958,,,,,
15951,08/01/19 07:10:00 PM,26.036,96.065,,,,,
15952,08/01/19 07:15:00 PM,26.085,96.267,,,,,
15953,08/01/19 07:20:00 PM,26.085,96.267,,,,,
15954,08/01/19 07:25:00 PM,26.085,96.428,,,,,
15955,08/01/19 07:30:00 PM,26.134,96.495,,,,,
15956,08/01/19 07:35:00 PM,26.158,96.501,,,,,
15957,08/01/19 07:40:00 PM,26.134,96.548,,,,,
15958,08/01/19 07:45:00 PM,26.109,96.569,,,,,
15959,08/01/19 07:50:00 PM,26.036,96.523,,,,,
15960,08/01/19 07:55:00 PM,25.987,96.672,,,,,
15961,08/01/19 08:00:00 PM,25.914,96.761,,,,,
15962,08/01/19 08:05:00 PM,25.866,96.856,,,,,
15963,08/01/19 08:10:00 PM,25.793,96.461,,,,,
15964,08/01/19 08:15:00 PM,25.720,96.603,,,,,
15965,08/01/19 08:20:00 PM,25.671,96.510,,,,,
15966,08/01/19 08:25:00 PM,25.647,96.396,,,,,
15967,08/01/19 08:30:00 PM,25.647,96.530,,,,,
15968,08/01/19 08:35:00 PM,25.647,96.504,,,,,
15969,08/01/19 08:40:00 PM,25.647,96.584,,,,,
15970,08/01/19 08:45:00 PM,25.647,96.638,,,,,
15971,08/01/19 08:50:00 PM,25.623,96.444,,,,,
15972,08/01/19 08:55:00 PM,25.623,96.927,,,,,
15973,08/01/19 09:00:00 PM,25.598,96.974,,,,,
15974,08/01/19 09:05:00 PM,25.598,97.269,,,,,
15975,08/01/19 09:10:00 PM,25.598,97.536,,,,,
15976,08/01/19 09:15:00 PM,25.550,97.631,,,,,
15977,08/01/19 09:20:00 PM,25.501,97.778,,,,,
15978,08/01/19 09:25:00 PM,25.453,98.032,,,,,
15979,08/01/19 09:30:00 PM,25.404,98.099,,,,,
15980,08/01/19 09:35:00 PM,25.380,98.226,,,,,
15981,08/01/19 09:40:00 PM,25.307,98.260,,,,,
15982,08/01/19 09:45:00 PM,25.210,98.128,,,,,
15983,08/01/19 09:50:00 PM,25.137,98.322,,,,,
15984,08/01/19 09:55:00 PM,25.065,98.622,,,,,
15985,08/01/19 10:00:00 PM,25.016,98.821,,,,,
15986,08/01/19 10:05:00 PM,24.992,99.080,,,,,
15987,08/01/19 10:10:00 PM,24.944,99.120,,,,,
15988,08/01/19 10:15:00 PM,24.871,99.153,,,,,
15989,08/01/19 10:20:00 PM,24.823,99.220,,,,,
15990,08/01/19 10:25:00 PM,24.798,99.425,,,,,
15991,08/01/19 10:30:00 PM,24.750,99.491,,,,,
15992,08/01/19 10:35:00 PM,24.677,99.419,,,,,
15993,08/01/19 10:40:00 PM,24.629,99.670,,,,,
15994,08/01/19 10:45:00 PM,24.557,99.914,,,,,
15995,08/01/19 10:50:00 PM,24.508,99.901,,,,,
15996,08/01/19 10:55:00 PM,24.412,99.664,,,,,
15997,08/01/19 11:00:00 PM,24.291,99.579,,,,,
15998,08/01/19 11:05:00 PM,24.219,99.770,,,,,
15999,08/01/19 11:10:00 PM,24.171,99.968,,,,,
16000,08/01/19 11:15:00 PM,24.146,100.000,,,,,
16001,08/01/19 11:20:00 PM,24.122,100.000,,,,,
16002,08/01/19 11:25:00 PM,24.098,100.000,,,,,
16003,08/01/19 11:30:00 PM,24.050,100.000,,,,,
16004,08/01/19 11:35:00 PM,24.050,100.000,,,,,
16005,08/01/19 11:40:00 PM,24.050,100.000,,,,,
16006,08/01/19 11:45:00 PM,24.050,100.000,,,,,
16007,08/01/19 11:50:00 PM,24.074,100.000,,,,,
16008,08/01/19 11:55:00 PM,24.098,100.000,,,,,
16009,08/02/19 12:00:00 AM,24.074,100.000,,,,,
16010,08/02/19 12:05:00 AM,24.050,100.000,,,,,
16011,08/02/19 12:10:00 AM,24.026,100.000,,,,,
16012,08/02/19 12:15:00 AM,24.002,100.000,,,,,
16013,08/02/19 12:20:00 AM,24.002,100.000,,,,,
16014,08/02/19 12:25:00 AM,24.002,100.000,,,,,
16015,08/02/19 12:30:00 AM,24.026,100.000,,,,,
16016,08/02/19 12:35:00 AM,24.026,100.000,,,,,
16017,08/02/19 12:40:00 AM,24.002,100.000,,,,,
16018,08/02/19 12:45:00 AM,23.954,100.000,,,,,
16019,08/02/19 12:50:00 AM,23.857,100.000,,,,,
16020,08/02/19 12:55:00 AM,23.809,100.000,,,,,
16021,08/02/19 01:00:00 AM,23.785,100.000,,,,,
16022,08/02/19 01:05:00 AM,23.737,100.000,,,,,
16023,08/02/19 01:10:00 AM,23.737,100.000,,,,,
16024,08/02/19 01:15:00 AM,23.689,100.000,,,,,
16025,08/02/19 01:20:00 AM,23.665,100.000,,,,,
16026,08/02/19 01:25:00 AM,23.617,100.000,,,,,
16027,08/02/19 01:30:00 AM,23.545,100.000,,,,,
16028,08/02/19 01:35:00 AM,23.521,100.000,,,,,
16029,08/02/19 01:40:00 AM,23.497,100.000,,,,,
16030,08/02/19 01:45:00 AM,23.472,100.000,,,,,
16031,08/02/19 01:50:00 AM,23.448,100.000,,,,,
16032,08/02/19 01:55:00 AM,23.400,100.000,,,,,
16033,08/02/19 02:00:00 AM,23.376,100.000,,,,,
16034,08/02/19 02:05:00 AM,23.376,100.000,,,,,
16035,08/02/19 02:10:00 AM,23.376,100.000,,,,,
16036,08/02/19 02:15:00 AM,23.376,100.000,,,,,
16037,08/02/19 02:20:00 AM,23.376,100.000,,,,,
16038,08/02/19 02:25:00 AM,23.376,100.000,,,,,
16039,08/02/19 02:30:00 AM,23.400,100.000,,,,,
16040,08/02/19 02:35:00 AM,23.400,100.000,,,,,
16041,08/02/19 02:40:00 AM,23.424,100.000,,,,,
16042,08/02/19 02:45:00 AM,23.424,100.000,,,,,
16043,08/02/19 02:50:00 AM,23.424,100.000,,,,,
16044,08/02/19 02:55:00 AM,23.472,100.000,,,,,
16045,08/02/19 03:00:00 AM,23.472,100.000,,,,,
16046,08/02/19 03:05:00 AM,23.472,100.000,,,,,
16047,08/02/19 03:10:00 AM,23.472,100.000,,,,,
16048,08/02/19 03:15:00 AM,23.472,100.000,,,,,
16049,08/02/19 03:20:00 AM,23.521,100.000,,,,,
16050,08/02/19 03:25:00 AM,23.545,100.000,,,,,
16051,08/02/19 03:30:00 AM,23.521,100.000,,,,,
16052,08/02/19 03:35:00 AM,23.472,100.000,,,,,
16053,08/02/19 03:40:00 AM,23.424,100.000,,,,,
16054,08/02/19 03:45:00 AM,23.400,100.000,,,,,
16055,08/02/19 03:50:00 AM,23.376,100.000,,,,,
16056,08/02/19 03:55:00 AM,23.376,100.000,,,,,
16057,08/02/19 04:00:00 AM,23.328,100.000,,,,,
16058,08/02/19 04:05:00 AM,23.328,100.000,,,,,
16059,08/02/19 04:10:00 AM,23.232,100.000,,,,,
16060,08/02/19 04:15:00 AM,23.184,100.000,,,,,
16061,08/02/19 04:20:00 AM,23.208,100.000,,,,,
16062,08/02/19 04:25:00 AM,23.232,100.000,,,,,
16063,08/02/19 04:30:00 AM,23.232,100.000,,,,,
16064,08/02/19 04:35:00 AM,23.256,100.000,,,,,
16065,08/02/19 04:40:00 AM,23.304,100.000,,,,,
16066,08/02/19 04:45:00 AM,23.280,100.000,,,,,
16067,08/02/19 04:50:00 AM,23.232,100.000,,,,,
16068,08/02/19 04:55:00 AM,23.184,100.000,,,,,
16069,08/02/19 05:00:00 AM,23.136,100.000,,,,,
16070,08/02/19 05:05:00 AM,23.088,100.000,,,,,
16071,08/02/19 05:10:00 AM,22.992,100.000,,,,,
16072,08/02/19 05:15:00 AM,22.896,100.000,,,,,
16073,08/02/19 05:20:00 AM,22.848,100.000,,,,,
16074,08/02/19 05:25:00 AM,22.800,100.000,,,,,
16075,08/02/19 05:30:00 AM,22.776,100.000,,,,,
16076,08/02/19 05:35:00 AM,22.776,100.000,,,,,
16077,08/02/19 05:40:00 AM,22.776,100.000,,,,,
16078,08/02/19 05:45:00 AM,22.729,100.000,,,,,
16079,08/02/19 05:50:00 AM,22.729,100.000,,,,,
16080,08/02/19 05:55:00 AM,22.729,100.000,,,,,
16081,08/02/19 06:00:00 AM,22.729,100.000,,,,,
16082,08/02/19 06:05:00 AM,22.753,100.000,,,,,
16083,08/02/19 06:10:00 AM,22.776,100.000,,,,,
16084,08/02/19 06:15:00 AM,22.800,100.000,,,,,
16085,08/02/19 06:20:00 AM,22.800,100.000,,,,,
16086,08/02/19 06:25:00 AM,22.753,100.000,,,,,
16087,08/02/19 06:30:00 AM,22.753,100.000,,,,,
16088,08/02/19 06:35:00 AM,22.776,100.000,,,,,
16089,08/02/19 06:40:00 AM,22.776,100.000,,,,,
16090,08/02/19 06:45:00 AM,22.753,100.000,,,,,
16091,08/02/19 06:50:00 AM,22.753,100.000,,,,,
16092,08/02/19 06:55:00 AM,22.705,100.000,,,,,
16093,08/02/19 07:00:00 AM,22.657,100.000,,,,,
16094,08/02/19 07:05:00 AM,22.633,100.000,,,,,
16095,08/02/19 07:10:00 AM,22.633,100.000,,,,,
16096,08/02/19 07:15:00 AM,22.609,100.000,,,,,
16097,08/02/19 07:20:00 AM,22.657,100.000,,,,,
16098,08/02/19 07:25:00 AM,22.657,100.000,,,,,
16099,08/02/19 07:30:00 AM,22.729,100.000,,,,,
16100,08/02/19 07:35:00 AM,22.753,100.000,,,,,
16101,08/02/19 07:40:00 AM,22.800,100.000,,,,,
16102,08/02/19 07:45:00 AM,22.848,100.000,,,,,
16103,08/02/19 07:50:00 AM,22.872,100.000,,,,,
16104,08/02/19 07:55:00 AM,22.896,100.000,,,,,
16105,08/02/19 08:00:00 AM,22.944,100.000,,,,,
16106,08/02/19 08:05:00 AM,23.040,100.000,,,,,
16107,08/02/19 08:10:00 AM,23.112,100.000,,,,,
16108,08/02/19 08:15:00 AM,23.184,100.000,,,,,
16109,08/02/19 08:20:00 AM,23.280,100.000,,,,,
16110,08/02/19 08:25:00 AM,23.352,100.000,,,,,
16111,08/02/19 08:30:00 AM,23.448,100.000,,,,,
16112,08/02/19 08:35:00 AM,23.521,100.000,,,,,
16113,08/02/19 08:40:00 AM,23.665,100.000,,,,,
16114,08/02/19 08:45:00 AM,23.809,100.000,,,,,
16115,08/02/19 08:50:00 AM,23.930,100.000,,,,,
16116,08/02/19 08:55:00 AM,24.002,100.000,,,,,
16117,08/02/19 09:00:00 AM,24.122,100.000,,,,,
16118,08/02/19 09:05:00 AM,24.219,100.000,,,,,
16119,08/02/19 09:10:00 AM,24.315,100.000,,,,,
16120,08/02/19 09:15:00 AM,24.436,100.000,,,,,
16121,08/02/19 09:20:00 AM,24.557,100.000,,,,,
16122,08/02/19 09:25:00 AM,24.653,100.000,,,,,
16123,08/02/19 09:30:00 AM,24.750,100.000,,,,,
16124,08/02/19 09:35:00 AM,24.823,100.000,,,,,
16125,08/02/19 09:40:00 AM,24.919,100.000,,,,,
16126,08/02/19 09:45:00 AM,25.016,100.000,,,,,
16127,08/02/19 09:50:00 AM,25.113,100.000,,,,,
16128,08/02/19 09:55:00 AM,25.210,100.000,,,,,
16129,08/02/19 10:00:00 AM,25.331,100.000,,,,,
16130,08/02/19 10:05:00 AM,25.428,100.000,,,,,
16131,08/02/19 10:10:00 AM,25.501,100.000,,,,,
16132,08/02/19 10:15:00 AM,25.598,100.000,,,,,
16133,08/02/19 10:20:00 AM,25.695,100.000,,,,,
16134,08/02/19 10:25:00 AM,25.817,100.000,,,,,
16135,08/02/19 10:30:00 AM,25.939,100.000,,,,,
16136,08/02/19 10:35:00 AM,26.061,99.895,,,,,
16137,08/02/19 10:40:00 AM,26.182,99.609,,,,,
16138,08/02/19 10:45:00 AM,26.329,99.382,,,,,
16139,08/02/19 10:50:00 AM,26.475,99.075,,,,,
16140,08/02/19 10:55:00 AM,26.671,98.940,,,,,
16141,08/02/19 11:00:00 AM,26.793,98.571,,,,,
16142,08/02/19 11:05:00 AM,26.916,98.309,,,,,
16143,08/02/19 11:10:00 AM,26.989,97.953,,,,,
16144,08/02/19 11:15:00 AM,27.112,97.878,,,,,
16145,08/02/19 11:20:00 AM,27.358,97.188,,,,,
16146,08/02/19 11:25:00 AM,27.776,96.647,,,,,
16147,08/02/19 11:30:00 AM,28.196,95.885,,,,,
16148,08/02/19 11:35:00 AM,28.568,95.215,,,,,
16149,08/02/19 11:40:00 AM,28.617,94.571,,,,,
16150,08/02/19 11:45:00 AM,28.543,94.195,,,,,
16151,08/02/19 11:50:00 AM,28.518,94.162,,,,,
16152,08/02/19 11:55:00 AM,28.543,94.168,,,,,
16153,08/02/19 12:00:00 PM,28.617,94.022,,,,,
16154,08/02/19 12:05:00 PM,28.717,93.496,,,,,
16155,08/02/19 12:10:00 PM,28.717,93.303,,,,,
16156,08/02/19 12:15:00 PM,28.742,93.061,,,,,
16157,08/02/19 12:20:00 PM,28.791,92.714,,,,,
16158,08/02/19 12:25:00 PM,28.841,92.919,,,,,
16159,08/02/19 12:30:00 PM,28.791,92.962,,,,,
16160,08/02/19 12:35:00 PM,28.742,92.950,,,,,
16161,08/02/19 12:40:00 PM,28.717,92.889,,,,,
16162,08/02/19 12:45:00 PM,28.692,92.966,,,,,
16163,08/02/19 12:50:00 PM,28.742,92.840,,,,,
16164,08/02/19 12:55:00 PM,28.941,92.612,,,,,
16165,08/02/19 01:00:00 PM,29.240,91.379,,,,,
16166,08/02/19 01:05:00 PM,29.590,91.128,,,,,
16167,08/02/19 01:10:00 PM,29.690,90.285,,,,,
16168,08/02/19 01:15:00 PM,29.615,90.099,,,,,
16169,08/02/19 01:20:00 PM,29.565,90.311,,,,,
16170,08/02/19 01:25:00 PM,29.464,89.895,,,,,
16171,08/02/19 01:30:00 PM,29.340,90.034,,,,,
16172,08/02/19 01:35:00 PM,29.565,89.582,,,,,
16173,08/02/19 01:40:00 PM,29.890,89.208,,,,,
16174,08/02/19 01:45:00 PM,30.041,88.622,,,,,
16175,08/02/19 01:50:00 PM,30.117,88.301,,,,,
16176,08/02/19 01:55:00 PM,30.293,87.689,,,,,
16177,08/02/19 02:00:00 PM,30.419,86.494,,,,,
16178,08/02/19 02:05:00 PM,30.722,85.762,,,,,
16179,08/02/19 02:10:00 PM,30.925,84.830,,,,,
16180,08/02/19 02:15:00 PM,31.026,84.651,,,,,
16181,08/02/19 02:20:00 PM,30.874,84.301,,,,,
16182,08/02/19 02:25:00 PM,30.849,84.612,,,,,
16183,08/02/19 02:30:00 PM,30.925,84.399,,,,,
16184,08/02/19 02:35:00 PM,30.824,84.866,,,,,
16185,08/02/19 02:40:00 PM,30.571,84.953,,,,,
16186,08/02/19 02:45:00 PM,30.243,85.883,,,,,
16187,08/02/19 02:50:00 PM,29.916,86.551,,,,,
16188,08/02/19 02:55:00 PM,29.640,87.483,,,,,
16189,08/02/19 03:00:00 PM,29.365,87.986,,,,,
16190,08/02/19 03:05:00 PM,29.140,88.976,,,,,
16191,08/02/19 03:10:00 PM,28.941,89.323,,,,,
16192,08/02/19 03:15:00 PM,28.742,90.004,,,,,
16193,08/02/19 03:20:00 PM,28.518,90.370,,,,,
16194,08/02/19 03:25:00 PM,28.320,91.241,,,,,
16195,08/02/19 03:30:00 PM,28.147,91.394,,,,,
16196,08/02/19 03:35:00 PM,27.974,91.989,,,,,
16197,08/02/19 03:40:00 PM,27.727,91.736,,,,,
16198,08/02/19 03:45:00 PM,27.481,93.053,,,,,
16199,08/02/19 03:50:00 PM,27.186,93.721,,,,,
16200,08/02/19 03:55:00 PM,26.793,95.447,,,,,
16201,08/02/19 04:00:00 PM,26.280,96.963,,,,,
16202,08/02/19 04:05:00 PM,25.793,98.068,,,,,
16203,08/02/19 04:10:00 PM,25.404,98.765,,,,,
16204,08/02/19 04:15:00 PM,25.162,99.363,,,,,
16205,08/02/19 04:20:00 PM,25.016,99.985,,,,,
16206,08/02/19 04:25:00 PM,24.919,100.000,,,,,
16207,08/02/19 04:30:00 PM,24.774,100.000,,,,,
16208,08/02/19 04:35:00 PM,24.629,100.000,,,,,
16209,08/02/19 04:40:00 PM,24.508,100.000,,,,,
16210,08/02/19 04:45:00 PM,24.363,100.000,,,,,
16211,08/02/19 04:50:00 PM,24.291,100.000,,,,,
16212,08/02/19 04:55:00 PM,24.339,100.000,,,,,
16213,08/02/19 05:00:00 PM,24.436,100.000,,,,,
16214,08/02/19 05:05:00 PM,24.557,100.000,,,,,
16215,08/02/19 05:10:00 PM,24.798,100.000,,,,,
16216,08/02/19 05:15:00 PM,25.065,100.000,,,,,
16217,08/02/19 05:20:00 PM,25.355,100.000,,,,,
16218,08/02/19 05:25:00 PM,25.695,100.000,,,,,
16219,08/02/19 05:30:00 PM,26.134,100.000,,,,,
16220,08/02/19 05:35:00 PM,26.329,100.000,,,,,
16221,08/02/19 05:40:00 PM,26.378,100.000,,,,,
16222,08/02/19 05:45:00 PM,26.207,100.000,,,,,
16223,08/02/19 05:50:00 PM,26.085,100.000,,,,,
16224,08/02/19 05:55:00 PM,25.939,100.000,,,,,
16225,08/02/19 06:00:00 PM,25.987,100.000,,,,,
16226,08/02/19 06:05:00 PM,26.109,100.000,,,,,
16227,08/02/19 06:10:00 PM,26.012,100.000,,,,,
16228,08/02/19 06:15:00 PM,26.012,100.000,,,,,
16229,08/02/19 06:20:00 PM,26.012,100.000,,,,,
16230,08/02/19 06:25:00 PM,25.841,100.000,,,,,
16231,08/02/19 06:30:00 PM,25.744,100.000,,,,,
16232,08/02/19 06:35:00 PM,25.720,100.000,,,,,
16233,08/02/19 06:40:00 PM,25.720,100.000,,,,,
16234,08/02/19 06:45:00 PM,25.744,100.000,,,,,
16235,08/02/19 06:50:00 PM,25.841,100.000,,,,,
16236,08/02/19 06:55:00 PM,25.866,100.000,,,,,
16237,08/02/19 07:00:00 PM,25.841,100.000,,,,,
16238,08/02/19 07:05:00 PM,25.720,100.000,,,,,
16239,08/02/19 07:10:00 PM,25.598,100.000,,,,,
16240,08/02/19 07:15:00 PM,25.404,100.000,,,,,
16241,08/02/19 07:20:00 PM,25.283,100.000,,,,,
16242,08/02/19 07:25:00 PM,25.258,100.000,,,,,
16243,08/02/19 07:30:00 PM,25.210,100.000,,,,,
16244,08/02/19 07:35:00 PM,25.162,100.000,,,,,
16245,08/02/19 07:40:00 PM,25.137,100.000,,,,,
16246,08/02/19 07:45:00 PM,25.113,100.000,,,,,
16247,08/02/19 07:50:00 PM,25.089,100.000,,,,,
16248,08/02/19 07:55:00 PM,25.089,100.000,,,,,
16249,08/02/19 08:00:00 PM,25.065,100.000,,,,,
16250,08/02/19 08:05:00 PM,25.065,100.000,,,,,
16251,08/02/19 08:10:00 PM,25.016,100.000,,,,,
16252,08/02/19 08:15:00 PM,25.016,100.000,,,,,
16253,08/02/19 08:20:00 PM,24.944,100.000,,,,,
16254,08/02/19 08:25:00 PM,24.895,100.000,,,,,
16255,08/02/19 08:30:00 PM,24.871,100.000,,,,,
16256,08/02/19 08:35:00 PM,24.823,100.000,,,,,
16257,08/02/19 08:40:00 PM,24.774,100.000,,,,,
16258,08/02/19 08:45:00 PM,24.726,100.000,,,,,
16259,08/02/19 08:50:00 PM,24.726,100.000,,,,,
16260,08/02/19 08:55:00 PM,24.702,100.000,,,,,
16261,08/02/19 09:00:00 PM,24.677,100.000,,,,,
16262,08/02/19 09:05:00 PM,24.605,100.000,,,,,
16263,08/02/19 09:10:00 PM,24.557,100.000,,,,,
16264,08/02/19 09:15:00 PM,24.532,100.000,,,,,
16265,08/02/19 09:20:00 PM,24.532,100.000,,,,,
16266,08/02/19 09:25:00 PM,24.508,100.000,,,,,
16267,08/02/19 09:30:00 PM,24.484,100.000,,,,,
16268,08/02/19 09:35:00 PM,24.460,100.000,,,,,
16269,08/02/19 09:40:00 PM,24.436,100.000,,,,,
16270,08/02/19 09:45:00 PM,24.412,100.000,,,,,
16271,08/02/19 09:50:00 PM,24.388,100.000,,,,,
16272,08/02/19 09:55:00 PM,24.363,100.000,,,,,
16273,08/02/19 10:00:00 PM,24.388,100.000,,,,,
16274,08/02/19 10:05:00 PM,24.436,100.000,,,,,
16275,08/02/19 10:10:00 PM,24.412,100.000,,,,,
16276,08/02/19 10:15:00 PM,24.388,100.000,,,,,
16277,08/02/19 10:20:00 PM,24.339,100.000,,,,,
16278,08/02/19 10:25:00 PM,24.267,100.000,,,,,
16279,08/02/19 10:30:00 PM,24.195,100.000,,,,,
16280,08/02/19 10:35:00 PM,24.195,100.000,,,,,
16281,08/02/19 10:40:00 PM,24.243,100.000,,,,,
16282,08/02/19 10:45:00 PM,24.219,100.000,,,,,
16283,08/02/19 10:50:00 PM,24.219,100.000,,,,,
16284,08/02/19 10:55:00 PM,24.219,100.000,,,,,
16285,08/02/19 11:00:00 PM,24.195,100.000,,,,,
16286,08/02/19 11:05:00 PM,24.146,100.000,,,,,
16287,08/02/19 11:10:00 PM,24.098,100.000,,,,,
16288,08/02/19 11:15:00 PM,24.050,100.000,,,,,
16289,08/02/19 11:20:00 PM,24.050,100.000,,,,,
16290,08/02/19 11:25:00 PM,24.026,100.000,,,,,
16291,08/02/19 11:30:00 PM,24.002,100.000,,,,,
16292,08/02/19 11:35:00 PM,24.002,100.000,,,,,
16293,08/02/19 11:40:00 PM,23.978,100.000,,,,,
16294,08/02/19 11:45:00 PM,24.002,100.000,,,,,
16295,08/02/19 11:50:00 PM,23.978,100.000,,,,,
16296,08/02/19 11:55:00 PM,23.978,100.000,,,,,
16297,08/03/19 12:00:00 AM,24.026,100.000,,,,,
16298,08/03/19 12:05:00 AM,24.074,100.000,,,,,
16299,08/03/19 12:10:00 AM,24.098,100.000,,,,,
16300,08/03/19 12:15:00 AM,24.146,100.000,,,,,
16301,08/03/19 12:20:00 AM,24.122,100.000,,,,,
16302,08/03/19 12:25:00 AM,24.098,100.000,,,,,
16303,08/03/19 12:30:00 AM,24.050,100.000,,,,,
16304,08/03/19 12:35:00 AM,24.074,100.000,,,,,
16305,08/03/19 12:40:00 AM,24.098,100.000,,,,,
16306,08/03/19 12:45:00 AM,24.098,100.000,,,,,
16307,08/03/19 12:50:00 AM,24.098,100.000,,,,,
16308,08/03/19 12:55:00 AM,24.074,100.000,,,,,
16309,08/03/19 01:00:00 AM,24.050,100.000,,,,,
16310,08/03/19 01:05:00 AM,24.050,100.000,,,,,
16311,08/03/19 01:10:00 AM,24.098,100.000,,,,,
16312,08/03/19 01:15:00 AM,24.050,100.000,,,,,
16313,08/03/19 01:20:00 AM,24.002,100.000,,,,,
16314,08/03/19 01:25:00 AM,23.954,100.000,,,,,
16315,08/03/19 01:30:00 AM,23.905,100.000,,,,,
16316,08/03/19 01:35:00 AM,23.857,100.000,,,,,
16317,08/03/19 01:40:00 AM,23.857,100.000,,,,,
16318,08/03/19 01:45:00 AM,23.857,100.000,,,,,
16319,08/03/19 01:50:00 AM,23.857,100.000,,,,,
16320,08/03/19 01:55:00 AM,23.833,100.000,,,,,
16321,08/03/19 02:00:00 AM,23.809,100.000,,,,,
16322,08/03/19 02:05:00 AM,23.833,100.000,,,,,
16323,08/03/19 02:10:00 AM,23.857,100.000,,,,,
16324,08/03/19 02:15:00 AM,23.881,100.000,,,,,
16325,08/03/19 02:20:00 AM,23.857,100.000,,,,,
16326,08/03/19 02:25:00 AM,23.857,100.000,,,,,
16327,08/03/19 02:30:00 AM,23.857,100.000,,,,,
16328,08/03/19 02:35:00 AM,23.809,100.000,,,,,
16329,08/03/19 02:40:00 AM,23.833,100.000,,,,,
16330,08/03/19 02:45:00 AM,23.833,100.000,,,,,
16331,08/03/19 02:50:00 AM,23.833,100.000,,,,,
16332,08/03/19 02:55:00 AM,23.905,100.000,,,,,
16333,08/03/19 03:00:00 AM,23.905,100.000,,,,,
16334,08/03/19 03:05:00 AM,23.881,100.000,,,,,
16335,08/03/19 03:10:00 AM,23.833,100.000,,,,,
16336,08/03/19 03:15:00 AM,23.857,100.000,,,,,
16337,08/03/19 03:20:00 AM,23.809,100.000,,,,,
16338,08/03/19 03:25:00 AM,23.809,100.000,,,,,
16339,08/03/19 03:30:00 AM,23.809,100.000,,,,,
16340,08/03/19 03:35:00 AM,23.761,100.000,,,,,
16341,08/03/19 03:40:00 AM,23.761,100.000,,,,,
16342,08/03/19 03:45:00 AM,23.761,100.000,,,,,
16343,08/03/19 03:50:00 AM,23.761,100.000,,,,,
16344,08/03/19 03:55:00 AM,23.785,100.000,,,,,
16345,08/03/19 04:00:00 AM,23.785,100.000,,,,,
16346,08/03/19 04:05:00 AM,23.809,100.000,,,,,
16347,08/03/19 04:10:00 AM,23.809,100.000,,,,,
16348,08/03/19 04:15:00 AM,23.785,100.000,,,,,
16349,08/03/19 04:20:00 AM,23.833,100.000,,,,,
16350,08/03/19 04:25:00 AM,23.761,100.000,,,,,
16351,08/03/19 04:30:00 AM,23.737,100.000,,,,,
16352,08/03/19 04:35:00 AM,23.737,100.000,,,,,
16353,08/03/19 04:40:00 AM,23.761,100.000,,,,,
16354,08/03/19 04:45:00 AM,23.737,100.000,,,,,
16355,08/03/19 04:50:00 AM,23.761,100.000,,,,,
16356,08/03/19 04:55:00 AM,23.785,100.000,,,,,
16357,08/03/19 05:00:00 AM,23.761,100.000,,,,,
16358,08/03/19 05:05:00 AM,23.737,100.000,,,,,
16359,08/03/19 05:10:00 AM,23.713,100.000,,,,,
16360,08/03/19 05:15:00 AM,23.713,100.000,,,,,
16361,08/03/19 05:20:00 AM,23.737,100.000,,,,,
16362,08/03/19 05:25:00 AM,23.761,100.000,,,,,
16363,08/03/19 05:30:00 AM,23.809,100.000,,,,,
16364,08/03/19 05:35:00 AM,23.833,100.000,,,,,
16365,08/03/19 05:40:00 AM,23.809,100.000,,,,,
16366,08/03/19 05:45:00 AM,23.809,100.000,,,,,
16367,08/03/19 05:50:00 AM,23.809,100.000,,,,,
16368,08/03/19 05:55:00 AM,23.737,100.000,,,,,
16369,08/03/19 06:00:00 AM,23.713,100.000,,,,,
16370,08/03/19 06:05:00 AM,23.665,100.000,,,,,
16371,08/03/19 06:10:00 AM,23.617,100.000,,,,,
16372,08/03/19 06:15:00 AM,23.641,100.000,,,,,
16373,08/03/19 06:20:00 AM,23.665,100.000,,,,,
16374,08/03/19 06:25:00 AM,23.641,100.000,,,,,
16375,08/03/19 06:30:00 AM,23.569,100.000,,,,,
16376,08/03/19 06:35:00 AM,23.545,100.000,,,,,
16377,08/03/19 06:40:00 AM,23.521,100.000,,,,,
16378,08/03/19 06:45:00 AM,23.521,100.000,,,,,
16379,08/03/19 06:50:00 AM,23.472,100.000,,,,,
16380,08/03/19 06:55:00 AM,23.376,100.000,,,,,
16381,08/03/19 07:00:00 AM,23.400,100.000,,,,,
16382,08/03/19 07:05:00 AM,23.376,100.000,,,,,
16383,08/03/19 07:10:00 AM,23.376,100.000,,,,,
16384,08/03/19 07:15:00 AM,23.352,100.000,,,,,
16385,08/03/19 07:20:00 AM,23.400,100.000,,,,,
16386,08/03/19 07:25:00 AM,23.352,100.000,,,,,
16387,08/03/19 07:30:00 AM,23.352,100.000,,,,,
16388,08/03/19 07:35:00 AM,23.328,100.000,,,,,
16389,08/03/19 07:40:00 AM,23.328,100.000,,,,,
16390,08/03/19 07:45:00 AM,23.328,100.000,,,,,
16391,08/03/19 07:50:00 AM,23.304,100.000,,,,,
16392,08/03/19 07:55:00 AM,23.328,100.000,,,,,
16393,08/03/19 08:00:00 AM,23.376,100.000,,,,,
16394,08/03/19 08:05:00 AM,23.448,100.000,,,,,
16395,08/03/19 08:10:00 AM,23.569,100.000,,,,,
16396,08/03/19 08:15:00 AM,23.641,100.000,,,,,
16397,08/03/19 08:20:00 AM,23.713,100.000,,,,,
16398,08/03/19 08:25:00 AM,23.809,100.000,,,,,
16399,08/03/19 08:30:00 AM,23.857,100.000,,,,,
16400,08/03/19 08:35:00 AM,23.930,100.000,,,,,
16401,08/03/19 08:40:00 AM,24.026,100.000,,,,,
16402,08/03/19 08:45:00 AM,24.098,100.000,,,,,
16403,08/03/19 08:50:00 AM,24.171,100.000,,,,,
16404,08/03/19 08:55:00 AM,24.243,100.000,,,,,
16405,08/03/19 09:00:00 AM,24.315,100.000,,,,,
16406,08/03/19 09:05:00 AM,24.412,100.000,,,,,
16407,08/03/19 09:10:00 AM,24.508,100.000,,,,,
16408,08/03/19 09:15:00 AM,24.557,100.000,,,,,
16409,08/03/19 09:20:00 AM,24.629,100.000,,,,,
16410,08/03/19 09:25:00 AM,24.702,100.000,,,,,
16411,08/03/19 09:30:00 AM,24.774,100.000,,,,,
16412,08/03/19 09:35:00 AM,24.847,100.000,,,,,
16413,08/03/19 09:40:00 AM,24.895,100.000,,,,,
16414,08/03/19 09:45:00 AM,24.847,100.000,,,,,
16415,08/03/19 09:50:00 AM,24.871,100.000,,,,,
16416,08/03/19 09:55:00 AM,24.968,100.000,,,,,
16417,08/03/19 10:00:00 AM,25.065,100.000,,,,,
16418,08/03/19 10:05:00 AM,25.113,100.000,,,,,
16419,08/03/19 10:10:00 AM,25.186,100.000,,,,,
16420,08/03/19 10:15:00 AM,25.283,100.000,,,,,
16421,08/03/19 10:20:00 AM,25.283,100.000,,,,,
16422,08/03/19 10:25:00 AM,25.307,100.000,,,,,
16423,08/03/19 10:30:00 AM,25.453,100.000,,,,,
16424,08/03/19 10:35:00 AM,25.647,100.000,,,,,
16425,08/03/19 10:40:00 AM,25.768,100.000,,,,,
16426,08/03/19 10:45:00 AM,25.890,100.000,,,,,
16427,08/03/19 10:50:00 AM,25.793,100.000,,,,,
16428,08/03/19 10:55:00 AM,25.841,100.000,,,,,
16429,08/03/19 11:00:00 AM,25.914,100.000,,,,,
16430,08/03/19 11:05:00 AM,26.109,100.000,,,,,
16431,08/03/19 11:10:00 AM,25.939,100.000,,,,,
16432,08/03/19 11:15:00 AM,25.987,100.000,,,,,
16433,08/03/19 11:20:00 AM,26.280,100.000,,,,,
16434,08/03/19 11:25:00 AM,26.329,100.000,,,,,
16435,08/03/19 11:30:00 AM,26.378,100.000,,,,,
16436,08/03/19 11:35:00 AM,26.451,100.000,,,,,
16437,08/03/19 11:40:00 AM,26.524,100.000,,,,,
16438,08/03/19 11:45:00 AM,26.646,100.000,,,,,
16439,08/03/19 11:50:00 AM,26.475,100.000,,,,,
16440,08/03/19 11:55:00 AM,26.573,100.000,,,,,
16441,08/03/19 12:00:00 PM,26.573,100.000,,,,,
16442,08/03/19 12:05:00 PM,26.549,100.000,,,,,
16443,08/03/19 12:10:00 PM,26.769,100.000,,,,,
16444,08/03/19 12:15:00 PM,26.989,100.000,,,,,
16445,08/03/19 12:20:00 PM,27.210,100.000,,,,,
16446,08/03/19 12:25:00 PM,27.186,100.000,,,,,
16447,08/03/19 12:30:00 PM,27.136,100.000,,,,,
16448,08/03/19 12:35:00 PM,27.014,100.000,,,,,
16449,08/03/19 12:40:00 PM,26.965,100.000,,,,,
16450,08/03/19 12:45:00 PM,26.940,100.000,,,,,
16451,08/03/19 12:50:00 PM,26.940,100.000,,,,,
16452,08/03/19 12:55:00 PM,26.965,100.000,,,,,
16453,08/03/19 01:00:00 PM,26.989,100.000,,,,,
16454,08/03/19 01:05:00 PM,27.063,100.000,,,,,
16455,08/03/19 01:10:00 PM,27.259,100.000,,,,,
16456,08/03/19 01:15:00 PM,27.407,100.000,,,,,
16457,08/03/19 01:20:00 PM,27.554,100.000,,,,,
16458,08/03/19 01:25:00 PM,27.949,100.000,,,,,
16459,08/03/19 01:30:00 PM,27.998,100.000,,,,,
16460,08/03/19 01:35:00 PM,27.677,100.000,,,,,
16461,08/03/19 01:40:00 PM,27.333,100.000,,,,,
16462,08/03/19 01:45:00 PM,27.161,100.000,,,,,
16463,08/03/19 01:50:00 PM,26.989,100.000,,,,,
16464,08/03/19 01:55:00 PM,26.916,100.000,,,,,
16465,08/03/19 02:00:00 PM,26.867,100.000,,,,,
16466,08/03/19 02:05:00 PM,26.818,100.000,,,,,
16467,08/03/19 02:10:00 PM,26.769,100.000,,,,,
16468,08/03/19 02:15:00 PM,26.744,100.000,,,,,
16469,08/03/19 02:20:00 PM,26.695,100.000,,,,,
16470,08/03/19 02:25:00 PM,26.646,100.000,,,,,
16471,08/03/19 02:30:00 PM,26.598,100.000,,,,,
16472,08/03/19 02:35:00 PM,26.524,100.000,,,,,
16473,08/03/19 02:40:00 PM,26.451,100.000,,,,,
16474,08/03/19 02:45:00 PM,26.353,100.000,,,,,
16475,08/03/19 02:50:00 PM,26.280,100.000,,,,,
16476,08/03/19 02:55:00 PM,26.207,100.000,,,,,
16477,08/03/19 03:00:00 PM,26.158,100.000,,,,,
16478,08/03/19 03:05:00 PM,26.158,100.000,,,,,
16479,08/03/19 03:10:00 PM,26.134,100.000,,,,,
16480,08/03/19 03:15:00 PM,26.109,100.000,,,,,
16481,08/03/19 03:20:00 PM,26.158,100.000,,,,,
16482,08/03/19 03:25:00 PM,26.158,100.000,,,,,
16483,08/03/19 03:30:00 PM,26.134,100.000,,,,,
16484,08/03/19 03:35:00 PM,26.207,100.000,,,,,
16485,08/03/19 03:40:00 PM,26.280,100.000,,,,,
16486,08/03/19 03:45:00 PM,26.378,100.000,,,,,
16487,08/03/19 03:50:00 PM,26.646,100.000,,,,,
16488,08/03/19 03:55:00 PM,26.965,100.000,,,,,
16489,08/03/19 04:00:00 PM,27.186,100.000,,,,,
16490,08/03/19 04:05:00 PM,27.210,100.000,,,,,
16491,08/03/19 04:10:00 PM,27.161,100.000,,,,,
16492,08/03/19 04:15:00 PM,27.186,100.000,,,,,
16493,08/03/19 04:20:00 PM,27.333,100.000,,,,,
16494,08/03/19 04:25:00 PM,27.333,100.000,,,,,
16495,08/03/19 04:30:00 PM,27.530,100.000,,,,,
16496,08/03/19 04:35:00 PM,27.677,100.000,,,,,
16497,08/03/19 04:40:00 PM,27.776,100.000,,,,,
16498,08/03/19 04:45:00 PM,27.850,100.000,,,,,
16499,08/03/19 04:50:00 PM,27.924,100.000,,,,,
16500,08/03/19 04:55:00 PM,28.072,100.000,,,,,
16501,08/03/19 05:00:00 PM,28.245,100.000,,,,,
16502,08/03/19 05:05:00 PM,28.419,100.000,,,,,
16503,08/03/19 05:10:00 PM,28.667,100.000,,,,,
16504,08/03/19 05:15:00 PM,28.841,100.000,,,,,
16505,08/03/19 05:20:00 PM,28.866,100.000,,,,,
16506,08/03/19 05:25:00 PM,28.816,100.000,,,,,
16507,08/03/19 05:30:00 PM,28.916,100.000,,,,,
16508,08/03/19 05:35:00 PM,28.990,100.000,,,,,
16509,08/03/19 05:40:00 PM,29.015,100.000,,,,,
16510,08/03/19 05:45:00 PM,28.990,100.000,,,,,
16511,08/03/19 05:50:00 PM,28.891,100.000,,,,,
16512,08/03/19 05:55:00 PM,28.717,100.000,,,,,
16513,08/03/19 06:00:00 PM,28.518,100.000,,,,,
16514,08/03/19 06:05:00 PM,28.320,100.000,,,,,
16515,08/03/19 06:10:00 PM,28.221,100.000,,,,,
16516,08/03/19 06:15:00 PM,28.196,100.000,,,,,
16517,08/03/19 06:20:00 PM,28.171,100.000,,,,,
16518,08/03/19 06:25:00 PM,28.171,100.000,,,,,
16519,08/03/19 06:30:00 PM,28.097,100.000,,,,,
16520,08/03/19 06:35:00 PM,28.048,100.000,,,,,
16521,08/03/19 06:40:00 PM,28.072,100.000,,,,,
16522,08/03/19 06:45:00 PM,28.122,100.000,,,,,
16523,08/03/19 06:50:00 PM,28.122,100.000,,,,,
16524,08/03/19 06:55:00 PM,28.072,100.000,,,,,
16525,08/03/19 07:00:00 PM,27.974,100.000,,,,,
16526,08/03/19 07:05:00 PM,27.924,100.000,,,,,
16527,08/03/19 07:10:00 PM,27.899,100.000,,,,,
16528,08/03/19 07:15:00 PM,27.850,100.000,,,,,
16529,08/03/19 07:20:00 PM,27.751,100.000,,,,,
16530,08/03/19 07:25:00 PM,27.628,100.000,,,,,
16531,08/03/19 07:30:00 PM,27.505,100.000,,,,,
16532,08/03/19 07:35:00 PM,27.431,100.000,,,,,
16533,08/03/19 07:40:00 PM,27.358,100.000,,,,,
16534,08/03/19 07:45:00 PM,27.308,100.000,,,,,
16535,08/03/19 07:50:00 PM,27.235,100.000,,,,,
16536,08/03/19 07:55:00 PM,27.210,100.000,,,,,
16537,08/03/19 08:00:00 PM,27.063,100.000,,,,,
16538,08/03/19 08:05:00 PM,26.793,100.000,,,,,
16539,08/03/19 08:10:00 PM,26.402,100.000,,,,,
16540,08/03/19 08:15:00 PM,26.085,100.000,,,,,
16541,08/03/19 08:20:00 PM,25.841,100.000,,,,,
16542,08/03/19 08:25:00 PM,25.671,100.000,,,,,
16543,08/03/19 08:30:00 PM,25.525,100.000,,,,,
16544,08/03/19 08:35:00 PM,25.404,100.000,,,,,
16545,08/03/19 08:40:00 PM,25.283,100.000,,,,,
16546,08/03/19 08:45:00 PM,25.186,100.000,,,,,
16547,08/03/19 08:50:00 PM,25.162,100.000,,,,,
16548,08/03/19 08:55:00 PM,25.089,100.000,,,,,
16549,08/03/19 09:00:00 PM,25.016,100.000,,,,,
16550,08/03/19 09:05:00 PM,24.944,100.000,,,,,
16551,08/03/19 09:10:00 PM,24.895,100.000,,,,,
16552,08/03/19 09:15:00 PM,24.823,100.000,,,,,
16553,08/03/19 09:20:00 PM,24.774,100.000,,,,,
16554,08/03/19 09:25:00 PM,24.726,100.000,,,,,
16555,08/03/19 09:30:00 PM,24.677,100.000,,,,,
16556,08/03/19 09:35:00 PM,24.605,100.000,,,,,
16557,08/03/19 09:40:00 PM,24.557,100.000,,,,,
16558,08/03/19 09:45:00 PM,24.532,100.000,,,,,
16559,08/03/19 09:50:00 PM,24.460,100.000,,,,,
16560,08/03/19 09:55:00 PM,24.388,100.000,,,,,
16561,08/03/19 10:00:00 PM,24.291,100.000,,,,,
16562,08/03/19 10:05:00 PM,24.267,100.000,,,,,
16563,08/03/19 10:10:00 PM,24.267,100.000,,,,,
16564,08/03/19 10:15:00 PM,24.195,100.000,,,,,
16565,08/03/19 10:20:00 PM,24.195,100.000,,,,,
16566,08/03/19 10:25:00 PM,24.171,100.000,,,,,
16567,08/03/19 10:30:00 PM,24.098,100.000,,,,,
16568,08/03/19 10:35:00 PM,24.098,100.000,,,,,
16569,08/03/19 10:40:00 PM,24.098,100.000,,,,,
16570,08/03/19 10:45:00 PM,24.074,100.000,,,,,
16571,08/03/19 10:50:00 PM,24.002,100.000,,,,,
16572,08/03/19 10:55:00 PM,23.930,100.000,,,,,
16573,08/03/19 11:00:00 PM,23.905,100.000,,,,,
16574,08/03/19 11:05:00 PM,23.857,100.000,,,,,
16575,08/03/19 11:10:00 PM,23.809,100.000,,,,,
16576,08/03/19 11:15:00 PM,23.809,100.000,,,,,
16577,08/03/19 11:20:00 PM,23.761,100.000,,,,,
16578,08/03/19 11:25:00 PM,23.713,100.000,,,,,
16579,08/03/19 11:30:00 PM,23.641,100.000,,,,,
16580,08/03/19 11:35:00 PM,23.617,100.000,,,,,
16581,08/03/19 11:40:00 PM,23.593,100.000,,,,,
16582,08/03/19 11:45:00 PM,23.593,100.000,,,,,
16583,08/03/19 11:50:00 PM,23.545,100.000,,,,,
16584,08/03/19 11:55:00 PM,23.497,100.000,,,,,
16585,08/04/19 12:00:00 AM,23.472,100.000,,,,,
16586,08/04/19 12:05:00 AM,23.376,100.000,,,,,
16587,08/04/19 12:10:00 AM,23.352,100.000,,,,,
16588,08/04/19 12:15:00 AM,23.328,100.000,,,,,
16589,08/04/19 12:20:00 AM,23.328,100.000,,,,,
16590,08/04/19 12:25:00 AM,23.280,100.000,,,,,
16591,08/04/19 12:30:00 AM,23.280,100.000,,,,,
16592,08/04/19 12:35:00 AM,23.304,100.000,,,,,
16593,08/04/19 12:40:00 AM,23.328,100.000,,,,,
16594,08/04/19 12:45:00 AM,23.280,100.000,,,,,
16595,08/04/19 12:50:00 AM,23.208,100.000,,,,,
16596,08/04/19 12:55:00 AM,23.160,100.000,,,,,
16597,08/04/19 01:00:00 AM,23.136,100.000,,,,,
16598,08/04/19 01:05:00 AM,23.136,100.000,,,,,
16599,08/04/19 01:10:00 AM,23.112,100.000,,,,,
16600,08/04/19 01:15:00 AM,23.088,100.000,,,,,
16601,08/04/19 01:20:00 AM,23.088,100.000,,,,,
16602,08/04/19 01:25:00 AM,23.040,100.000,,,,,
16603,08/04/19 01:30:00 AM,22.992,100.000,,,,,
16604,08/04/19 01:35:00 AM,23.016,100.000,,,,,
16605,08/04/19 01:40:00 AM,23.040,100.000,,,,,
16606,08/04/19 01:45:00 AM,22.992,100.000,,,,,
16607,08/04/19 01:50:00 AM,22.944,100.000,,,,,
16608,08/04/19 01:55:00 AM,22.896,100.000,,,,,
16609,08/04/19 02:00:00 AM,22.872,100.000,,,,,
16610,08/04/19 02:05:00 AM,22.872,100.000,,,,,
16611,08/04/19 02:10:00 AM,22.848,100.000,,,,,
16612,08/04/19 02:15:00 AM,22.824,100.000,,,,,
16613,08/04/19 02:20:00 AM,22.824,100.000,,,,,
16614,08/04/19 02:25:00 AM,22.872,100.000,,,,,
16615,08/04/19 02:30:00 AM,22.848,100.000,,,,,
16616,08/04/19 02:35:00 AM,22.800,100.000,,,,,
16617,08/04/19 02:40:00 AM,22.800,100.000,,,,,
16618,08/04/19 02:45:00 AM,22.753,100.000,,,,,
16619,08/04/19 02:50:00 AM,22.729,100.000,,,,,
16620,08/04/19 02:55:00 AM,22.657,100.000,,,,,
16621,08/04/19 03:00:00 AM,22.609,100.000,,,,,
16622,08/04/19 03:05:00 AM,22.657,100.000,,,,,
16623,08/04/19 03:10:00 AM,22.609,100.000,,,,,
16624,08/04/19 03:15:00 AM,22.609,100.000,,,,,
16625,08/04/19 03:20:00 AM,22.585,100.000,,,,,
16626,08/04/19 03:25:00 AM,22.537,100.000,,,,,
16627,08/04/19 03:30:00 AM,22.513,100.000,,,,,
16628,08/04/19 03:35:00 AM,22.489,100.000,,,,,
16629,08/04/19 03:40:00 AM,22.489,100.000,,,,,
16630,08/04/19 03:45:00 AM,22.441,100.000,,,,,
16631,08/04/19 03:50:00 AM,22.441,100.000,,,,,
16632,08/04/19 03:55:00 AM,22.465,100.000,,,,,
16633,08/04/19 04:00:00 AM,22.369,100.000,,,,,
16634,08/04/19 04:05:00 AM,22.321,100.000,,,,,
16635,08/04/19 04:10:00 AM,22.369,100.000,,,,,
16636,08/04/19 04:15:00 AM,22.369,100.000,,,,,
16637,08/04/19 04:20:00 AM,22.345,100.000,,,,,
16638,08/04/19 04:25:00 AM,22.369,100.000,,,,,
16639,08/04/19 04:30:00 AM,22.369,100.000,,,,,
16640,08/04/19 04:35:00 AM,22.393,100.000,,,,,
16641,08/04/19 04:40:00 AM,22.369,100.000,,,,,
16642,08/04/19 04:45:00 AM,22.369,100.000,,,,,
16643,08/04/19 04:50:00 AM,22.369,100.000,,,,,
16644,08/04/19 04:55:00 AM,22.417,100.000,,,,,
16645,08/04/19 05:00:00 AM,22.441,100.000,,,,,
16646,08/04/19 05:05:00 AM,22.465,100.000,,,,,
16647,08/04/19 05:10:00 AM,22.489,100.000,,,,,
16648,08/04/19 05:15:00 AM,22.513,100.000,,,,,
16649,08/04/19 05:20:00 AM,22.513,100.000,,,,,
16650,08/04/19 05:25:00 AM,22.585,100.000,,,,,
16651,08/04/19 05:30:00 AM,22.609,100.000,,,,,
16652,08/04/19 05:35:00 AM,22.585,100.000,,,,,
16653,08/04/19 05:40:00 AM,22.633,100.000,,,,,
16654,08/04/19 05:45:00 AM,22.561,100.000,,,,,
16655,08/04/19 05:50:00 AM,22.465,100.000,,,,,
16656,08/04/19 05:55:00 AM,22.393,100.000,,,,,
16657,08/04/19 06:00:00 AM,22.321,100.000,,,,,
16658,08/04/19 06:05:00 AM,22.298,100.000,,,,,
16659,08/04/19 06:10:00 AM,22.298,100.000,,,,,
16660,08/04/19 06:15:00 AM,22.298,100.000,,,,,
16661,08/04/19 06:20:00 AM,22.274,100.000,,,,,
16662,08/04/19 06:25:00 AM,22.250,100.000,,,,,
16663,08/04/19 06:30:00 AM,22.226,100.000,,,,,
16664,08/04/19 06:35:00 AM,22.202,100.000,,,,,
16665,08/04/19 06:40:00 AM,22.250,100.000,,,,,
16666,08/04/19 06:45:00 AM,22.226,100.000,,,,,
16667,08/04/19 06:50:00 AM,22.202,100.000,,,,,
16668,08/04/19 06:55:00 AM,22.130,100.000,,,,,
16669,08/04/19 07:00:00 AM,22.130,100.000,,,,,
16670,08/04/19 07:05:00 AM,22.082,100.000,,,,,
16671,08/04/19 07:10:00 AM,22.082,100.000,,,,,
16672,08/04/19 07:15:00 AM,22.082,100.000,,,,,
16673,08/04/19 07:20:00 AM,22.034,100.000,,,,,
16674,08/04/19 07:25:00 AM,22.011,100.000,,,,,
16675,08/04/19 07:30:00 AM,21.987,100.000,,,,,
16676,08/04/19 07:35:00 AM,21.987,100.000,,,,,
16677,08/04/19 07:40:00 AM,21.939,100.000,,,,,
16678,08/04/19 07:45:00 AM,21.987,100.000,,,,,
16679,08/04/19 07:50:00 AM,22.034,100.000,,,,,
16680,08/04/19 07:55:00 AM,22.082,100.000,,,,,
16681,08/04/19 08:00:00 AM,22.154,100.000,,,,,
16682,08/04/19 08:05:00 AM,22.274,100.000,,,,,
16683,08/04/19 08:10:00 AM,22.393,100.000,,,,,
16684,08/04/19 08:15:00 AM,22.513,100.000,,,,,
16685,08/04/19 08:20:00 AM,22.633,100.000,,,,,
16686,08/04/19 08:25:00 AM,22.705,100.000,,,,,
16687,08/04/19 08:30:00 AM,22.824,100.000,,,,,
16688,08/04/19 08:35:00 AM,22.944,100.000,,,,,
16689,08/04/19 08:40:00 AM,23.040,100.000,,,,,
16690,08/04/19 08:45:00 AM,23.160,100.000,,,,,
16691,08/04/19 08:50:00 AM,23.256,100.000,,,,,
16692,08/04/19 08:55:00 AM,23.352,100.000,,,,,
16693,08/04/19 09:00:00 AM,23.400,100.000,,,,,
16694,08/04/19 09:05:00 AM,23.472,100.000,,,,,
16695,08/04/19 09:10:00 AM,23.545,100.000,,,,,
16696,08/04/19 09:15:00 AM,23.617,100.000,,,,,
16697,08/04/19 09:20:00 AM,23.737,100.000,,,,,
16698,08/04/19 09:25:00 AM,23.809,100.000,,,,,
16699,08/04/19 09:30:00 AM,23.905,100.000,,,,,
16700,08/04/19 09:35:00 AM,23.954,100.000,,,,,
16701,08/04/19 09:40:00 AM,24.026,100.000,,,,,
16702,08/04/19 09:45:00 AM,24.074,100.000,,,,,
16703,08/04/19 09:50:00 AM,24.171,100.000,,,,,
16704,08/04/19 09:55:00 AM,24.243,100.000,,,,,
16705,08/04/19 10:00:00 AM,24.339,100.000,,,,,
16706,08/04/19 10:05:00 AM,24.436,100.000,,,,,
16707,08/04/19 10:10:00 AM,24.508,100.000,,,,,
16708,08/04/19 10:15:00 AM,24.653,100.000,,,,,
16709,08/04/19 10:20:00 AM,24.774,100.000,,,,,
16710,08/04/19 10:25:00 AM,24.919,100.000,,,,,
16711,08/04/19 10:30:00 AM,24.968,100.000,,,,,
16712,08/04/19 10:35:00 AM,25.040,100.000,,,,,
16713,08/04/19 10:40:00 AM,25.162,100.000,,,,,
16714,08/04/19 10:45:00 AM,25.283,100.000,,,,,
16715,08/04/19 10:50:00 AM,25.258,100.000,,,,,
16716,08/04/19 10:55:00 AM,25.234,100.000,,,,,
16717,08/04/19 11:00:00 AM,25.355,100.000,,,,,
16718,08/04/19 11:05:00 AM,25.501,100.000,,,,,
16719,08/04/19 11:10:00 AM,25.671,100.000,,,,,
16720,08/04/19 11:15:00 AM,25.866,100.000,,,,,
16721,08/04/19 11:20:00 AM,26.085,100.000,,,,,
16722,08/04/19 11:25:00 AM,26.695,100.000,,,,,
16723,08/04/19 11:30:00 AM,27.333,100.000,,,,,
16724,08/04/19 11:35:00 AM,27.456,100.000,,,,,
16725,08/04/19 11:40:00 AM,27.063,100.000,,,,,
16726,08/04/19 11:45:00 AM,26.916,100.000,,,,,
16727,08/04/19 11:50:00 AM,26.965,100.000,,,,,
16728,08/04/19 11:55:00 AM,27.014,100.000,,,,,
16729,08/04/19 12:00:00 PM,26.867,100.000,,,,,
16730,08/04/19 12:05:00 PM,26.695,100.000,,,,,
16731,08/04/19 12:10:00 PM,26.818,100.000,,,,,
16732,08/04/19 12:15:00 PM,26.916,100.000,,,,,
16733,08/04/19 12:20:00 PM,27.014,100.000,,,,,
16734,08/04/19 12:25:00 PM,27.333,100.000,,,,,
16735,08/04/19 12:30:00 PM,27.530,100.000,,,,,
16736,08/04/19 12:35:00 PM,27.751,100.000,,,,,
16737,08/04/19 12:40:00 PM,27.677,100.000,,,,,
16738,08/04/19 12:45:00 PM,27.653,100.000,,,,,
16739,08/04/19 12:50:00 PM,27.751,100.000,,,,,
16740,08/04/19 12:55:00 PM,27.875,100.000,,,,,
16741,08/04/19 01:00:00 PM,27.949,100.000,,,,,
16742,08/04/19 01:05:00 PM,27.974,100.000,,,,,
16743,08/04/19 01:10:00 PM,28.147,100.000,,,,,
16744,08/04/19 01:15:00 PM,28.345,100.000,,,,,
16745,08/04/19 01:20:00 PM,28.444,100.000,,,,,
16746,08/04/19 01:25:00 PM,28.642,100.000,,,,,
16747,08/04/19 01:30:00 PM,28.742,100.000,,,,,
16748,08/04/19 01:35:00 PM,28.916,100.000,,,,,
16749,08/04/19 01:40:00 PM,29.140,100.000,,,,,
16750,08/04/19 01:45:00 PM,29.290,100.000,,,,,
16751,08/04/19 01:50:00 PM,29.290,100.000,,,,,
16752,08/04/19 01:55:00 PM,29.215,100.000,,,,,
16753,08/04/19 02:00:00 PM,29.490,100.000,,,,,
16754,08/04/19 02:05:00 PM,29.740,100.000,,,,,
16755,08/04/19 02:10:00 PM,29.991,99.386,,,,,
16756,08/04/19 02:15:00 PM,30.469,98.237,,,,,
16757,08/04/19 02:20:00 PM,30.950,97.352,,,,,
16758,08/04/19 02:25:00 PM,31.561,95.914,,,,,
16759,08/04/19 02:30:00 PM,31.714,95.925,,,,,
16760,08/04/19 02:35:00 PM,31.535,95.631,,,,,
16761,08/04/19 02:40:00 PM,31.484,95.259,,,,,
16762,08/04/19 02:45:00 PM,31.586,95.064,,,,,
16763,08/04/19 02:50:00 PM,31.893,94.835,,,,,
16764,08/04/19 02:55:00 PM,31.740,93.796,,,,,
16765,08/04/19 03:00:00 PM,31.765,91.452,,,,,
16766,08/04/19 03:05:00 PM,31.433,92.158,,,,,
16767,08/04/19 03:10:00 PM,30.900,92.421,,,,,
16768,08/04/19 03:15:00 PM,30.697,92.455,,,,,
16769,08/04/19 03:20:00 PM,30.697,91.309,,,,,
16770,08/04/19 03:25:00 PM,30.672,92.114,,,,,
16771,08/04/19 03:30:00 PM,30.419,92.499,,,,,
16772,08/04/19 03:35:00 PM,30.243,92.150,,,,,
16773,08/04/19 03:40:00 PM,30.217,92.200,,,,,
16774,08/04/19 03:45:00 PM,30.444,91.696,,,,,
16775,08/04/19 03:50:00 PM,30.369,92.208,,,,,
16776,08/04/19 03:55:00 PM,30.217,92.367,,,,,
16777,08/04/19 04:00:00 PM,30.091,92.336,,,,,
16778,08/04/19 04:05:00 PM,29.991,92.312,,,,,
16779,08/04/19 04:10:00 PM,30.041,92.491,,,,,
16780,08/04/19 04:15:00 PM,29.991,92.646,,,,,
16781,08/04/19 04:20:00 PM,30.016,92.040,,,,,
16782,08/04/19 04:25:00 PM,30.016,92.457,,,,,
16783,08/04/19 04:30:00 PM,29.890,92.510,,,,,
16784,08/04/19 04:35:00 PM,29.941,92.189,,,,,
16785,08/04/19 04:40:00 PM,30.066,92.275,,,,,
16786,08/04/19 04:45:00 PM,30.016,91.984,,,,,
16787,08/04/19 04:50:00 PM,30.091,91.556,,,,,
16788,08/04/19 04:55:00 PM,30.091,91.946,,,,,
16789,08/04/19 05:00:00 PM,30.142,91.679,,,,,
16790,08/04/19 05:05:00 PM,30.369,89.940,,,,,
16791,08/04/19 05:10:00 PM,30.444,91.221,,,,,
16792,08/04/19 05:15:00 PM,30.243,91.648,,,,,
16793,08/04/19 05:20:00 PM,29.966,91.972,,,,,
16794,08/04/19 05:25:00 PM,29.865,91.446,,,,,
16795,08/04/19 05:30:00 PM,30.142,91.176,,,,,
16796,08/04/19 05:35:00 PM,30.571,90.437,,,,,
16797,08/04/19 05:40:00 PM,30.900,90.093,,,,,
16798,08/04/19 05:45:00 PM,31.001,89.609,,,,,
16799,08/04/19 05:50:00 PM,31.052,89.734,,,,,
16800,08/04/19 05:55:00 PM,31.001,89.467,,,,,
16801,08/04/19 06:00:00 PM,30.925,89.506,,,,,
16802,08/04/19 06:05:00 PM,30.798,89.759,,,,,
16803,08/04/19 06:10:00 PM,30.545,90.544,,,,,
16804,08/04/19 06:15:00 PM,30.243,90.556,,,,,
16805,08/04/19 06:20:00 PM,30.117,90.863,,,,,
16806,08/04/19 06:25:00 PM,30.066,91.047,,,,,
16807,08/04/19 06:30:00 PM,30.041,91.376,,,,,
16808,08/04/19 06:35:00 PM,29.991,91.364,,,,,
16809,08/04/19 06:40:00 PM,29.865,91.725,,,,,
16810,08/04/19 06:45:00 PM,29.740,91.862,,,,,
16811,08/04/19 06:50:00 PM,29.665,91.955,,,,,
16812,08/04/19 06:55:00 PM,29.615,92.110,,,,,
16813,08/04/19 07:00:00 PM,29.540,92.397,,,,,
16814,08/04/19 07:05:00 PM,29.439,92.900,,,,,
16815,08/04/19 07:10:00 PM,29.389,92.610,,,,,
16816,08/04/19 07:15:00 PM,29.290,93.029,,,,,
16817,08/04/19 07:20:00 PM,29.240,93.542,,,,,
16818,08/04/19 07:25:00 PM,29.165,93.551,,,,,
16819,08/04/19 07:30:00 PM,29.140,93.931,,,,,
16820,08/04/19 07:35:00 PM,29.115,94.035,,,,,
16821,08/04/19 07:40:00 PM,29.090,94.304,,,,,
16822,08/04/19 07:45:00 PM,29.065,94.380,,,,,
16823,08/04/19 07:50:00 PM,28.990,94.664,,,,,
16824,08/04/19 07:55:00 PM,28.916,94.755,,,,,
16825,08/04/19 08:00:00 PM,28.841,95.065,,,,,
16826,08/04/19 08:05:00 PM,28.742,94.985,,,,,
16827,08/04/19 08:10:00 PM,28.617,95.337,,,,,
16828,08/04/19 08:15:00 PM,28.468,95.573,,,,,
16829,08/04/19 08:20:00 PM,28.320,95.862,,,,,
16830,08/04/19 08:25:00 PM,28.196,96.266,,,,,
16831,08/04/19 08:30:00 PM,28.097,96.566,,,,,
16832,08/04/19 08:35:00 PM,27.998,96.812,,,,,
16833,08/04/19 08:40:00 PM,27.899,97.003,,,,,
16834,08/04/19 08:45:00 PM,27.801,97.194,,,,,
16835,08/04/19 08:50:00 PM,27.702,97.277,,,,,
16836,08/04/19 08:55:00 PM,27.579,97.569,,,,,
16837,08/04/19 09:00:00 PM,27.505,97.819,,,,,
16838,08/04/19 09:05:00 PM,27.431,98.015,,,,,
16839,08/04/19 09:10:00 PM,27.333,98.070,,,,,
16840,08/04/19 09:15:00 PM,27.235,98.312,,,,,
16841,08/04/19 09:20:00 PM,27.161,98.695,,,,,
16842,08/04/19 09:25:00 PM,27.087,98.836,,,,,
16843,08/04/19 09:30:00 PM,27.014,98.977,,,,,
16844,08/04/19 09:35:00 PM,26.940,99.118,,,,,
16845,08/04/19 09:40:00 PM,26.867,99.205,,,,,
16846,08/04/19 09:45:00 PM,26.818,99.352,,,,,
16847,08/04/19 09:50:00 PM,26.769,99.499,,,,,
16848,08/04/19 09:55:00 PM,26.720,99.593,,,,,
16849,08/04/19 10:00:00 PM,26.671,99.713,,,,,
16850,08/04/19 10:05:00 PM,26.646,99.839,,,,,
16851,08/04/19 10:10:00 PM,26.646,99.892,,,,,
16852,08/04/19 10:15:00 PM,26.671,99.952,,,,,
16853,08/04/19 10:20:00 PM,26.695,100.000,,,,,
16854,08/04/19 10:25:00 PM,26.695,100.000,,,,,
16855,08/04/19 10:30:00 PM,26.671,100.000,,,,,
16856,08/04/19 10:35:00 PM,26.622,100.000,,,,,
16857,08/04/19 10:40:00 PM,26.573,100.000,,,,,
16858,08/04/19 10:45:00 PM,26.524,100.000,,,,,
16859,08/04/19 10:50:00 PM,26.475,100.000,,,,,
16860,08/04/19 10:55:00 PM,26.402,100.000,,,,,
16861,08/04/19 11:00:00 PM,26.304,100.000,,,,,
16862,08/04/19 11:05:00 PM,26.256,100.000,,,,,
16863,08/04/19 11:10:00 PM,26.182,100.000,,,,,
16864,08/04/19 11:15:00 PM,26.109,100.000,,,,,
16865,08/04/19 11:20:00 PM,26.036,100.000,,,,,
16866,08/04/19 11:25:00 PM,25.963,100.000,,,,,
16867,08/04/19 11:30:00 PM,25.890,100.000,,,,,
16868,08/04/19 11:35:00 PM,25.817,100.000,,,,,
16869,08/04/19 11:40:00 PM,25.720,100.000,,,,,
16870,08/04/19 11:45:00 PM,25.623,100.000,,,,,
16871,08/04/19 11:50:00 PM,25.574,100.000,,,,,
16872,08/04/19 11:55:00 PM,25.501,100.000,,,,,
16873,08/05/19 12:00:00 AM,25.428,100.000,,,,,
16874,08/05/19 12:05:00 AM,25.355,100.000,,,,,
16875,08/05/19 12:10:00 AM,25.307,100.000,,,,,
16876,08/05/19 12:15:00 AM,25.283,100.000,,,,,
16877,08/05/19 12:20:00 AM,25.234,100.000,,,,,
16878,08/05/19 12:25:00 AM,25.186,100.000,,,,,
16879,08/05/19 12:30:00 AM,25.137,100.000,,,,,
16880,08/05/19 12:35:00 AM,25.113,100.000,,,,,
16881,08/05/19 12:40:00 AM,25.089,100.000,,,,,
16882,08/05/19 12:45:00 AM,25.016,100.000,,,,,
16883,08/05/19 12:50:00 AM,24.968,100.000,,,,,
16884,08/05/19 12:55:00 AM,24.895,100.000,,,,,
16885,08/05/19 01:00:00 AM,24.871,100.000,,,,,
16886,08/05/19 01:05:00 AM,24.847,100.000,,,,,
16887,08/05/19 01:10:00 AM,24.798,100.000,,,,,
16888,08/05/19 01:15:00 AM,24.774,100.000,,,,,
16889,08/05/19 01:20:00 AM,24.726,100.000,,,,,
16890,08/05/19 01:25:00 AM,24.629,100.000,,,,,
16891,08/05/19 01:30:00 AM,24.532,100.000,,,,,
16892,08/05/19 01:35:00 AM,24.484,100.000,,,,,
16893,08/05/19 01:40:00 AM,24.484,100.000,,,,,
16894,08/05/19 01:45:00 AM,24.436,100.000,,,,,
16895,08/05/19 01:50:00 AM,24.388,100.000,,,,,
16896,08/05/19 01:55:00 AM,24.339,100.000,,,,,
16897,08/05/19 02:00:00 AM,24.291,100.000,,,,,
16898,08/05/19 02:05:00 AM,24.267,100.000,,,,,
16899,08/05/19 02:10:00 AM,24.219,100.000,,,,,
16900,08/05/19 02:15:00 AM,24.171,100.000,,,,,
16901,08/05/19 02:20:00 AM,24.146,100.000,,,,,
16902,08/05/19 02:25:00 AM,24.171,100.000,,,,,
16903,08/05/19 02:30:00 AM,24.171,100.000,,,,,
16904,08/05/19 02:35:00 AM,24.122,100.000,,,,,
16905,08/05/19 02:40:00 AM,24.074,100.000,,,,,
16906,08/05/19 02:45:00 AM,24.074,100.000,,,,,
16907,08/05/19 02:50:00 AM,24.026,100.000,,,,,
16908,08/05/19 02:55:00 AM,23.978,100.000,,,,,
16909,08/05/19 03:00:00 AM,23.954,100.000,,,,,
16910,08/05/19 03:05:00 AM,23.954,100.000,,,,,
16911,08/05/19 03:10:00 AM,23.905,100.000,,,,,
16912,08/05/19 03:15:00 AM,23.881,100.000,,,,,
16913,08/05/19 03:20:00 AM,23.857,100.000,,,,,
16914,08/05/19 03:25:00 AM,23.785,100.000,,,,,
16915,08/05/19 03:30:00 AM,23.689,100.000,,,,,
16916,08/05/19 03:35:00 AM,23.689,100.000,,,,,
16917,08/05/19 03:40:00 AM,23.689,100.000,,,,,
16918,08/05/19 03:45:00 AM,23.665,100.000,,,,,
16919,08/05/19 03:50:00 AM,23.617,100.000,,,,,
16920,08/05/19 03:55:00 AM,23.569,100.000,,,,,
16921,08/05/19 04:00:00 AM,23.593,100.000,,,,,
16922,08/05/19 04:05:00 AM,23.569,100.000,,,,,
16923,08/05/19 04:10:00 AM,23.545,100.000,,,,,
16924,08/05/19 04:15:00 AM,23.569,100.000,,,,,
16925,08/05/19 04:20:00 AM,23.569,100.000,,,,,
16926,08/05/19 04:25:00 AM,23.521,100.000,,,,,
16927,08/05/19 04:30:00 AM,23.448,100.000,,,,,
16928,08/05/19 04:35:00 AM,23.400,100.000,,,,,
16929,08/05/19 04:40:00 AM,23.376,100.000,,,,,
16930,08/05/19 04:45:00 AM,23.424,100.000,,,,,
16931,08/05/19 04:50:00 AM,23.424,100.000,,,,,
16932,08/05/19 04:55:00 AM,23.376,100.000,,,,,
16933,08/05/19 05:00:00 AM,23.352,100.000,,,,,
16934,08/05/19 05:05:00 AM,23.376,100.000,,,,,
16935,08/05/19 05:10:00 AM,23.304,100.000,,,,,
16936,08/05/19 05:15:00 AM,23.256,100.000,,,,,
16937,08/05/19 05:20:00 AM,23.232,100.000,,,,,
16938,08/05/19 05:25:00 AM,23.232,100.000,,,,,
16939,08/05/19 05:30:00 AM,23.232,100.000,,,,,
16940,08/05/19 05:35:00 AM,23.232,100.000,,,,,
16941,08/05/19 05:40:00 AM,23.232,100.000,,,,,
16942,08/05/19 05:45:00 AM,23.160,100.000,,,,,
16943,08/05/19 05:50:00 AM,23.088,100.000,,,,,
16944,08/05/19 05:55:00 AM,23.016,100.000,,,,,
16945,08/05/19 06:00:00 AM,22.968,100.000,,,,,
16946,08/05/19 06:05:00 AM,22.944,100.000,,,,,
16947,08/05/19 06:10:00 AM,22.920,100.000,,,,,
16948,08/05/19 06:15:00 AM,22.896,100.000,,,,,
16949,08/05/19 06:20:00 AM,22.872,100.000,,,,,
16950,08/05/19 06:25:00 AM,22.848,100.000,,,,,
16951,08/05/19 06:30:00 AM,22.872,100.000,,,,,
16952,08/05/19 06:35:00 AM,22.872,100.000,,,,,
16953,08/05/19 06:40:00 AM,22.920,100.000,,,,,
16954,08/05/19 06:45:00 AM,22.968,100.000,,,,,
16955,08/05/19 06:50:00 AM,22.992,100.000,,,,,
16956,08/05/19 06:55:00 AM,22.992,100.000,,,,,
16957,08/05/19 07:00:00 AM,22.992,100.000,,,,,
16958,08/05/19 07:05:00 AM,22.992,100.000,,,,,
16959,08/05/19 07:10:00 AM,22.992,100.000,,,,,
16960,08/05/19 07:15:00 AM,22.992,100.000,,,,,
16961,08/05/19 07:20:00 AM,22.992,100.000,,,,,
16962,08/05/19 07:25:00 AM,23.016,100.000,,,,,
16963,08/05/19 07:30:00 AM,23.040,100.000,,,,,
16964,08/05/19 07:35:00 AM,23.040,100.000,,,,,
16965,08/05/19 07:40:00 AM,23.040,100.000,,,,,
16966,08/05/19 07:45:00 AM,23.088,100.000,,,,,
16967,08/05/19 07:50:00 AM,23.136,100.000,,,,,
16968,08/05/19 07:55:00 AM,23.256,100.000,,,,,
16969,08/05/19 08:00:00 AM,23.352,100.000,,,,,
16970,08/05/19 08:05:00 AM,23.472,100.000,,,,,
16971,08/05/19 08:10:00 AM,23.617,100.000,,,,,
16972,08/05/19 08:15:00 AM,23.761,100.000,,,,,
16973,08/05/19 08:20:00 AM,23.905,100.000,,,,,
16974,08/05/19 08:25:00 AM,24.026,100.000,,,,,
16975,08/05/19 08:30:00 AM,24.195,100.000,,,,,
16976,08/05/19 08:35:00 AM,24.460,100.000,,,,,
16977,08/05/19 08:40:00 AM,24.677,100.000,,,,,
16978,08/05/19 08:45:00 AM,24.919,100.000,,,,,
16979,08/05/19 08:50:00 AM,25.186,100.000,,,,,
16980,08/05/19 08:55:00 AM,25.355,100.000,,,,,
16981,08/05/19 09:00:00 AM,25.428,100.000,,,,,
16982,08/05/19 09:05:00 AM,25.525,100.000,,,,,
16983,08/05/19 09:10:00 AM,25.550,100.000,,,,,
16984,08/05/19 09:15:00 AM,25.574,100.000,,,,,
16985,08/05/19 09:20:00 AM,25.647,100.000,,,,,
16986,08/05/19 09:25:00 AM,25.671,100.000,,,,,
16987,08/05/19 09:30:00 AM,25.695,100.000,,,,,
16988,08/05/19 09:35:00 AM,25.768,100.000,,,,,
16989,08/05/19 09:40:00 AM,25.841,100.000,,,,,
16990,08/05/19 09:45:00 AM,25.890,100.000,,,,,
16991,08/05/19 09:50:00 AM,26.012,100.000,,,,,
16992,08/05/19 09:55:00 AM,26.085,100.000,,,,,
16993,08/05/19 10:00:00 AM,26.134,100.000,,,,,
16994,08/05/19 10:05:00 AM,26.231,100.000,,,,,
16995,08/05/19 10:10:00 AM,26.353,100.000,,,,,
16996,08/05/19 10:15:00 AM,26.451,100.000,,,,,
16997,08/05/19 10:20:00 AM,26.549,100.000,,,,,
16998,08/05/19 10:25:00 AM,26.573,100.000,,,,,
16999,08/05/19 10:30:00 AM,26.646,100.000,,,,,
17000,08/05/19 10:35:00 AM,26.598,100.000,,,,,
17001,08/05/19 10:40:00 AM,26.549,100.000,,,,,
17002,08/05/19 10:45:00 AM,26.573,100.000,,,,,
17003,08/05/19 10:50:00 AM,26.573,100.000,,,,,
17004,08/05/19 10:55:00 AM,26.622,100.000,,,,,
17005,08/05/19 11:00:00 AM,26.646,100.000,,,,,
17006,08/05/19 11:05:00 AM,26.720,100.000,,,,,
17007,08/05/19 11:10:00 AM,26.867,100.000,,,,,
17008,08/05/19 11:15:00 AM,27.038,100.000,,,,,
17009,08/05/19 11:20:00 AM,27.210,100.000,,,,,
17010,08/05/19 11:25:00 AM,27.579,100.000,,,,,
17011,08/05/19 11:30:00 AM,28.196,100.000,,,,,
17012,08/05/19 11:35:00 AM,28.468,99.469,,,,,
17013,08/05/19 11:40:00 AM,28.543,98.790,,,,,
17014,08/05/19 11:45:00 AM,28.617,98.728,,,,,
17015,08/05/19 11:50:00 AM,28.667,98.121,,,,,
17016,08/05/19 11:55:00 AM,28.692,97.938,,,,,
17017,08/05/19 12:00:00 PM,28.717,97.268,,,,,
17018,08/05/19 12:05:00 PM,28.717,97.268,,,,,
17019,08/05/19 12:10:00 PM,28.717,97.105,,,,,
17020,08/05/19 12:15:00 PM,28.742,96.867,,,,,
17021,08/05/19 12:20:00 PM,28.791,96.227,,,,,
17022,08/05/19 12:25:00 PM,28.941,95.910,,,,,
17023,08/05/19 12:30:00 PM,28.965,96.026,,,,,
17024,08/05/19 12:35:00 PM,28.990,95.677,,,,,
17025,08/05/19 12:40:00 PM,29.090,95.484,,,,,
17026,08/05/19 12:45:00 PM,29.090,95.182,,,,,
17027,08/05/19 12:50:00 PM,29.165,94.927,,,,,
17028,08/05/19 12:55:00 PM,29.340,94.531,,,,,
17029,08/05/19 01:00:00 PM,29.540,93.920,,,,,
17030,08/05/19 01:05:00 PM,29.665,93.232,,,,,
17031,08/05/19 01:10:00 PM,29.865,93.558,,,,,
17032,08/05/19 01:15:00 PM,30.041,91.990,,,,,
17033,08/05/19 01:20:00 PM,30.192,91.692,,,,,
17034,08/05/19 01:25:00 PM,30.343,91.001,,,,,
17035,08/05/19 01:30:00 PM,30.495,90.812,,,,,
17036,08/05/19 01:35:00 PM,30.722,90.304,,,,,
17037,08/05/19 01:40:00 PM,30.874,89.438,,,,,
17038,08/05/19 01:45:00 PM,31.153,81.316,,,,,
17039,08/05/19 01:50:00 PM,31.970,72.600,,,,,
17040,08/05/19 01:55:00 PM,32.510,68.435,,,,,
17041,08/05/19 02:00:00 PM,33.626,74.543,,,,,
17042,08/05/19 02:05:00 PM,35.555,72.904,,,,,
17043,08/05/19 02:10:00 PM,36.661,71.513,,,,,
17044,08/05/19 02:15:00 PM,37.206,69.540,,,,,
17045,08/05/19 02:20:00 PM,37.563,69.074,,,,,
17046,08/05/19 02:25:00 PM,37.783,68.083,,,,,
17047,08/05/19 02:30:00 PM,37.921,67.293,,,,,
17048,08/05/19 02:35:00 PM,37.921,66.352,,,,,
17049,08/05/19 02:40:00 PM,37.645,64.920,,,,,
17050,08/05/19 02:45:00 PM,37.096,65.019,,,,,
17051,08/05/19 02:50:00 PM,36.389,65.091,,,,,
17052,08/05/19 02:55:00 PM,35.395,65.896,,,,,
17053,08/05/19 03:00:00 PM,33.940,66.180,,,,,
17054,08/05/19 03:05:00 PM,32.458,66.949,,,,,
17055,08/05/19 03:10:00 PM,31.255,67.939,,,,,
17056,08/05/19 03:15:00 PM,30.243,68.585,,,,,
17057,08/05/19 03:20:00 PM,29.290,69.599,,,,,
17058,08/05/19 03:25:00 PM,28.742,70.224,,,,,
17059,08/05/19 03:30:00 PM,28.419,70.436,,,,,
17060,08/05/19 03:35:00 PM,28.221,70.400,,,,,
17061,08/05/19 03:40:00 PM,28.072,70.253,,,,,
17062,08/05/19 03:45:00 PM,27.949,70.020,,,,,
17063,08/05/19 03:50:00 PM,27.825,69.907,,,,,
17064,08/05/19 03:55:00 PM,27.702,69.704,,,,,
17065,08/05/19 04:00:00 PM,27.579,69.562,,,,,
17066,08/05/19 04:05:00 PM,27.431,69.445,,,,,
17067,08/05/19 04:10:00 PM,27.284,75.428,,,,,
17068,08/05/19 04:15:00 PM,26.965,81.124,,,,,
17069,08/05/19 04:20:00 PM,26.573,83.358,,,,,
17070,08/05/19 04:25:00 PM,26.231,84.532,,,,,
17071,08/05/19 04:30:00 PM,25.963,85.686,,,,,
17072,08/05/19 04:35:00 PM,25.793,86.687,,,,,
17073,08/05/19 04:40:00 PM,25.671,87.498,,,,,
17074,08/05/19 04:45:00 PM,25.598,88.010,,,,,
17075,08/05/19 04:50:00 PM,25.550,88.055,,,,,
17076,08/05/19 04:55:00 PM,25.477,88.010,,,,,
17077,08/05/19 05:00:00 PM,25.355,87.815,,,,,
17078,08/05/19 05:05:00 PM,25.234,87.703,,,,,
17079,08/05/19 05:10:00 PM,25.113,87.703,,,,,
17080,08/05/19 05:15:00 PM,24.992,87.591,,,,,
17081,08/05/19 05:20:00 PM,24.847,87.752,,,,,
17082,08/05/19 05:25:00 PM,24.750,88.451,,,,,
17083,08/05/19 05:30:00 PM,24.750,89.170,,,,,
17084,08/05/19 05:35:00 PM,24.823,89.795,,,,,
17085,08/05/19 05:40:00 PM,24.968,90.270,,,,,
17086,08/05/19 05:45:00 PM,25.210,90.933,,,,,
17087,08/05/19 05:50:00 PM,25.525,91.230,,,,,
17088,08/05/19 05:55:00 PM,25.987,90.736,,,,,
17089,08/05/19 06:00:00 PM,26.573,90.046,,,,,
17090,08/05/19 06:05:00 PM,27.161,89.101,,,,,
17091,08/05/19 06:10:00 PM,27.727,88.226,,,,,
17092,08/05/19 06:15:00 PM,28.270,87.254,,,,,
17093,08/05/19 06:20:00 PM,28.742,86.343,,,,,
17094,08/05/19 06:25:00 PM,29.190,85.448,,,,,
17095,08/05/19 06:30:00 PM,29.590,84.822,,,,,
17096,08/05/19 06:35:00 PM,29.991,84.452,,,,,
17097,08/05/19 06:40:00 PM,30.394,82.926,,,,,
17098,08/05/19 06:45:00 PM,30.697,82.354,,,,,
17099,08/05/19 06:50:00 PM,30.849,81.950,,,,,
17100,08/05/19 06:55:00 PM,30.900,81.641,,,,,
17101,08/05/19 07:00:00 PM,30.925,81.471,,,,,
17102,08/05/19 07:05:00 PM,30.900,81.408,,,,,
17103,08/05/19 07:10:00 PM,30.849,81.455,,,,,
17104,08/05/19 07:15:00 PM,30.798,81.503,,,,,
17105,08/05/19 07:20:00 PM,30.748,81.521,,,,,
17106,08/05/19 07:25:00 PM,30.697,81.540,,,,,
17107,08/05/19 07:30:00 PM,30.646,81.616,,,,,
17108,08/05/19 07:35:00 PM,30.596,81.693,,,,,
17109,08/05/19 07:40:00 PM,30.545,81.798,,,,,
17110,08/05/19 07:45:00 PM,30.495,81.788,,,,,
17111,08/05/19 07:50:00 PM,30.419,81.830,,,,,
17112,08/05/19 07:55:00 PM,30.369,81.877,,,,,
17113,08/05/19 08:00:00 PM,30.293,81.919,,,,,
17114,08/05/19 08:05:00 PM,30.217,81.990,,,,,
17115,08/05/19 08:10:00 PM,30.142,81.974,,,,,
17116,08/05/19 08:15:00 PM,30.066,82.045,,,,,
17117,08/05/19 08:20:00 PM,29.991,82.087,,,,,
17118,08/05/19 08:25:00 PM,29.916,82.100,,,,,
17119,08/05/19 08:30:00 PM,29.815,82.194,,,,,
17120,08/05/19 08:35:00 PM,29.740,82.294,,,,,
17121,08/05/19 08:40:00 PM,29.640,82.359,,,,,
17122,08/05/19 08:45:00 PM,29.565,82.429,,,,,
17123,08/05/19 08:50:00 PM,29.464,82.379,,,,,
17124,08/05/19 08:55:00 PM,29.389,81.958,,,,,
17125,08/05/19 09:00:00 PM,29.290,81.937,,,,,
17126,08/05/19 09:05:00 PM,29.190,81.944,,,,,
17127,08/05/19 09:10:00 PM,29.115,81.957,,,,,
17128,08/05/19 09:15:00 PM,29.040,81.970,,,,,
17129,08/05/19 09:20:00 PM,28.965,81.983,,,,,
17130,08/05/19 09:25:00 PM,28.891,82.054,,,,,
17131,08/05/19 09:30:00 PM,28.841,82.043,,,,,
17132,08/05/19 09:35:00 PM,28.791,82.004,,,,,
17133,08/05/19 09:40:00 PM,28.717,82.045,,,,,
17134,08/05/19 09:45:00 PM,28.667,82.064,,,,,
17135,08/05/19 09:50:00 PM,28.617,82.082,,,,,
17136,08/05/19 09:55:00 PM,28.568,82.071,,,,,
17137,08/05/19 10:00:00 PM,28.518,82.147,,,,,
17138,08/05/19 10:05:00 PM,28.493,82.142,,,,,
17139,08/05/19 10:10:00 PM,28.444,82.160,,,,,
17140,08/05/19 10:15:00 PM,28.394,82.149,,,,,
17141,08/05/19 10:20:00 PM,28.320,82.162,,,,,
17142,08/05/19 10:25:00 PM,28.270,82.180,,,,,
17143,08/05/19 10:30:00 PM,28.221,82.227,,,,,
17144,08/05/19 10:35:00 PM,28.147,82.297,,,,,
17145,08/05/19 10:40:00 PM,28.122,82.292,,,,,
17146,08/05/19 10:45:00 PM,28.072,82.310,,,,,
17147,08/05/19 10:50:00 PM,28.048,82.334,,,,,
17148,08/05/19 10:55:00 PM,27.998,82.352,,,,,
17149,08/05/19 11:00:00 PM,27.949,82.341,,,,,
17150,08/05/19 11:05:00 PM,27.924,82.365,,,,,
17151,08/05/19 11:10:00 PM,27.875,82.325,,,,,
17152,08/05/19 11:15:00 PM,27.825,82.372,,,,,
17153,08/05/19 11:20:00 PM,27.776,82.419,,,,,
17154,08/05/19 11:25:00 PM,27.727,82.408,,,,,
17155,08/05/19 11:30:00 PM,27.653,82.450,,,,,
17156,08/05/19 11:35:00 PM,27.604,82.468,,,,,
17157,08/05/19 11:40:00 PM,27.554,82.486,,,,,
17158,08/05/19 11:45:00 PM,27.481,82.441,,,,,
17159,08/05/19 11:50:00 PM,27.431,82.917,,,,,
17160,08/05/19 11:55:00 PM,27.382,83.307,,,,,
17161,08/06/19 12:00:00 AM,27.358,83.359,,,,,
17162,08/06/19 12:05:00 AM,27.333,83.325,,,,,
17163,08/06/19 12:10:00 AM,27.358,83.416,,,,,
17164,08/06/19 12:15:00 AM,27.431,83.575,,,,,
17165,08/06/19 12:20:00 AM,27.530,83.568,,,,,
17166,08/06/19 12:25:00 AM,27.653,83.566,,,,,
17167,08/06/19 12:30:00 AM,27.751,83.559,,,,,
17168,08/06/19 12:35:00 AM,27.875,83.529,,,,,
17169,08/06/19 12:40:00 AM,27.998,83.499,,,,,
17170,08/06/19 12:45:00 AM,28.097,83.492,,,,,
17171,08/06/19 12:50:00 AM,28.196,83.542,,,,,
17172,08/06/19 12:55:00 AM,28.245,83.610,,,,,
17173,08/06/19 01:00:00 AM,28.295,83.707,,,,,
17174,08/06/19 01:05:00 AM,28.295,83.793,,,,,
17175,08/06/19 01:10:00 AM,28.295,83.879,,,,,
17176,08/06/19 01:15:00 AM,28.295,83.936,,,,,
17177,08/06/19 01:20:00 AM,28.295,83.993,,,,,
17178,08/06/19 01:25:00 AM,28.270,84.073,,,,,
17179,08/06/19 01:30:00 AM,28.221,84.062,,,,,
17180,08/06/19 01:35:00 AM,28.171,83.994,,,,,
17181,08/06/19 01:40:00 AM,28.122,83.869,,,,,
17182,08/06/19 01:45:00 AM,28.072,83.858,,,,,
17183,08/06/19 01:50:00 AM,28.023,83.876,,,,,
17184,08/06/19 01:55:00 AM,27.949,83.831,,,,,
17185,08/06/19 02:00:00 AM,27.899,83.849,,,,,
17186,08/06/19 02:05:00 AM,27.825,83.890,,,,,
17187,08/06/19 02:10:00 AM,27.751,83.873,,,,,
17188,08/06/19 02:15:00 AM,27.702,83.834,,,,,
17189,08/06/19 02:20:00 AM,27.628,83.818,,,,,
17190,08/06/19 02:25:00 AM,27.554,83.802,,,,,
17191,08/06/19 02:30:00 AM,27.505,83.791,,,,,
17192,08/06/19 02:35:00 AM,27.431,83.775,,,,,
17193,08/06/19 02:40:00 AM,27.358,83.758,,,,,
17194,08/06/19 02:45:00 AM,27.308,83.748,,,,,
17195,08/06/19 02:50:00 AM,27.210,83.783,,,,,
17196,08/06/19 02:55:00 AM,27.161,83.772,,,,,
17197,08/06/19 03:00:00 AM,27.063,83.751,,,,,
17198,08/06/19 03:05:00 AM,27.014,83.740,,,,,
17199,08/06/19 03:10:00 AM,26.940,83.781,,,,,
17200,08/06/19 03:15:00 AM,26.891,83.855,,,,,
17201,08/06/19 03:20:00 AM,26.818,83.782,,,,,
17202,08/06/19 03:25:00 AM,26.769,83.743,,,,,
17203,08/06/19 03:30:00 AM,26.720,83.732,,,,,
17204,08/06/19 03:35:00 AM,26.671,83.721,,,,,
17205,08/06/19 03:40:00 AM,26.622,83.710,,,,,
17206,08/06/19 03:45:00 AM,26.573,83.700,,,,,
17207,08/06/19 03:50:00 AM,26.524,83.660,,,,,
17208,08/06/19 03:55:00 AM,26.451,83.673,,,,,
17209,08/06/19 04:00:00 AM,26.402,83.690,,,,,
17210,08/06/19 04:05:00 AM,26.353,83.708,,,,,
17211,08/06/19 04:10:00 AM,26.280,83.692,,,,,
17212,08/06/19 04:15:00 AM,26.231,83.738,,,,,
17213,08/06/19 04:20:00 AM,26.182,83.727,,,,,
17214,08/06/19 04:25:00 AM,26.134,83.745,,,,,
17215,08/06/19 04:30:00 AM,26.085,83.763,,,,,
17216,08/06/19 04:35:00 AM,26.061,83.757,,,,,
17217,08/06/19 04:40:00 AM,26.012,83.775,,,,,
17218,08/06/19 04:45:00 AM,25.987,83.741,,,,,
17219,08/06/19 04:50:00 AM,25.963,83.736,,,,,
17220,08/06/19 04:55:00 AM,25.939,83.730,,,,,
17221,08/06/19 05:00:00 AM,25.890,83.748,,,,,
17222,08/06/19 05:05:00 AM,25.866,83.743,,,,,
17223,08/06/19 05:10:00 AM,25.841,83.709,,,,,
17224,08/06/19 05:15:00 AM,25.817,83.732,,,,,
17225,08/06/19 05:20:00 AM,25.793,83.726,,,,,
17226,08/06/19 05:25:00 AM,25.744,83.716,,,,,
17227,08/06/19 05:30:00 AM,25.720,83.739,,,,,
17228,08/06/19 05:35:00 AM,25.695,83.733,,,,,
17229,08/06/19 05:40:00 AM,25.671,83.756,,,,,
17230,08/06/19 05:45:00 AM,25.647,83.751,,,,,
17231,08/06/19 05:50:00 AM,25.623,83.746,,,,,
17232,08/06/19 05:55:00 AM,25.598,83.740,,,,,
17233,08/06/19 06:00:00 AM,25.574,83.735,,,,,
17234,08/06/19 06:05:00 AM,25.550,83.758,,,,,
17235,08/06/19 06:10:00 AM,25.501,83.775,,,,,
17236,08/06/19 06:15:00 AM,25.501,83.804,,,,,
17237,08/06/19 06:20:00 AM,25.453,83.765,,,,,
17238,08/06/19 06:25:00 AM,25.428,83.788,,,,,
17239,08/06/19 06:30:00 AM,25.404,83.839,,,,,
17240,08/06/19 06:35:00 AM,25.355,83.856,,,,,
17241,08/06/19 06:40:00 AM,25.331,83.879,,,,,
17242,08/06/19 06:45:00 AM,25.307,83.846,,,,,
17243,08/06/19 06:50:00 AM,25.258,83.863,,,,,
17244,08/06/19 06:55:00 AM,25.210,83.909,,,,,
17245,08/06/19 07:00:00 AM,25.186,83.989,,,,,
17246,08/06/19 07:05:00 AM,25.137,84.006,,,,,
17247,08/06/19 07:10:00 AM,25.089,83.995,,,,,
17248,08/06/19 07:15:00 AM,25.065,84.046,,,,,
17249,08/06/19 07:20:00 AM,25.016,84.064,,,,,
17250,08/06/19 07:25:00 AM,24.992,84.087,,,,,
17251,08/06/19 07:30:00 AM,24.968,84.138,,,,,
17252,08/06/19 07:35:00 AM,24.944,84.161,,,,,
17253,08/06/19 07:40:00 AM,24.919,84.155,,,,,
17254,08/06/19 07:45:00 AM,24.919,84.155,,,,,
17255,08/06/19 07:50:00 AM,24.919,84.155,,,,,
17256,08/06/19 07:55:00 AM,24.944,84.132,,,,,
17257,08/06/19 08:00:00 AM,24.968,84.110,,,,,
17258,08/06/19 08:05:00 AM,24.992,84.058,,,,,
17259,08/06/19 08:10:00 AM,25.040,84.041,,,,,
17260,08/06/19 08:15:00 AM,25.089,83.939,,,,,
17261,08/06/19 08:20:00 AM,25.162,83.842,,,,,
17262,08/06/19 08:25:00 AM,25.210,83.739,,,,,
17263,08/06/19 08:30:00 AM,25.307,83.591,,,,,
17264,08/06/19 08:35:00 AM,25.380,83.380,,,,,
17265,08/06/19 08:40:00 AM,25.477,83.231,,,,,
17266,08/06/19 08:45:00 AM,25.574,83.025,,,,,
17267,08/06/19 08:50:00 AM,25.695,82.825,,,,,
17268,08/06/19 08:55:00 AM,25.817,82.623,,,,,
17269,08/06/19 09:00:00 AM,25.963,82.370,,,,,
17270,08/06/19 09:05:00 AM,26.109,82.145,,,,,
17271,08/06/19 09:10:00 AM,26.256,81.919,,,,,
17272,08/06/19 09:15:00 AM,26.402,81.664,,,,,
17273,08/06/19 09:20:00 AM,26.598,81.419,,,,,
17274,08/06/19 09:25:00 AM,26.842,81.242,,,,,
17275,08/06/19 09:30:00 AM,27.210,80.975,,,,,
17276,08/06/19 09:35:00 AM,27.677,80.351,,,,,
17277,08/06/19 09:40:00 AM,28.147,79.928,,,,,
17278,08/06/19 09:45:00 AM,28.568,79.492,,,,,
17279,08/06/19 09:50:00 AM,28.965,79.196,,,,,
17280,08/06/19 09:55:00 AM,29.340,79.010,,,,,
17281,08/06/19 10:00:00 AM,29.640,78.837,,,,,
17282,08/06/19 10:05:00 AM,29.890,78.742,,,,,
17283,08/06/19 10:10:00 AM,30.091,78.754,,,,,
17284,08/06/19 10:15:00 AM,30.293,78.765,,,,,
17285,08/06/19 10:20:00 AM,30.469,78.684,,,,,
17286,08/06/19 10:25:00 AM,30.621,77.920,,,,,
17287,08/06/19 10:30:00 AM,30.824,78.196,,,,,
17288,08/06/19 10:35:00 AM,31.026,78.208,,,,,
17289,08/06/19 10:40:00 AM,31.204,78.126,,,,,
17290,08/06/19 10:45:00 AM,31.408,78.167,,,,,
17291,08/06/19 10:50:00 AM,31.714,77.874,,,,,
17292,08/06/19 10:55:00 AM,32.021,77.817,,,,,
17293,08/06/19 11:00:00 AM,32.253,78.012,,,,,
17294,08/06/19 11:05:00 AM,32.536,78.158,,,,,
17295,08/06/19 11:10:00 AM,33.001,78.103,,,,,
17296,08/06/19 11:15:00 AM,33.495,76.591,,,,,
17297,08/06/19 11:20:00 AM,33.809,77.370,,,,,
17298,08/06/19 11:25:00 AM,34.124,77.881,,,,,
17299,08/06/19 11:30:00 AM,34.360,77.300,,,,,
17300,08/06/19 11:35:00 AM,34.492,76.637,,,,,
17301,08/06/19 11:40:00 AM,34.624,75.760,,,,,
17302,08/06/19 11:45:00 AM,34.783,75.550,,,,,
17303,08/06/19 11:50:00 AM,34.836,74.804,,,,,
17304,08/06/19 11:55:00 AM,34.810,74.739,,,,,
17305,08/06/19 12:00:00 PM,34.730,74.935,,,,,
17306,08/06/19 12:05:00 PM,34.624,75.247,,,,,
17307,08/06/19 12:10:00 PM,34.229,72.109,,,,,
17308,08/06/19 12:15:00 PM,33.887,74.593,,,,,
17309,08/06/19 12:20:00 PM,33.626,74.663,,,,,
17310,08/06/19 12:25:00 PM,33.469,74.995,,,,,
17311,08/06/19 12:30:00 PM,33.417,75.586,,,,,
17312,08/06/19 12:35:00 PM,33.391,75.821,,,,,
17313,08/06/19 12:40:00 PM,33.417,75.946,,,,,
17314,08/06/19 12:45:00 PM,33.443,76.550,,,,,
17315,08/06/19 12:50:00 PM,33.469,76.705,,,,,
17316,08/06/19 12:55:00 PM,33.443,75.351,,,,,
17317,08/06/19 01:00:00 PM,33.469,76.226,,,,,
17318,08/06/19 01:05:00 PM,33.521,76.955,,,,,
17319,08/06/19 01:10:00 PM,33.574,77.443,,,,,
17320,08/06/19 01:15:00 PM,33.626,77.782,,,,,
17321,08/06/19 01:20:00 PM,33.678,78.031,,,,,
17322,08/06/19 01:25:00 PM,33.730,78.190,,,,,
17323,08/06/19 01:30:00 PM,33.757,78.344,,,,,
17324,08/06/19 01:35:00 PM,33.783,78.379,,,,,
17325,08/06/19 01:40:00 PM,33.783,78.052,,,,,
17326,08/06/19 01:45:00 PM,33.809,77.370,,,,,
17327,08/06/19 01:50:00 PM,33.809,77.161,,,,,
17328,08/06/19 01:55:00 PM,33.835,76.178,,,,,
17329,08/06/19 02:00:00 PM,33.730,69.541,,,,,
17330,08/06/19 02:05:00 PM,33.521,68.674,,,,,
17331,08/06/19 02:10:00 PM,33.235,67.700,,,,,
17332,08/06/19 02:15:00 PM,32.924,66.937,,,,,
17333,08/06/19 02:20:00 PM,32.458,48.623,,,,,
17334,08/06/19 02:25:00 PM,30.773,47.041,,,,,
17335,08/06/19 02:30:00 PM,29.240,48.769,,,,,
17336,08/06/19 02:35:00 PM,28.147,50.337,,,,,
17337,08/06/19 02:40:00 PM,27.481,51.848,,,,,
17338,08/06/19 02:45:00 PM,27.087,52.750,,,,,
17339,08/06/19 02:50:00 PM,26.769,53.118,,,,,
17340,08/06/19 02:55:00 PM,26.622,53.826,,,,,
17341,08/06/19 03:00:00 PM,26.549,54.321,,,,,
17342,08/06/19 03:05:00 PM,26.475,54.121,,,,,
17343,08/06/19 03:10:00 PM,26.402,54.269,,,,,
17344,08/06/19 03:15:00 PM,26.402,54.710,,,,,
17345,08/06/19 03:20:00 PM,26.402,54.332,,,,,
17346,08/06/19 03:25:00 PM,26.378,54.234,,,,,
17347,08/06/19 03:30:00 PM,26.378,54.549,,,,,
17348,08/06/19 03:35:00 PM,26.426,54.714,,,,,
17349,08/06/19 03:40:00 PM,26.549,54.384,,,,,
17350,08/06/19 03:45:00 PM,26.671,54.654,,,,,
17351,08/06/19 03:50:00 PM,26.842,54.552,,,,,
17352,08/06/19 03:55:00 PM,26.916,54.057,,,,,
17353,08/06/19 04:00:00 PM,26.965,54.443,,,,,
17354,08/06/19 04:05:00 PM,27.112,54.591,,,,,
17355,08/06/19 04:10:00 PM,27.161,53.997,,,,,
17356,08/06/19 04:15:00 PM,27.136,53.042,,,,,
17357,08/06/19 04:20:00 PM,27.112,52.785,,,,,
17358,08/06/19 04:24:58 PM,,,,Logged,,,
17359,08/06/19 04:25:00 PM,27.136,53.201,,,,,
17360,08/06/19 04:25:05 PM,,,,,Logged,,
17361,08/06/19 04:25:11 PM,,,,,,Logged,Logged
